1432516799
1432500415
1475488983
1207047255
1207107911
1204822342
1171333910
1171464982
1154683414
1154548246
1154483766
1284847158
1284974102
3432392455
3432449799
3432318263
3435414821
3427034469
3422872957
3423057245
2370279260
2378536788
2374285172
2374281060
2374346725
2374866661
2271053479
2250081959
2252244919
2185136003
3258897795
3256803475
3256672419
3256672419
3239960803
3222986771
3223249155
3223187729
3225212709
3495741237
3495415317
3503801877
3298293269
3297207831
2244354567
2244351518
2235893294
2235827502
2220098606
2228495422
2228560910
3298239502
3315008526
3315027150
3351760031
3326594197
3322324373
3322392965
3322384773
3322786197
3326910885
3326911655
3343754470
3343822326
3343822806
3344957142
3613218550
1461536478
1461524126
1464407471
1598559407
1573658861
1574707421
1557995724
1414865245
1410601773
1142183727
1147010863
1172172094
1167916046
1167971342
1174393871
1163513871
1146867997
3301626652
3301656380
3301772844
3234663980
2162044476
2174627613
2191422733
2190950687
2190754271
2189738431
2190262703
2194457007
2181411246
2181477806
2181470111
2181537678
3255156686
3255152606
3595021790
3594956127
3596007375
3596064735
3591742463
3591758767
3608601519
3612767151
4116137455
4250158319
4252292207
4252298333
4251249677
4234652685
4234587149
4235640093
4235639871
3161824319
3159667773
3159748653
3159805997
3042857277
3051246425
3051241080
3042777640
3042708008
2975599144
2447186456
2447325704
2442999560
2442924808
2174489400
2174554924
2173178668
2173175597
2177372021
2177370965
2168998357
2169199477
2202729301
2211113941
2211180503
2210987479
2211241463
2211237351
2202918399
2169478655
2169486847
2169487327
2169479134
2203041694
2202906526
2186129342
2186133406
2252840350
2252840350
2248654238
2248342942
2265116062
2499997150
2618451422
2618368351
2622562575
2624790798
2362646798
2362515774
2362455086
2362512430
2362639422
2354255118
2354148687
2354150733
2303974728
2303978760
2336483592
2336483641
2403596589
2413026622
2413199646
2409070974
2411561454
2413593062
2405216743
2388435959
2384306933
2384110325
2250166997
2250162757
2522792261
2538914933
2547317861
2513762405
2513819773
2505488589
2501295557
2501375431
2635462086
2639778294
2648064486
3721819110
3721865126
3721670566
3713281958
3746638775
3746769879
3746766293
3746827733
3746829780
1584669172
1450467764
1450505140
1448403356
1985257868
1985798284
1971187912
343306328
1417051417
1349650971
1344408107
1344342571
1344289305
1344551432
3252689672
3248491800
3282043928
3282108680
3283222792
2207392536
2207458088
2207277868
2206491436
2210709797
2202321383
2169274806
2152567190
2152567198
2152570302
2152577982
2152184726
2152184470
2147940999
2147936967
2152099589
2203477765
2203477253
2195005748
2194944292
2193883428
2193948981
2193969461
2193973541
2210690341
2177125679
2177157439
2160380223
2160446783
2152713535
2169488671
2169488715
2169361755
2202916346
2202916330
2203055610
2203038206
2211426782
2177733002
2227745178
2227745210
2219359658
2216672190
2216602526
2216602319
2233380815
2266934669
2518070669
2518144157
2522337453
2522313135
2522309039
2522309054
2522179006
2522174894
2505557422
2488456662
3562203078
3564365574
3564234503
3564167957
3564169012
2490426660
3027363108
3042180132
3050556452
3083062325
3061964037
3061900631
2995840103
2463202407
2454785127
2450786533
2449738084
2449874228
2479242780
2475562508
2442921500
2174498364
2174494252
2174496301
2178682669
2211187517
2211203901
2202847615
2202917751
2203058167
2169485207
2169485207
2152575382
2160965014
2160965046
2152046006
2152176054
2214763446
2214788022
2231565206
2265115590
2249353991
2251451653
2264081669
2259755029
2260037669
2260070439
2241171491
2224390434
2627568930
2630716722
2630715762
3159329010
3155003634
3206453458
3054935235
3057025473
3056779840
3056730672
3056808484
3073388068
3041929772
3033541164
3046123837
2543061087
2459176014
2191459534
2191396942
2191470718
2212238702
2214331750
2180806102
2181035478
2179905494
2179969942
2171384759
2171377621
2172424149
2166332228
2149497668
2149559044
2166336276
2166271860
2166289877
2170475975
2169460118
2169247158
2165052838
2164995494
2169124278
2177510806
2177579407
2177378700
2168990172
2198350652
2182818588
2186942220
2191131404
2191000332
2208052012
2208047916
2208068908
2211204389
2211236135
2211301751
2211305847
2211314038
2202926070
2203057142
2203057110
2203024342
2203023862
2211314166
2211314166
2194521559
2194519447
2186129815
2202907029
2169483671
2152699287
2219810231
2219293110
2215098790
2215099318
2215033478
2216094407
2216061511
2234935813
2239049221
2280927012
2257857828
2257859620
2257990676
2258522132
2258587684
2258420772
2262617381
2195508517
2203896103
2202847527
2203044151
2169425207
2170477910
2178831702
2162062806
2153774482
2153774482
2153635218
2152521142
2152521142
2169298358
2202989974
2202973574
2270078406
2279451974
2279386886
2281484086
2273165094
2269089062
2267974967
2520681477
2654903300
2652568580
3726371860
3726257236
3726259348
3726587045
3743363495
3696632230
2086012822
2084966022
2084654726
2093018774
1556147943
3704679989
3706777364
3715136772
2674931988
2389784885
2398173485
2408659245
2408782125
2274565421
2274563373
2274428205
2274362671
2207534391
2211761463
2203946359
2206174071
2206047223
2189271031
2187313143
2187245463
2186257815
2186126743
2249045431
2231868823
3557203335
3556949382
3556965766
3557031830
3556960150
3556960198
3556960070
3712083726
3713068342
3721456934
3721652518
3699562774
3699559687
3703659783
3720443159
3721867351
3755348311
3755344371
3753248241
3719694241
3723759264
3713272480
3708824240
1561341568
1326657216
1326589888
1326522704
1330667617
1339088933
1339072549
3482365989
3482366293
3750793567
3750860126
3749944606
3749885998
3747059758
2536998954
2520680506
3594422283
3728645385
3728661768
3726437672
3726468392
3726582073
2588872763
2655981866
2655924526
2672693534
2630747406
2630764294
2626541142
2626478822
2626478757
2358040484
2363278752
2354859424
2352744880
2218134448
2216041168
2216049232
2220239408
2274699792
2257858048
2192844289
2192848689
2192852259
2197079334
2194983974
2186595366
2185611382
2182076534
2182084855
2202992087
2169437575
2161049479
2161088151
2160959159
2219155127
2219088567
2218834870
2214640551
2231483063
2232609477
2266163717
2266163717
2270293509
2261837109
2257646885
2256585765
2256585767
2256591911
2257636647
2278673702
2203176230
2170011954
2172043570
2153681234
2430513618
2430582230
2421726198
2501413590
2518399683
3055200963
3055200707
3055205379
3054096387
3053998323
3071816165
3021612005
3021612773
3036286656
2494237424
2494045024
2426943520
2427197476
2176597012
2210147333
2214339599
2206033390
2273133998
2273266094
2237601982
2233415838
2232236190
2215458958
2236512655
2236546444
2270623692
2270537676
2251597340
2255797804
2262084140
2259987244
2193074980
2197203813
2188807653
2205584887
2170455431
2162077575
2157817750
2161421990
2155126438
2150076146
2150012690
3223758098
3559302146
3559369730
3559369746
3693520914
3693521170
4247697922
4264463042
4264462978
1781386914
1793980067
1789747875
1790714531
1784423139
1762927350
1746150390
1746150630
1760888038
1756824806
2024934534
2025203846
1486170246
1501866118
1535424951
1518770647
1524014919
1515631878
1517729027
1566879779
207921185
476536864
477429792
472907808
403775520
402838304
1476565556
2136377924
2127989445
1991019141
1995213445
1982634629
1982640789
1982632621
1714205359
1714352815
3861275047
3865501863
3870815459
3870405651
3869286419
3874529287
3878724871
3828870710
3832998438
3841378854
3837119334
3841740002
2759611602
3829154962
3829335202
3828221106
3840803265
3836609216
3836678848
3856934592
4133760708
4129565412
3060009444
3063728236
2812078092
2778524936
3030183432
3048797769
3048797931
2507695851
2537117417
2520450541
3057533165
3078017036
3082199052
3082206268
3064236317
3064236559
3060050478
3055913582
3057553078
2805892742
2772353686
2754529190
2758722982
2762755558
2762743254
2762746818
2775329670
3878431126
3877976230
3844540582
1700923574
1705118878
1705129118
1705123982
1704992974
1688264910
882943246
815830558
816035358
820491803
812121625
807829001
1395015177
1378236729
1382418475
1382287402
1382025466
1382051018
1390534858
316833994
312639950
1407353311
1373807085
1357029757
1357088085
1348506724
1365310572
1361112172
1361542652
1399249404
1399316460
1944584060
1944584028
1910898652
1910824924
1894045436
1885722364
807736061
807744223
807875290
807870778
812068906
816133162
816580618
866936842
313305098
313305098
317495563
317562187
317620553
317620233
854491161
1919852585
1915723821
1647091749
3811353655
3761155351
3827744279
3827748407
2753907383
2754050727
2758093543
2767466087
2763796007
2898013486
2898013246
3183230014
3214416926
3143113742
2568567886
2572822638
3650758894
3633973500
3635939468
3640137868
1211902084
1209870468
152562564
185051012
168272775
437232598
445617142
462328255
462066093
496735404
1608034476
1597540536
1446623384
1446754712
1446689673
1383771787
1391376010
1923515034
1923462126
1927586158
1935974446
1667740734
1663540255
1663417373
1663347740
1663413268
1629942820
1629900836
1613103332
1613103268
1634665652
4058980285
4054125229
4104981167
3568114302
3568253454
3567856142
2225614350
2225612302
2225612334
2229847918
2238236158
2238227854
2238295439
2271980677
2267651477
2267778485
2272002037
2271932405
3345673943
3245076423
3245334471
3241069015
3240544727
3244752343
3244817861
3253122500
3253188036
1105573332
1097111012
1092654564
1361157604
1361231348
1361226964
1361308884
1394867412
1378024661
1378022869
1382282741
1382119399
1390442471
1390444518
1398898518
1399315798
1399282974
1399151902
862289182
870702367
1911019325
1890047788
1894118716
1885730076
1881502988
1881636621
1345134591
1345862318
1350044334
1356401342
1352207294
1352211886
1404579246
1386767583
1386864716
1122885892
1113948420
1109886260
1114027812
1378268964
1378198300
1399173900
1399304460
1365692440
1357365304
1349993528
1413351480
1413351480
1413356025
1417624507
1423186618
1435504282
1318078090
1318187658
1318319054
3469845358
3461390638
3323240742
3325468998
3325473222
3291397574
3228485766
3506358454
3501770918
3499948198
3499910318
3502007469
3538707628
3529774508
1378160572
1378160316
1378310908
1378246396
1378246157
1395027470
1348986638
1348985630
1357771310
3500995118
3232559678
3232618015
3232553831
3236715493
3296213412
3294111920
3294311568
3227136144
3235795408
3236872448
3228467460
3492783364
3492653844
3492784420
3513624868
3601836036
3601770500
3731735620
3727163828
3660133292
3660456620
3674088109
4223083178
4189332138
4239668650
4239718538
4235499722
4248676554
4013926474
4013795912
3997019720
3997151752
3996815880
3996799496
4012782120
4012782123
3991680362
3836479726
1688733866
1689782462
1956190366
1959607438
386753678
369467534
370647183
101884303
106148327
114397542
114393399
108114199
90371343
73563407
69601549
6687005
275126621
283589069
283212173
367063453
401667005
393253864
374378856
374382888
376479784
375513144
392343576
1440922904
1436719929
1470339882
1991281450
1989454314
2126817706
2118431898
2114359434
2097316238
2081571214
1949434767
1680938917
1680877223
1684041383
1692460963
1688254418
1705033666
1705028866
1705032979
1709227265
1696644353
1730327809
1730344707
3877789474
3844214562
3844280162
3848276322
3852536102
4020439318
4020374791
4003673861
4003472140
2124423948
2078286632
2032337192
2016870712
2014777624
2018778376
2026117385
948234521
952429897
952411593
969909195
1003406218
458933130
528106426
526254506
526328042
501031018
503132170
486289418
486350858
485437753
476984121
493753145
493819705
489477897
1026328328
1026330441
762159065
770291449
795456249
774484728
774616056
774549720
774549752
1781248232
1781047528
1781113256
1764405929
1828361899
1824168618
1824099002
3971787674
3967068314
3962939594
3979453642
4012949578
3996303402
4000768042
4007043114
4003373098
4003442984
4002198840
4022910216
3960075528
3960133592
3961144232
3896132520
3895396265
3915713962
3949009338
3957406138
3953211834
3936696794
3954519515
3920965321
3920981640
3904171656
3973885640
3961297560
3963402904
3963398872
3979652441
3979654171
4013391931
4012277818
4012294170
4012037162
3844270122
3982641518
3990964718
3970025982
3970160990
3986947342
3987857668
3983597828
3979436316
3946012988
3944878376
4012245864
4012313576
3982822312
3835960232
3835960232
3836042171
3836009354
3837048202
3834950090
3780419866
3793068350
3793150782
3792855862
3792832310
1645414178
1644171043
1648363813
1640053029
1635990836
1635855644
1635792140
562042124
562300172
566235404
1631671368
1635964136
1635974568
1619131800
3766524296
3762338184
3762399640
3762530712
3783432635
3783428522
3817245098
3801460138
3799295338
3794579754
3794719034
3811447050
1613635850
1613635851
1613439272
544159528
551292713
546048827
546048587
546119499
546060107
547108683
549196619
900469579
397357915
397308891
397341659
397276123
367850459
359453690
91026426
359527419
367948633
401503001
401535289
393109817
393175097
359424025
359448921
359448955
359485819
359657851
393212411
393213371
401520059
384808379
384611739
384603545
384151961
384151961
518369465
1055240441
1038528825
753317161
744927019
744925995
740796954
740597706
690258826
1780777866
1780777914
1780912554
3928405483
4000754985
2935466792
2952047128
2952048136
2943721992
2910229000
2893447736
2758705769
2766964202
2766964974
2758576366
2770651366
2787564758
3861307590
3861045390
3861012918
3865072549
3865064357
3890230189
3856741117
3857789533
1710302745
1706042889
1704994315
3835701001
3835767833
3835852808
3835873288
3853879304
3852241160
3889732104
3881536072
3873079881
4007301834
4009333226
3996688618
2922946794
2939740334
4012531886
4012511662
3861774782
3865510806
1717638070
1675703223
1675703191
1637954517
1621173085
1621173533
1621256457
1688660233
1688643855
1692764430
1684323102
1680129898
1814332394
1831109546
1865925546
1849050026
3996275626
3995235242
4007814570
4004539818
4004539881
4004570456
4021346568
3991986440
3962626376
3962598728
3962780776
3962714344
3970062569
3986836715
3886171258
3886235658
3881828366
4146073614
4280361006
4285669678
4256306990
4254205743
4153738815
4153743053
3617531529
3621666713
3621603736
3755755912
3613149576
3340557448
3608453528
3577127929
3579224617
4124484141
4119959101
3851459903
3885074495
3889272879
3994331183
3994332223
3994464271
4011233551
3977691951
3979493999
3962569455
3962573551
3964670635
3964666537
3838838713
3836811769
3836819736
4105386248
2494707976
2511677704
2276732680
2260001544
2192933640
2190967544
2191492009
2459734955
2531038126
3067910062
3071580078
2803154862
2805446142
2771825934
2771823886
2805116190
2938285099
4012108841
4011973673
3996243257
3996177785
4017213289
4016295785
4016295785
3982609275
4016111483
4016106847
4016301439
4016227679
4017275999
1836309591
1836182647
1836181735
1869867239
1868810615
1860422014
1860553086
1717623167
1717692799
1717824351
1700977503
1684261719
1685311319
1685454167
1685384703
1685122559
1692654079
1709689341
1743244285
1718995965
1719007965
1718741725
1735649887
3882995583
4016098687
4016108671
4016104575
3982714367
3974263799
3974251223
1818444375
1818575735
1818260855
1818258493
1826711613
3991033885
1860323593
1860618505
1852307785
3999591241
3999595497
3873753833
3873820393
3890597627
3882145499
3882152795
3882214250
3882279274
3848721770
3849837694
3849649278
3832834303
3832899839
3831908607
1617316351
1642547679
1634033151
1634036735
1633774463
1633905439
1676921631
1677052191
3797220639
3797214237
3797279069
3866556409
3874934521
3891776185
3855993529
3830512345
3829428169
3829425625
3829494905
3964752987
3975507067
3984025707
3992381931
3991337979
3974548187
3974614731
3975530059
3967078987
3967083290
3979731774
3979797294
4013347631
3999745403
3999550555
3999553754
4024785146
3991099902
3991296510
3992345566
3992419278
3925110222
3958662622
3958842878
3941990647
3950380167
4015395975
4015465655
4017366183
1874081189
1739920805
1704269204
1704209860
1682188613
1679042817
1679239985
1618360865
1626737169
1623068163
1639777795
1671173699
1939605203
1921779427
1921865442
1942255330
1942283974
1942284230
1942267734
1673899319
1665510679
1665514773
1632099604
1627913492
1627909460
1610972628
537206260
537337340
541527549
566626813
562432503
596058102
579157974
583280606
574908366
591685582
591722462
591775742
600100863
600625151
600702967
835710325
835710325
835710293
835706133
835702037
835702077
1942486365
1942449501
1917218269
1917206013
1397170095
1464164271
1438938558
1434842526
1350948238
1367732638
1367716286
1371910575
1397068205
1398251960
1377297288
1395781576
1394862792
1898084984
1902262905
1902250746
1910524890
1910560202
1910558938
1910620378
1910751354
1902215211
1667343659
1633742635
589310749
589310733
589380365
622992685
618804269
614597677
614929453
614480909
618667279
627329287
560839031
560839095
560840117
594394557
594394559
846053311
845527743
845527743
845527742
845265598
845266366
845348270
912454894
937600062
887522318
888050702
879472655
875148293
875148309
1948972325
1953431076
1953491564
2013133388
2013227597
1996388869
1387667207
1404439815
1404436790
1374094126
1366033262
1350316990
1367094174
1364987839
332138925
315373997
315369885
306997645
308077965
309756815
308708302
308708334
308585262
1382065966
1382071614
1382521119
1927723295
1944496413
1978050829
1961279237
4108754741
4100294181
4096046629
4096063285
4096096005
4112981799
4146531687
4159126886
3081705846
3081714966
2511281174
2494373126
2498501894
2498572102
2498701303
3585023733
3618185140
3337369508
3330022820
3330022820
3324992660
3257826500
3262020677
3262114887
1130888454
1130820886
1130805014
1097766742
1366284111
1349505999
1349384191
1348859373
1348990445
1348949501
1348759917
1348788585
1348788537
1885844761
4033254681
4033253145
4033318425
4029004313
4028939800
2955189768
2703527432
2737163784
2725695096
2729889320
2795816232
2796306728
2796310808
3060556559
3060622190
3060736494
3060597934
3068923046
3052149942
3031176374
3047559302
3047559310
3085182142
3613656238
3525586110
3525651598
1378183310
1378183375
1445357647
1466329101
359024909
342314269
342310173
342234889
351147801
1424823867
1424520746
1021863722
1038679914
1072233834
1055436266
1056476410
1048155419
913961753
926659096
556446216
556704264
539918872
539270776
539810472
539806120
561760664
859756684
1916722316
1916200076
1651957896
1924505833
4071075883
4071063595
4138509370
4159499546
4096551450
4096473627
4096408091
4100602474
4104784554
4105703342
4105703599
1956126863
1951936655
1964568719
1933287503
1915396111
841916687
590259982
589733390
1663339070
1647610410
1645513259
1646038587
1644986905
1645068889
1628336729
1611543243
1612583641
1681790953
1688997353
1689000169
1739332841
1722626121
648945673
921640969
371982362
388967722
359541098
397306218
330168826
313296330
313294987
309100745
304906329
321884537
271495979
338601514
338602526
1412418054
1412401750
1416469495
2095879541
4239167613
4238913788
4021002460
4004160988
4004161524
3999959013
3995702247
3995919334
3995890670
3995882478
3979686766
3967231790
1821716014
1825847822
1816410702
1828989839
772155807
776342702
646382758
646119607
780337335
780341383
1048584334
1048584334
528524798
525375870
502511902
480492318
480754463
1437044493
1436981001
1466349320
1462746904
1467809064
1476114920
1469757613
2006620319
4154166429
4091118765
4044980396
4044981164
1880851100
1679401676
1681711820
1681707741
1618265818
1617414506
1625741354
3857184810
3890599946
3865439242
1717921034
1713779210
1713779258
1986933034
1987973354
1994067114
1905854619
1889011848
1889012104
815471512
821634696
812409480
825025480
858579208
858104105
862298415
828477735
828625703
828621613
829669677
829636920
823346200
823339096
823339081
827484619
837974922
833768074
867190410
850445194
853590410
853721562
845406698
845209963
861971823
857838895
594708285
594708253
577873692
577810236
577812781
573671471
573016126
573033502
572990478
590225486
539898030
544080302
616433326
616449711
616421053
616345229
748464652
805087500
775727116
641509421
640662573
657342495
1696989190
1680212854
1685455522
1689584290
1703936738
630202995
831529477
831532292
827516932
825399300
1613924356
1634109716
1633979692
1634509677
1633460957
1629258411
1628209835
1611133615
1611035311
3825366703
3829557678
3851643054
3887208590
3803326606
1727080846
1718625678
4134809790
4143382702
4138074286
3601203438
3550749742
3521913886
3501154310
3501105415
4037902853
4037321268
4054626860
4125930028
4146889320
3879568104
3879723768
3810469592
1631202936
1614421865
1613367531
1625954490
547956922
547884171
547896459
548136073
548053129
871014792
846107084
853968204
853773628
840994156
572566509
1646587629
1663452879
1663435471
1642464238
1638007790
1621107558
1621123606
1621123590
1893754382
1893756446
1893756206
1944214575
1919288363
1915617291
1915618313
841706505
557357352
553158952
553158953
1627240761
1618851081
1630831368
1647674188
1645642188
1644601772
1644602276
1644458916
1627849637
1611006951
1612063206
1618421030
1705254190
1738803502
1722161422
1857497614
1051994638
1046220302
1057490526
1061880254
495915182
479998125
480055468
345379980
362163332
390933892
386672612
386670893
375132201
308084793
327024651
293266443
813345051
819497579
814254763
545819291
567053195
593266571
840926089
840864649
840889241
907965289
931095337
901636393
901636393
884794379
888989707
880601098
1010739466
1547606474
1568590730
1602080394
1584710282
1579467418
2116518554
2129040186
1873195306
4021267498
4021069865
4020545544
3999574024
3995904040
2923201560
3862872520
3862827768
3811443368
3761111724
1626276525
1621956279
1621372551
1621372343
1621374119
1672746159
1653877903
852764815
306456719
306530445
47434143
45238751
44197839
48423695
65184527
1084403998
1353093398
1353094423
1353038135
1352968481
1415883555
1948564006
1948555894
1999011526
1982210694
1982726806
1919812518
1655443623
1654923429
1672749292
1907630152
1886658568
808807480
1949739049
1949739067
1953929242
1974896650
1906739466
1906805258
3555493418
3542655530
3592954474
2519401082
2523529834
2678718762
2678797358
2377656366
2243438622
2243439694
2243503247
3283746972
3284009148
3266117788
3270246588
1127007660
1126469036
1092925912
1898424584
1629989128
1629923592
1663543048
1667596827
1634042398
1613595166
1614660126
1880752686
1947867118
1947871662
1954166950
1891240103
1890453645
1906710668
849688716
312761484
308580556
304459804
841261100
842047533
573874541
571778029
571769517
574915247
591692463
558138046
557945598
557950846
1631682878
1632871483
1909711929
1894968329
1358063885
3497142813
3562150437
3293841957
3292793363
2228163331
2223907075
2224955411
2241732659
2243834067
2227048579
2226966707
2247918755
3313272227
3279259029
3256330117
3256201101
3258232543
3258223163
3257240122
3525815066
3542593290
1395091210
1395590730
1399785114
1404896170
1471947179
1452552360
1452540092
1453129868
1176371340
1194991692
1144676404
1143496999
1147694382
1156073790
1156147998
1147824910
3303701262
3350884110
3332305678
3331834127
3331834125
3265053096
3271345064
3239888552
1074563752
1074109080
1073855160
1392679352
1376958601
1379056779
1445109770
1445044234
1445044254
1444962350
1445199918
3295019310
3299750422
3433443878
3433431654
2360607398
2358568693
2362746700
2622795532
2622926604
2641800732
2675359260
2520155676
2520154652
2518516248
3743212088
4246479641
4229833499
4241886507
4240312427
4240312555
4122806411
4125890699
1461992587
1446261899
1446973834
1994265498
916333226
2006721195
1440506603
1410622218
1412735242
1411687722
1411755306
1881639226
1910933770
1924565258
1924573451
4069956568
4070477464
4064904857
4060668553
4044972937
4028248505
4028239919
4034596910
4038597678
3500947518
3500943630
2431396110
2200845070
2251164430
2397963022
2326594062
2326729342
2393715630
2393695150
2393678253
2313978276
2305589428
2305132676
2334492804
2334496964
2318776340
2316822788
2316445959
2333224710
2345805318
2308047654
2308114214
2291139878
2291410226
2291412227
2295672064
3363098464
3358887632
3375664768
3407322752
3674646400
3674646400
3137777296
3104091808
4177835685
4161054391
4161058454
4228248246
4228282022
4099292390
4126607462
3081177142
3081140246
3068585991
2988877831
2990450695
4064189447
4064196359
4093559350
2981806646
2962997798
2962801190
2958612006
2769872742
2790833254
2799340774
2795146485
2728119744
2992132544
3004707776
3023708768
2485793636
2485793573
2431259941
2426931239
2428246039
2428450885
2157783109
2157713605
2212235717
2189415815
2185138567
3258888599
3256857063
2186076646
2193908070
2189701414
2206466342
2160472366
2152079663
2152146207
2160355599
2156185869
2156693853
2156759532
2194577864
2194587081
2187243913
2183115673
2182910889
2181862315
2248472495
2248425439
2269518847
2228107759
2223384943
2223385903
2223271391
2228546959
2228546959
2228530591
2245496734
2378665662
2371329726
2367536830
2367536830
2638069374
2637020990
2637016383
3220024332
4293700620
4276984844
4265450500
4265579716
4263425268
4279674036
4278641844
1862684085
1862425525
1866676917
1740716791
1740716631
1741756933
1699757581
1628530205
1614018109
1634965029
1672975909
1653915444
3801384452
3797713412
1644986884
1644986884
1612608021
1612587557
1614684782
1618747758
3840672878
3836479546
3836610586
3836672010
3769542667
3819939849
3803167497
3794570953
1647084185
1647084187
3794703035
3794719403
3794694831
3798737839
2728669351
3819188403
3785630867
3769052355
3764790723
1613112771
1629888707
1634144358
1671888942
1738933278
631639054
883375118
887368730
883172906
883290666
614765067
666145352
781487944
1854187816
1849993768
1846848040
1715448392
3861811785
3845030473
3828253305
2754511464
2758775337
2758600233
2691492649
2691459359
2708220011
3815705770
3794665866
3794665610
3811455162
3815637163
3819244715
3785693369
3785713868
3785680972
3785402380
3785403148
1642171932
1633914429
1629668925
1629893343
1629627062
1629696934
1633681574
1671431342
1671431358
1654855886
1671571471
1944250383
1365486863
1348571711
1893962303
1890026046
3768877626
3768880682
3770456363
3787307819
2743052843
2788076045
2788075021
3861815821
3861819919
3861692715
2787917867
2787978281
2792228909
2800621869
2930383871
2930379727
2947227279
2902143631
2902143630
2902004398
2896700334
2896704943
2896695727
2900897951
4234944653
4235010269
4234944749
2095338713
2096621769
1836558541
1834395853
1863498061
1846721293
1846722061
1848808968
1848672776
3996160552
4013154856
4013040168
3912643112
3925542509
3920104939
2829584554
2846361850
2847419470
2943951886
2939823118
4114244846
4156187822
4156050871
4139268485
4139264388
3002808724
2990168484
2990196900
2989149348
4067347908
4092389125
4037862919
4038058550
4042191398
4033761574
1881473126
1881932006
1881944286
1886347470
1895751885
1895207116
1895795976
1887275272
1882167304
1898948872
1903143193
1932441097
4147040777
4113449480
4096655928
4235073065
4243467817
4239146541
4256960495
4273742286
4271841486
4204732558
3667685550
3671347374
3658744046
3641969678
1478436878
1478371598
1478372126
1486756158
1503530302
1536738314
1536729097
1536729160
1540928956
1566087084
1566082724
1545184948
2082317972
2099229332
2099245988
1997992357
1997989094
1731380262
1730284550
656410630
622880774
627174687
635612477
1709346076
1701875469
1699784541
1732289069
1740800557
1724039743
1725039115
1712591370
1729375786
4094962218
4101257258
4105963562
4105963738
4105832586
4105842826
1387978889
1387955081
1387954876
1922605740
4065894820
4077432036
4044196900
1612619028
1612099077
1612080645
1630938629
557188631
590745399
578685030
581896294
582818918
582955014
849162254
849084686
864838186
327737898
295236138
278451755
10063416
10127896
276466236
809151356
1882958292
1882826948
1882824132
1887339397
4058940035
4063134338
4129722946
4129747478
4129579814
2791598374
2795792622
2762766574
2762856634
2762856843
2716699531
2725216905
3794764425
3794719433
3795837551
3795591791
3794542951
3777765413
1617757221
1626147877
1621822487
1622808647
1622813127
546975621
832112261
832045957
277361029
277360788
277598596
277714880
282895888
810921492
808890117
1462151430
1445378310
1445366534
1445366278
3594357270
4129095206
4263043630
3201889070
3199922217
3199922472
3131626284
3131593308
2590521036
2586318540
2586388205
2603233261
2582259948
2562656492
2562132188
2562074828
2289183948
2282964428
2281816781
2285953742
3368067806
3632577966
2558826670
3100477606
3159328903
3175786884
2936711876
2920988228
2920972804
2923082244
2787893799
2787668582
2787914470
2787901862
2795765926
3869507734
3870032022
4155310263
1961767111
1949179917
1546527756
1546005004
1558526492
1554803261
1559030287
1601104398
1315883598
1324172942
1319895710
1319965374
1304375974
1287401894
1285300384
1289494688
1142695024
1142914048
1144933632
70186240
70182144
19842368
57116099
40338579
107446419
103268498
107463058
107430354
1189573426
1185230626
1185165090
1203514146
1169976102
1152973286
1153141189
3298527620
3321400708
3346574756
3324814308
3324944900
3324957188
3324379648
3345228320
1172578848
1151607073
1152856098
1152648418
1419035810
1430553730
1443085442
1444064386
370322818
370315138
504399591
1041261157
1058021933
1007690281
873607993
886182185
615648297
615565353
615557321
1688250569
1692436681
1734380425
1713604297
1713537545
3861021193
3861094953
3860914731
3860865578
3860996842
3877765802
4016309678
2917403822
2896443574
3971299478
3987806358
4021382342
4273005574
4273053702
3736313863
1588769029
1589023029
3728200493
3711189804
3695119916
2084449084
2088643384
1958611752
1958218744
1962426248
809248392
826201736
859211144
592741545
584360105
579118265
584294601
575905865
573743161
573748283
573753135
590759535
1899368175
1937116910
1945241342
1993561854
1991370110
4139050014
4139033614
4155810831
4121930767
4105088013
3035533069
3026947613
3026828845
3156975148
3156995629
3174792733
3174567213
3174567213
3172473901
3176793133
2627339325
2627339581
2495284525
2495092013
2242387263
2242382095
2246576206
2246588494
2247829630
2179541118
2179799126
2154760534
2171538262
2179947126
2180873046
2214361942
2205997383
2206062919
2206194007
2206194135
2206202359
2170550775
2170550775
2220882903
2220882775
2220882519
2354969175
2371746423
2371680887
2371648511
2371714047
2370140671
2303162783
2286381471
2286415263
2286415263
2311448061
2311435773
2311435773
2311437817
2304088569
2304096761
2371328505
2371328505
2371262969
2370222331
2370287835
2403462235
2399239195
2365816091
2365730623
2403479103
2411867695
2395414063
2256801535
2256817855
2262097565
2254229149
2203881101
2170523276
2155789196
2424220060
2424219820
2439821357
2456590383
2452397070
2452464654
2452349966
2989106478
3072984430
3023704046
3036286638
3032091325
3032042140
3032021644
3032263372
2491198980
2503779844
2671502869
2671404837
2670339105
2682981409
2678786081
2645166081
2242517185
2246715841
2246719873
2246642865
2242643123
2242183315
2243178662
2243174502
2241077286
2230594606
2163243294
2154002718
2154257694
2154251551
2171584795
2179957001
2179825993
2204991944
2171441624
2167250872
2435685304
2436741784
2971515528
2970462856
4077764232
4061106825
4129215113
4150145707
4158010026
4149551530
4149486762
4149537006
4157909102
3851790366
3851855878
3835079687
3839278085
3826680836
3843395892
3876888868
3860177697
3860251235
3860808418
3793293986
3799593634
3807904738
3819700726
3853324742
3836617159
1689133388
1689133324
1690046504
1687946280
1683241992
604252168
805644553
805440458
819071722
814881770
813698970
830483850
847259018
310518157
306606477
307642764
303432101
303845797
303849901
860676525
852263341
848069021
864850269
832349497
834447673
838707993
1912514825
1946069003
1920894987
1916707851
1916653643
1916096603
1916162283
1932927467
1903567595
1891046123
1890915039
1890850447
1890858639
1892953759
1884569535
806623679
823401663
324408543
334901471
334701023
330392407
330556183
317829919
309367085
308325695
371439695
388159694
354552014
275123406
284033418
279708394
346563178
346563114
363381291
363382313
367570456
86551304
103463432
103456264
103468552
36357928
37438829
41666029
60473741
26919303
26919303
60473751
45715559
41459751
1111007279
1377345583
1897899017
1881053449
1612614408
1625196824
1621002280
3835467816
3848053768
3862728968
2789131000
2789110440
2772050604
2758746796
2695627428
2695628453
2695630247
2964069558
2980854934
3015582862
2478714318
2482909134
2481729166
2473342894
2439775662
3514565802
3514761370
3514708170
3510592587
1396171785
1396040712
1461052428
1461054477
1427627293
1431752479
1364627423
1440128957
1475721149
1475642813
1475658141
1467469973
1467478261
1429659749
1429692455
1432838439
1432772914
1441673478
3622716166
3618521942
3618620023
3619471989
3590125165
3520917100
3503598204
3495209565
3495426653
3493322463
3493152479
3493135358
1345655230
1366626479
1409093807
1406996653
1390227709
1390241244
1382022492
1381939981
1391893261
1928837899
1944435979
1902621707
1903661067
1903546395
1903489131
1901424875
1897279977
1897277417
1900494571
1900355307
1908674266
1908672458
1891907530
1355097418
1356281210
1356207962
1356224462
1352562126
1369266078
1369196477
1369195452
1407013788
1398731660
1396618140
1396619252
1395500388
1932305717
1936498997
1944957245
1944563997
1936035869
1932891197
1932852285
1932917807
2000583983
1971221806
1962808174
4110353023
4104913487
4109924175
4110118751
4110084479
4110416215
4127062279
4085243143
4068459271
3531457335
3531371109
3531432549
3531543269
3546220279
3546093559
3520931827
3520930293
3520934389
3516731861
3516137941
3522498772
3237418196
3228972101
3245761805
3245829391
1131703583
1140129646
1123344234
1392369146
1392369114
1381881306
1381990859
1396670939
1396683099
1362994047
1362928493
1350350189
1348269420
1356789052
1356780852
1373521204
1356793140
1358897425
1358897970
1350378274
1350427494
1885197158
4032662902
4090281343
4065241871
4065241613
4061957645
4061955628
4061958697
4061983291
4083085931
2979984107
2965337579
2963033194
3034335278
3021757455
3026119687
3026117895
4108247751
4124996231
4145947271
4131264133
3056995991
3055946919
3001031845
2997886117
4071646341
4070662341
4074987975
3538117623
3529713575
3530626470
3539013030
3539012774
4092796350
4050730382
4049610191
1902179807
1902162287
1910546799
4091585919
4091585806
4083399942
4079131926
4045643046
4045510950
4028741910
3827480839
3831676695
3840325413
3852911460
3857170900
3848356292
3877705172
3877649836
3844352429
3844090797
3848351471
3852670718
3852485454
3886076174
3852509454
3852510270
4125207583
4125341709
4125267981
4116875356
3879127532
3879128492
2786482109
2790412991
2723369647
2731627182
2750420654
2707437246
2959091398
2959173574
2967596882
2967600418
2699091234
2699099187
2699098115
2984294419
3001195537
2992823617
2720155457
2988574403
2988574419
3059957475
2812297187
2778742247
3785371103
3789565391
4083164621
4083295709
4059182317
4054975724
4037086461
4041292237
4032915789
3491887949
3508665141
4083215637
4083410181
3554858247
3538076983
3538142501
3554800933
3554764565
3555948039
3547477831
1397954519
1364264423
1364198631
1347427495
1347497095
1343303111
1343299013
1343292789
273757541
13706517
11742469
11672833
82972417
99827475
124989203
240350467
240370963
240238902
239128886
172028215
172003647
188781871
151039021
134260797
402712700
402713084
419823597
465991353
445010569
445010571
444880606
444889070
444886446
503643310
503696558
503813518
503816590
503685519
1040561047
889230247
872650663
872594838
806787526
808880198
1881651270
1881536727
1663491415
1743183367
1722205717
1856456229
1856251429
1860445741
1868838447
1869022511
1869022255
1769276463
693574767
700591359
700525711
734061709
734045325
725660813
721525919
721525983
721657055
721599743
693287277
1775434348
1771207212
1771272764
2039495180
2043886092
2035424797
962008607
961808190
961545262
960508974
968899630
968899614
1002448910
1002448974
969005134
423860575
407083511
407350775
407219669
407223765
407215573
407289301
407289301
407370225
407755121
407714161
424622449
424556817
466499841
465968385
449255185
457463601
457487217
407155681
406884769
415273393
415348145
952483217
969259153
986167447
986101895
977697927
973223319
973223846
989992686
960630382
943721006
952121918
953166602
969943306
1003564298
986853642
985796874
985665835
985682223
985724207
1002487149
994160125
994164188
977376732
977376669
977375677
977384636
977511612
973323452
973314236
973248700
994236924
969309500
965097273
948844043
948778522
952909354
944511530
940313130
940334874
940369226
944562634
961343946
994882010
1003270378
969781482
969781482
953005179
684701784
676247752
676248520
1766754952
1767541384
1866304392
1849460616
1848411032
3995894696
3996029672
4008620584
2948506152
2946277928
2912740872
2908532236
2770116140
2770128429
2770325039
2755546862
2754551726
2775326654
2775322006
2817268126
2817333406
2947356854
2947497142
2913352886
2896571574
2896309393
2901601476
2893261892
2889000964
2889001220
3979520516
4013074948
2922617348
2920389172
2920322596
2920347236
2920306351
2943354798
2951742894
3990883502
3990949038
3991080126
3991018654
4024575182
4020445262
3986907149
1839456269
1822548237
1756423693
1752234511
1748064798
1746082350
1745951534
1800607790
1792150558
718405646
714211342
982515742
981475375
981475373
448798765
432107532
146927692
138654156
147042764
147034580
146904532
146912596
147043676
146970445
146970191
163747406
188909070
167939854
168004894
1241619805
1259658588
1259654520
1266012120
1263963864
1535555260
1518723756
1518658215
1519182742
1536029110
1540145570
1259078050
1260257698
1262358914
1312170370
238166403
535900657
498082275
414213478
416344102
416331822
953391166
986880014
986888206
984782862
984780815
980647948
976535596
705966124
705962028
672538668
671223340
683806308
679677668
679480973
679489165
746597005
746597053
1036007869
1061239199
1027807647
490872223
356675998
79884766
80847134
72393534
74485558
82873142
1150520082
1150528018
1283697170
1300474451
1317207680
1312970368
1308754816
1309016464
1510081952
1510157728
1526738336
423650656
407920901
410055445
410121013
418509621
418394903
150018839
148052279
147986471
138557671
172112006
173161606
173162630
173261190
171999678
448836078
448831790
986751278
961585454
963686682
942780682
945010458
1012054569
1019697896
742726312
738663080
621681592
655302024
642711688
652017880
647823449
647766041
1066672153
1037397033
483776808
483707180
215255356
1573161244
1598457356
1606844940
1535550156
3649348268
3649348271
3632575142
3633288870
3645889190
3641641638
3641641654
3676191126
3658885270
4199966855
4220699844
4222779460
4224876548
4249915940
4233142820
3973095980
3964712492
3960519212
2886842925
2752756271
2752764462
2807254830
2725659406
2725643022
2738770702
2705080634
2690437162
2698837034
2694682666
2747176969
2734594376
2726206024
2721749704
2720577224
2720576248
2720781032
2724910060
2733306861
2741629925
2741565413
2708078433
2708077425
2691291987
2691291971
2699656531
2716628466
2766950818
2758546338
2758612914
2888777142
2892839062
3965991062
3974371478
3986888854
1856117894
1790062726
1806835910
1806836742
732965926
737159215
701507647
701511694
735254542
1003625486
1003623438
998453278
998256686
998253614
461397039
432135255
432127446
138515926
138646930
138646930
138655122
147307922
147306930
143104947
143039377
147241921
147241216
164027648
1262929152
1247200259
1246909458
1246979362
1245719842
3393220450
3401612194
3397509026
3397427090
3397696898
3666326914
3683038611
3650000288
3655108064
3644621600
3711734564
1564271124
1563238916
1546527300
2082873284
2087061924
2092239013
2022967470
2021927070
461382798
176300362
181535498
196100926
162555694
144731431
145778980
145778996
141621508
152292612
167952836
167936384
167940227
167940226
167870882
507553186
532983202
495233441
1032165812
2005319060
2009509300
1717483508
1715442196
1714262540
1668067852
1634509375
1617789482
1613660714
1613645354
1681721898
1681660682
1679570954
1683425338
1687292154
1823622286
1823654030
1823637646
1821552846
1837278694
1853925095
1849929411
1845669571
1846970049
1781973681
3928478368
3932512996
3925091180
3908047656
3905954088
3897566264
1758473272
1758533688
1754269755
1771124762
1803692298
1807890698
1807879178
1803616314
2038444154
683995210
683978826
679907675
730769256
713992552
713861368
705476808
705206472
705428684
705568972
722350287
671483886
672532078
683083310
682951215
680796709
679748181
948183621
411312965
147075525
138474997
138534357
138672583
138590663
138590663
138582855
163744583
163745607
163678035
457212787
440443489
440509025
1514644192
1510384368
1510384320
1510376128
2048839408
4198419425
4185770210
4175747298
3904673974
3904683158
3902580630
3922567814
3947668102
3943539590
3926901158
3927798182
3994813926
3996978662
3996990694
1852647534
1860708463
1856505977
799541448
800730248
767173000
1018897032
479990472
479466059
483422730
483426842
877696570
1019259450
746629944
2089917192
2140322312
2129832456
2066128392
2066645512
2032714360
2032665257
1747452590
3917086894
3935973550
3935970470
3935970438
4204422274
4206614402
3937969830
3954749102
1807265194
1809366186
1801172139
4011491753
4011557257
3978158984
3961496200
3961437544
3984496684
3987114028
2812594205
2812603661
2816598799
2774950414
2774946398
2758673390
2766931374
2762753518
2762884383
2779674381
2817353229
3815517772
3812372172
1664907948
3812444589
3778955437
3783149757
3790982285
3785851021
3819347980
3819348500
3806700052
3794051604
3793789489
3794055729
3794260517
2720289575
2720796143
2750285983
3824040078
3824040078
3824035982
3824625822
3820251294
3820340366
3803612366
3803623630
3824525406
3811877134
3778388486
3778474518
3761660454
3761660454
3773104422
3769368622
3769368622
3769369871
3787143433
3808123656
3808090936
3808082232
3808082264
2801373128
3866657416
3828974216
3829068488
3828015737
3962135083
3962052906
3962054702
3832285294
3840805094
3836614806
3836614790
1740519559
1723609477
1719079300
1714819972
1714844580
1717822372
1721806112
1738582048
1738582017
1709221889
1696643331
1696767746
1680232002
1680215682
1680225970
1681262498
1693713826
1688469666
1688469666
1621373106
1621421122
1621403651
1621403649
1940174848
912701440
908507136
908508160
908512256
858064160
824646945
1965436193
2011569955
2125401890
2125399810
2125361474
2125390210
1584316802
1596703634
2083116962
1953029794
1957268133
3837303716
3837569508
2763827508
2759633157
3024004615
3022971398
4096131590
4096131614
4100850222
3032223526
3166460005
2897795104
2897795088
3170416640
3157960704
3208292096
3996819968
3995775488
3928654355
3928719906
3928540514
3928806498
3996922082
3963498626
3963236482
1814696066
1814761894
1827156901
1822951084
750259884
748433292
748433228
752627464
746530568
1014638120
1033503257
882442763
479733707
479733658
483929514
474504618
214682042
214878602
528911754
512134602
512140554
513253658
515678523
514629928
518562088
1583915560
2117645864
2134482473
2132515370
4011571770
3994795358
4007167230
3868754174
1744617886
1736327818
1698562697
1681797816
1686053544
3841730536
1694267624
1627179240
1627183112
1685891080
1732229128
1715374345
641647898
641474842
641081806
641597838
644743598
615383462
615389093
615460756
884223876
882126772
886320549
872474045
922789263
856798606
860981214
829669982
811791127
820208445
820183340
820183080
811806760
270607384
270739464
271739145
15898891
279087899
278956303
815828303
811630607
874676239
623018005
1717743653
1717739552
1713807392
3861285888
3861352240
3861859873
3861783139
3844940514
3832283814
3840676526
3836224174
3836224694
3769108662
3769108658
4037761171
4038847617
4049251457
4078609543
1914347655
1914602438
1927186182
4072572198
4071458087
4142720039
4146913309
4113359117
4113463100
4113452588
3978971692
3984153196
3992584180
2847537092
2846618500
2833961604
3966386821
3962455686
3962519206
3966512806
2775852710
2817790886
2800750726
2796560543
3064996012
4136641708
4071697564
3534956676
3550619780
3550883012
1403395540
1403391447
1370439150
1408175590
1131220454
1126974966
1395422678
1361896918
1361946054
1361950022
1349498118
1886237974
1886174519
1894563639
1886296594
1617607170
1613412882
1613339170
3760766498
3760766498
3760895538
3811227155
3861550851
3861615873
3861625905
3861486625
3861416993
3861498913
3861830691
1714355235
1718016039
1734789158
1701201974
1709656566
1709526454
1709399454
1843606934
1836266390
1836131223
1836135351
1751135221
685843453
685843261
686240316
749669916
749410888
749284041
749300361
766048905
732473995
985181835
980977546
976982986
994030110
960389662
1009132078
2082616110
2086847271
2091042087
2091031847
2091944199
2089851335
2101389959
2114100867
2114107015
4261565062
4262855318
4269163430
3069526183
2795830503
2795825189
2795808772
2812782852
2816977412
2950938132
2926023188
2921828925
2922742335
2922676782
2921652590
2922135790
2921923742
2892635294
2901039262
2762889359
3836639373
3837684109
3837062045
3855936221
3889557053
4017608253
3962634767
3962634767
3962774030
3962574382
3967031150
3992192494
4019463374
4019463390
4019463418
4018418906
4253295626
4236536846
3700221965
3700340996
3700332852
3567238452
3567104276
3589898516
3598352892
3596255645
4133127102
4132213674
4128018346
3859057386
3875834442
2768411146
2772609546
2782064137
2781898248
2773495368
2769301112
2802915304
2807117032
3062890728
3063218408
4153741337
4105510938
3572838442
3558207534
2485101822
4095715534
4094658702
4031416718
4069165710
4069177998
4070220427
4076577419
4063814313
4062716587
2988974506
3005883626
2972326122
2985953530
2981824526
2964916238
2428195854
2427101262
2427167183
2963973068
2980747140
3077213108
3056437924
2787936932
2788135652
2804331044
3844399636
3827327500
3827311148
3827318060
3827304495
3856730222
3886164110
3870435470
3870436494
4137037966
4141170830
4141105326
4159983791
4126531757
4109820365
4100384525
4100445725
4100314655
4116770366
4150394430
4133748286
4133639726
4133553710
4150277758
4251985247
4235212093
4243659821
4241689637
4109571093
1962095620
1425237012
1425141845
1976694213
2010224069
1992332692
1984151476
1984077524
1979883220
1930682069
1930559221
1896967909
1899067367
1901397479
1943340262
1941243126
1941378246
1924609222
1390765270
1390767614
1390931391
1407709087
1408757727
1408753629
1408618463
1400165855
1399121407
1399155951
1365720317
1348877565
1348877525
1348875764
1348933620
1348732916
1348737012
1357131732
283406161
279211859
296021843
329645378
333962578
308714834
308796786
304414070
304409974
304479591
308661623
308792693
317185877
1407709013
1407575668
1407579764
1399322228
1399322228
1399108900
3546592292
3513039924
3496269844
3504855060
3500596496
3231907328
3231897089
2175194675
2179221090
2170834914
3240365474
3240573362
3244697986
3286641794
3286697106
1130627250
1109668050
1126527298
1394733314
1361110291
1348529969
1348533041
1365302129
1361168853
1394792901
1382215111
1382186439
1383155159
1391478247
1407252453
1369696101
3517112949
3500406293
3504395829
3504668455
3496258343
3496278822
3496991542
4033858326
4033580822
4033590566
4117472551
3882464549
3865621812
3862471940
3860380932
3860368644
3859385652
3859717924
3859742436
2718858917
2718830247
2739865254
2740195262
2706644366
2715110558
3784789174
3784822006
3785749510
3785679886
3789873166
3760676878
3760600126
3760589934
3760654574
3764783598
3768978159
3768979197
4054058701
4087621324
4075038412
4075038668
4066672108
4075609581
4075605487
4075668973
4075803645
3547263820
3513180428
3496386572
3492212765
3492246581
3496225847
3495963702
3235980582
3232117094
3232170342
2162493390
2229681999
2229692685
2246502660
3349593348
3333198876
3333222444
3337416745
2254815530
2254884138
2384906606
2401688558
2369252094
3443518174
3445482190
3489460942
2398913229
2390393484
2524623780
2519314852
2519241120
2503594400
2491147184
2633753335
2629427766
2633528102
2624124199
2619927853
3022817324
4096698380
4126058508
4138108940
4139223244
4139025551
1987367102
1983148202
1714696362
1731604906
1630941866
1630944938
1622477486
1621363375
816062159
816066127
279193351
274998065
275079985
275247923
283611443
1893957939
1893826867
1885505297
1935842817
1915918849
4130572803
4130455155
4130401906
4062455526
4062459558
4083418790
3819177390
2745435310
2997095598
4071896198
4071957638
3528876167
4061585799
4063733189
1919264117
1667607845
1634049317
1617265716
1617211412
1613013020
1613099020
1613197340
1613169705
1630408491
1665014314
1675233902
1720191646
1988631182
4137172622
4137166222
3602407565
3618205836
3584692364
3295552652
3290836101
3290856887
3572657831
3568365294
3718309422
3751862810
3730891275
2250560008
3324375560
3341218328
3442397752
3723421496
3701250360
3716986936
3599546472
3599734953
3604912266
3529411722
1379909770
1378615482
1394938026
1882599850
1882596010
1886790313
1890001640
1889543720
1352672776
1352689160
1357079304
3517149752
3248706072
3248869915
3248997162
3248788778
3521416490
2485422570
2502330762
2503391626
2536946058
4135040906
4135039882
4130779802
4129747610
4129715098
2988859817
2993103020
4075036908
4070842472
4154732632
4125569032
3588646153
3580259595
3580328730
3580197658
3597492026
3597616939
3605774617
1458098504
1450722184
1434077064
1415473848
1415473832
1356851881
1356660651
1909772714
1928642746
1918943482
1914953962
1914888298
1915151706
1936119134
1902626591
1885815327
811995739
811995737
812069609
811869929
543434409
543499929
543250075
1626398187
1622183211
1621396795
1621601547
1625665035
1629859341
1663477261
1647219213
3794715500
3798483436
4076339372
4088991976
4055773417
4038992971
3506252874
3505137902
3505215726
3521501422
3601316046
2528545870
2528542990
2531701518
2523312902
2519638534
2519654950
2536403746
3576631586
3563848802
3572243682
4127004899
4143937649
1996290336
1996290352
1920973888
1920902336
859758720
826261632
807339184
806816932
806751653
542579367
548747942
547691174
816062087
816066183
815804103
278949575
283172343
283168119
299948918
300018006
325314886
325254470
1399323990
1399324022
1399184726
1407704406
1407713142
1407582071
1373986679
1348984693
1348927319
1348922711
1357770071
1357708663
1357700471
1374551415
1399561587
1382784355
1382669665
1382671729
1382671729
1382770129
1382774225
1399553492
1365916149
1357781493
1357781461
1357781461
1357191637
1357127127
1357133303
1365533047
1365569903
287617327
270840119
270897431
275090705
275089681
275093777
275232817
845658161
1915140097
1982774275
1982763011
2116976643
2116976929
1848619872
1768941152
1747807856
1747794692
1814895892
2103721252
2125737252
2125737255
2123709750
2123836742
2128424774
1583103698
1595629250
1549459138
1557847746
484166594
483969346
475568131
341546097
1440411873
1474224353
1465802947
1428111491
1343684738
1342507186
1342445730
1350838951
1887775397
1887909548
1907438220
1927295688
1914716680
1914733064
1914805800
1914743336
1935714857
1668332043
1664137738
1647611850
1645512618
3792013226
3792552363
3796779449
3805168025
3806220728
3806224808
3807847341
3799278557
3816056159
3823430958
3789945130
3764771642
1617820170
1613590030
1613718031
1613713995
1613583083
1617744363
3773349999
3773353021
3773536285
3773474829
3781929229
3815352605
3815440221
3815392975
3795714703
3795714750
3795068846
1651778734
1660167342
1656172766
1656107086
1655123983
1940201487
1894080525
807916313
808296041
539798265
1613020153
1618250153
1639221736
1656065036
1656194060
1663471876
1629922052
1613079329
1680253731
1613165858
1634124834
1738982434
1726366866
1717981314
3861250179
1714815363
1714762401
3855884961
3834914464
3834672676
3769660980
3768874501
4041499141
4033143559
4029081149
3810975261
3794193183
1647692573
1652414845
1660782781
1656523931
1660731530
1669120138
1631375498
1631408298
1629381290
1629381358
1641678422
1620721218
1622764098
3770182338
3774409202
3774405859
3774529745
3824844992
3808080320
3799687748
3795419700
3795373604
3795380780
2738416172
2709056041
2741524843
2750172666
2733506954
3798340490
3798344346
3794215850
3798279598
3807653038
3803461807
3802414271
3802610831
3802295503
3802326223
3806504287
1667733295
1667535423
3815027263
3781538365
3764884029
3760620093
3761173049
3828344361
3828150058
3827882794
3832073002
3840527146
2766719822
3840474062
3840533966
3840495814
3840606422
3833463154
4101902690
4101906787
4260241760
4272700512
4138469488
3601467456
3605661760
3593132224
3593075905
3576210867
3564675458
3573187463
3569001365
4038763184
