1399175605
1399175605
1130757301
1105395143
3253894471
3232918806
3232829238
3230687026
3230695218
3234889298
3234977362
3234059986
3251034051
3277256129
3277256145
3256341584
2186789968
2186531920
2194797648
2194728304
3335845152
3334796576
3334788389
3351729463
3310310679
3294328127
3294324031
3294264639
3290134813
3289930237
3289913852
3289918876
3294129548
3315165084
3348787948
3285865189
3284812535
3276752598
3276263366
3250847698
3250715506
3233864546
3225471778
3225673522
3221677826
3221398273
3238175040
3275944256
3334652992
3334587472
3334524000
3334532449
3334530339
3468748070
3469066518
3485978910
3427520798
3427435870
3423247822
3691681950
3691546814
3691559343
3691555743
3696798351
3717922446
3751466702
3754579654
3729588854
3728999206
3745788198
3754233894
3704557926
3700372931
3704235969
3696832384
3423080336
3423095200
3439918496
3738035381
3733954693
3733889415
3737629126
3725951798
3591407399
3597709103
3614484783
3589777725
3589716253
2515963149
2448871196
2438973052
2438809324
2433499884
2433487596
2433492973
2433562621
3511491925
3519483221
3498474771
2424728883
2424663827
2156713475
2160969219
2152711683
2165229075
2198789891
2204040531
2195651953
2191523313
2191513041
2191382513
2261571297
2253182945
2269969889
2504846817
2504845409
2489186401
2489285715
2485026115
2417651010
2434428370
2472172946
2463792530
2459659666
2458447282
2458445219
2462619635
2471085827
2434647810
2418007570
2155802162
2164222498
2164091682
2155618083
2153516819
2153710849
2153649473
2162046065
2208248947
2191340627
2191332418
2195539266
2195510642
2187132387
2186063075
2186063349
2211293653
2177735108
2420874180
2416680852
2416689076
2417735604
2434442676
2971314164
2970331125
3003754481
3003750227
3004024147
2987377970
2999876899
3012963619
3012963617
2979929969
2984058451
2505907906
2505905858
2505913298
2513265138
2509074930
2510254546
2514449878
2505924054
2503821527
2671597781
2675796213
2675796084
2684184917
2650797909
2642334277
2508182103
2507985783
2541527399
2550113639
2543762709
2547948801
2539642112
2520634644
2520568100
2520535332
2541450532
2516286757
2495306549
2499496727
2489011014
2501464006
2505631190
2539185654
2547770598
2543490550
3080422870
3017377111
2994505557
2990313781
2990335316
3007177844
2973690980
2956876004
2956872148
2954775493
2958970565
2967099125
3048829671
3082314343
3082314343
3069715239
3057194271
3057323343
3057326174
3208325246
3220842622
3183098974
3166401614
3166201166
3162038554
3155800378
3160114542
3185153517
3180900324
2950213620
2908270548
2904067540
2904196596
2904461540
2903957620
2906026103
2910257378
2910262690
2910261158
2949979814
3218423478
3214229142
3214229191
3214225103
2679451405
2684108093
2684097837
2641904909
2650301772
3573147085
3569084349
3573145519
3564654503
3581496743
3608874406
3609079238
3592301894
3593874694
1382948118
1382829430
1391216103
1387061749
1387118740
1407615108
3514204356
3576865244
3558974780
3558910765
3558910526
3558926910
3580025406
3621968190
3617997854
3618979870
3619438686
3621548286
3579699438
3562971637
3562975684
3571355584
3571223024
3571235040
3562842336
3709660368
3743343765
3744870549
3728081285
3732276949
1588989537
1453661729
1453599265
1457794593
1445209363
1428439043
1411829763
1411833859
1425445121
1421250288
1419152000
3569719937
3611597712
3591146977
4128032231
4149035366
4153303662
3047039598
3030000239
3036165871
2488801951
2488810381
2489018765
3561646476
3519895949
4056698253
4090249615
1933861311
1918197935
1916219631
1931940086
1931550791
1394615381
1398879332
1399000180
1398869204
1407204725
1135875887
1135870526
1135936014
1202057738
3349455370
3349980970
3349982506
3446442282
3441985626
3307837641
1160493256
1428854920
1462431112
1462658952
1379824296
1379848872
1384043177
1927135918
1929163726
1929158926
1927651354
1911001147
1894157579
4033256201
4029581833
4029516345
4046228013
3811089197
3879329597
3879388509
2910471165
2902082285
2902078197
2902139589
3170443973
3027838789
3027776997
2784509157
3856153829
3885509876
3885771988
3890160845
4083036365
4078907615
4045222014
4045148270
4032056382
4042574126
4039101294
4055870078
4087131854
4070351694
3533669197
3536224844
2479804972
2438799908
2501715492
2487103012
2491301669
3573419317
3569157141
3586064455
3586085063
3354980823
1178137063
1178464743
1178498503
1195275719
1463731405
1434291708
1438498284
4122848236
4106071000
4120686536
4120683992
4154237163
4158447786
4150063274
4147921070
4046373038
2972108782
4050046694
4160150214
4139052743
4141147717
4132758100
4128760436
4128728036
4128711141
4113969383
4231398503
4101377142
4105570310
4105644054
3568593239
3585371093
3617942149
3605356165
3593274007
3594322599
3543937967
1360273774
1343496222
1358372890
1353134137
1352937528
1352981816
1357159208
1348766264
1883015688
1952287433
3613297290
3598621322
3598628490
2520683146
2519634650
2519651070
3061772910
3086967654
2445042022
2428249442
2428306802
2432505154
2423866691
2419803473
2419807569
2424009808
2449337712
2482892240
2466249664
2455687104
2451492544
2451556305
2451372017
2522408291
2529748322
2475195746
2445827426
2445823330
2437635410
2434432322
2434428226
2438622674
2447077202
2476273010
2476273010
2480528754
2472134002
2472068467
2472265075
2438651217
2430598992
2430459888
2422071024
2417940160
2417948352
2420045776
2436756961
2457728481
2466215249
2466127105
2524911873
2524788993
3598199072
3596101664
3604490272
4288220197
3717858389
3700032711
3704299654
3695829142
1544085926
1544073654
3709379478
4283998878
4275748766
4275747774
4266310655
3058273263
3058473599
3067390495
3084363277
3075981837
3061269311
2520596783
2520719663
2524848167
2545566949
2545567157
2512067973
2425958277
2432188037
2423803829
2419871655
2424135079
2440457366
2440461522
2440557650
2440418322
2469715990
2469912839
2472993543
2447823367
2427422229
2427297573
2432473381
2423818597
2418592229
2435500485
2469064135
2456740551
2457780935
2466202327
2455503463
2457609063
2457609573
2482842661
2477668404
2443839760
2443794704
2423835393
2424030467
2418708738
2418712594
2439553058
2469179426
2469311810
2520686274
3057553026
3061747346
3221020323
3216830113
3183242977
3170659941
3158056757
3158118165
2889747717
2889753623
2826773559
2847685733
2879216885
2878172357
3146575301
4216123271
4211996295
3121346230
3125475302
3150700006
3150568950
3150798166
3142540566
3142212886
4200224023
4208620821
4208582964
3151556916
3109605684
2823411060
2819348436
3087785685
3155815125
3160009463
3159063286
3159038934
3175947606
3041729590
2513372194
2514355234
2510165026
2442073362
2425177859
2424882945
2429142785
2429257281
2421864273
2417733489
2438508513
2455289825
2455494609
2455424961
2451492547
2988433363
2988244450
2992421347
2996611555
3012410353
3017596629
2975399621
2971203269
2971267797
2973329061
2973263269
2776112359
2780302563
2780372179
3082425543
3082428551
3086884999
3086951573
3186963621
4235398308
4235397364
4235397316
4228995140
4233194500
4250135556
4285719813
3746731781
4283535125
4249927221
3175132709
3183588901
3179450919
3179450915
3179446835
3113337698
3109050338
3104835042
3090351586
3090288102
3111288167
3113385269
3113516292
3113544964
3151277828
3141838644
3137712957
3137729293
3137692431
3104252766
3091625326
3100006702
3095808303
3095726391
3099605255
2562745607
2558714113
2558972273
2559033697
2554593633
2550923747
2550990306
3624818162
3625909714
3646873026
3690454466
3673554242
3673270594
3669207394
2593373538
2597360994
2587947330
2583716162
2587976050
2596463971
2592267617
3147091812
3117696884
3109319492
2572018500
2581521236
3097420644
3097285612
3092791804
3090681309
3090893309
3091122669
3091130873
3112102345
3153948619
4227622859
4227650511
4227826159
4227760621
3118330349
3109872125
3138151757
3138219357
3138316591
3125737775
3135228207
3134999823
3135009038
3133010186
3133047146
3149890026
3149713898
3145490874
3141289370
3107900923
3107903979
3120490987
3114266073
2849828301
3109872975
3105678671
3139088751
3139096942
3139400702
3139314638
3139314638
3142981615
3113570285
3113488365
3096709085
3100911565
2562728783
2562859903
2559710574
2559968622
2564033918
2557746270
2551198927
2601706949
3662864837
3661816260
3661689796
3674269637
3674271703
3674450406
3678583150
4215404910
4198563150
2587910606
2588078542
2596438511
3133309421
3145778148
3116419060
3099651908
2562780676
2562909748
2562914084
2555560736
3088335648
2551464752
2551600912
3091625793
3108400961
3150278609
4198788055
4194662855
4194818390
4199009654
4207271270
4207211895
4223952199
4215300295
4215529718
4215468262
4215525862
4215330278
4215302022
4190138246
4186173350
4186111398
4186164646
3145747895
3141555591
3137369479
4211233182
4211274222
4223824174
4191229214
4174392590
4168100110
4176668991
4176664876
4191406380
4223683852
4215305484
4194362828
4194498044
4194473964
3141699557
3108099957
3116426823
3112216071
3095638567
2827129381
2844100133
2839856997
2835664757
2835860853
2819022309
2819030501
2839993845
2848251205
2848255301
2840063303
2839985511
2873525607
2873476967
2869221190
2869192518
2869307350
2873505766
2881882094
3955557806
3921937822
3921945998
3905168782
3905299631
1753612463
1753546941
1757675725
2026119181
943989005
944104717
944221501
944221469
944225549
960863501
969376797
969376829
2068222157
2030473677
2030490573
2030467015
4177985255
4182179559
4224176103
4219752295
4202960839
4202981318
4203078615
4203139559
4219978215
4223948263
4211095031
4211094999
4211241335
4211274087
4190294375
4190127447
4173358535
4173393350
4165119990
4181893030
4215525286
4211105670
4194336646
4198989190
3133601190
3146175910
3146106343
3146044373
3150242629
2596595460
2596779301
3133578533
3126250789
2585251125
3675538707
3641074947
3624296707
3628494849
4174332016
4165746784
4161560672
4165856752
4241422788
4241411013
4123445895
4149168774
4127993494
4129040310
4133229479
4143776173
4141613484
4141621676
4140573068
4140589444
4069376996
4086727540
4053173020
4055077645
4059146046
4045451054
4079069998
4129528110
3862018334
2788206862
2788469007
2788592911
2807465773
2757133869
2757161525
2891342341
2891327047
2832674791
2834566631
2834566566
2826182054
2824091030
3117818246
3113623942
3113681318
3163816102
3164368022
4259080390
4116506823
4146047172
4150175956
4128963796
4131082564
1983529228
1932181764
1898627380
1886357284
4038901541
4041010743
4040989191
4031548183
2974718759
3075390247
3058614039
3188389635
3192582915
3218846515
3181085667
3166552545
3166454177
3162247587
3157013891
3157147010
3173915058
3208526242
3220658594
3199564210
3199724930
3216482627
3216286465
3178533684
3174081328
3157321488
3157782289
3107356451
3106295075
2875655522
2885419490
2843685254
3120439750
3099469255
3099417957
3099380068
2830957044
2843535820
3122441676
3122308556
3126505724
4204429549
4007182463
3994579062
3994561766
3995023526
3997043110
3997043623
1861094023
1873151623
1873154695
2107835015
2107704231
2090873831
2090870114
2095066482
2095082818
2095298402
2091038563
1823586081
1844483857
4017141505
4013143297
3862074640
3865485088
3861290784
3862216213
3879513605
3879645047
3883843439
2818477359
2784349231
2784282655
2809460751
2809489670
2805361975
2809529638
2908095334
2891318262
2901808022
3099009974
4172559334
4172547559
4170456439
4225509637
3659279365
3659426821
3659457797
3665723653
4194272517
4177377029
4169117445
4169047813
4169041717
4169107300
4185686885
3139232597
3122423621
3122622311
3126843687
3135064359
2866612583
2866624326
3130876870
3130778566
3130622951
3149448103
3149448103
3145225619
3106430355
3106568625
2838116769
2871934369
2839494033
3914801541
3914736007
3922862487
3917595111
3917529439
3921997071
3913591055
3909396750
3913726255
3923687727
3923680127
3948777422
3948713422
3926237646
3926307310
3926032431
3927082031
3994272831
3996251165
1848763437
1846670445
1846658285
1850983853
1716671933
1718830525
1727252413
1726072829
1692651293
1692588813
1692592911
1684269839
1684138303
1684076846
1701103918
1852163390
1853341982
1853215038
1853223023
1868952943
1701301615
1701301759
1734826975
1734835167
1734704127
1717926911
1717860863
1726241023
1743116543
1743190229
1743190213
1744234949
1744173397
1702222709
1702222389
1702357559
1702357559
1684400951
1684396855
1684397367
1684882805
3832369661
3832353276
3832353725
3849261981
3882694589
4008524733
4008516543
4003814078
3869760190
3886545886
2779179982
2762403278
2758205903
2753917391
2753831422
3828621998
3828687534
3845456558
3841196782
3837002538
3030654266
3030657033
2427922440
2428381192
2159880200
2245851400
2270992136
2278396680
2542764889
2542633707
3062663146
3066861034
2791087338
2786888942
2786561134
2786504718
2937495566
3977699614
3979764591
3963032303
3962835695
3967029995
3966763689
3840935865
3836807673
3836811544
4105386248
3031640328
2494900488
2276732168
2260002056
2260042504
2193589240
2191492009
2459734955
2531038126
3067904430
3055326638
2786440622
2786571758
2805380446
2771823882
2905779466
3979521067
4013157417
4013022249
4012963129
4012963129
4017211241
4017344105
4016295529
4016163707
4016102779
4016106843
4016172415
4016231807
3982672991
1836237919
1836182647
1836117095
1836181735
1868810743
1860422006
1860290942
1860225406
1717692799
1717824351
1734540127
1684261727
1685310295
1685445975
1685384567
1685122559
1684143613
1692912125
1743243773
1735773181
1719008221
1718741725
1718872669
1735643005
1868680573
1868619005
1868623103
3982747135
3982681087
1818411735
1818444375
1818313599
1818252607
1818258493
1826711609
3974256697
4007807257
1860618505
3999791433
3865439049
3865373689
3873757929
3873819371
3873820411
3865368283
3865375691
3865371515
3882279274
3848720746
3849766015
3832937599
3832867071
3832932607
3831978239
1701202431
1701267935
1634163198
1634040830
1667328895
1667459615
1667484447
1676790047
3797212445
3797214301
3797280221
3866556409
3874934521
3891710713
3858221817
3838958297
3830476761
3830474073
3830539387
3964752923
3975502875
3992283259
3992447083
3991333243
3991329755
3991391947
3975530059
3967074890
3983860570
3979666234
3979797290
4013347178
4000793978
3999616346
3999553754
4024465658
4024523258
3991034362
3992345566
3992419278
3925176270
3958662622
3958727166
3958767862
3948282071
4015395975
4015465623
1869948067
1878275237
1874138533
1704398260
1704279488
1691625792
1679042881
1679108881
1612065313
1626737201
1622543875
1673334339
1654392515
1654396611
1921779363
1921848994
1921283746
1673815958
1673850822
1673834326
1673899831
1673899799
1665511189
1665646356
1661467924
1627913524
1627749756
553999868
554110460
554043901
558238207
566627327
562498558
595927006
600057822
600057806
591685582
591722462
591775742
600166382
600625150
600629247
600698359
567143797
567274837
566754581
835177757
835177789
868744509
868740383
1934075167
1900459293
1632081789
1682278253
1690681213
1690676061
1690614239
1682225630
3842358430
3875984574
4278599854
4282778046
4291175342
4253427438
3985911406
3985910398
3985910607
4023675212
4023711836
4007591036
3999190108
1847412044
1864122844
1830155228
1830249212
1834361597
767756025
763371133
763373949
767633708
759248940
759175196
759175180
760427788
764556061
632435469
632292109
631506733
637274407
627964279
627964279
627964279
627964279
627964279
627964279
627947895
896384375
896382454
359510454
862826942
309178806
309179830
325696694
334084278
1407826102
1399437494
1432991926
3576348102
3581588934
2543510470
2543572582
2543634151
2542591719
2529984119
2248425079
2383688423
2383881135
2388009135
3671400621
3667137724
3751098508
3705022604
1280764044
1278642636
1546555356
1546422269
1546166747
2133369082
2117902702
2117902703
2138878767
4250833453
4101936684
4101426732
4097132924
4096792820
4096862389
4050794677
4057074871
1909589399
1909655174
1909531270
1911562934
1910794167
1910830551
1910605141
4058223924
4058036028
4041519932
4041520700
4117018172
4112907833
1965448763
2133203754
2133203242
2104961070
2035746878
2027363390
2027361310
2023101519
949424589
966001093
1002464149
1002500741
440513413
507613591
524326375
524342759
524547943
524482399
490903327
490911519
339842365
339772733
349211709
349217813
349414420
366116892
1431486476
1293025292
1293040909
3423742495
3436325422
3432135214
3448769086
1335121438
3466379790
3332211466
3600454427
3738870061
3591938156
3608718572
4110981292
4110981517
4111121807
4111124366
1963606926
1998455694
2000028606
2003178926
2011442606
1990470893
1990485116
1990516748
1994711052
1999937548
2000065820
1964415532
1964427820
1951812197
1951734407
1947281031
1964188293
1964114613
2001928877
2005930925
2005935533
2005937661
1972381967
1420835598
1420912398
1419833630
1419821118
1424064570
1416806426
1544741914
1561521438
1595075855
1582494991
1584550155
1458831371
1458307131
1459359801
1459490873
1474171960
1364143400
1074539816
1078734616
1078730568
13387720
1082935240
1083006875
1133469626
1116608426
1116616106
1120825770
3259986858
3259790250
3263984554
3263984554
3264012713
3280778664
2160900396
2149431340
2218764572
2218699020
2231020300
2243603980
2260383244
2260316708
2264433189
2251866471
2250769638
2250966242
2267692258
2351627490
2632644674
2628435266
2628431810
3098324930
3099377122
3103034594
3139734754
3928071314
3929191570
3929206946
1781670306
1796350882
1762796210
1757491862
1753249686
1753280454
1753279303
1753279303
1749134149
1745005381
1745025861
1761761109
1795294039
1795294037
1795359605
1765868324
1757418276
1753223980
2021664572
2021664012
2021862664
1568816136
1602360328
1602290697
1200637002
1200670202
1198818794
1127532026
1127530970
1127633355
1127625673
1125524296
1129718552
1100423960
1100227385
1083462507
3233044330
3249856490
3254050794
3275018234
3275181642
3275183690
3273028107
3243696927
3252085629
3251036533
3250954727
3250885095
3250881699
3276131490
3276200082
3271981506
2164669762
2168876819
2177361715
2206573107
2206573363
2206512995
2458171363
2462354851
3057946019
4144269475
4144270515
3875773587
3875706049
1862443217
1862443105
1828905057
1762910305
1762718049
1766913379
1774253427
1757543763
1757642051
1757577153
1757577157
1749229525
1749096437
1750145013
1767052113
1767052113
1775305521
1775244081
965747492
964764180
427893252
495134212
495070732
226631181
227675919
93409103
95735758
65308126
56934910
52744699
52711931
52916601
53895545
1131831613
66479965
66451293
62169087
62169086
66953146
326999450
322930106
306155930
842895578
842903802
840413674
571777515
587506155
587522539
587519467
566611435
600169979
600178123
566588491
558306569
554053897
558244153
566633257
567162667
630134650
634134362
759963082
759963098
767849978
763848570
696476442
696382219
696435227
700638011
725721915
725657467
725675515
721476091
721443323
725694715
692206043
700595545
683808009
683856667
683905563
675394171
675324506
675330042
1774239722
1807792623
1799469309
1778563292
1778564428
1778562372
3942822772
3909260132
3893543524
3893544484
3897673249
3905996595
3922779443
3914394899
3914460435
3914525719
3914521655
3914485111
3916645749
3916632949
3899855477
3899724405
3899724340
3975156276
3975164720
1827676436
2091987988
2092119060
2089956420
1435641028
1471299020
1203178959
1203096974
1135920574
1139070382
1130680558
1127502078
1094005118
1094070590
1094066463
1096181535
1104635662
1104535374
3281898334
3286076382
3338444510
2264700670
2260570878
2258489982
2258489918
2258493998
2275205934
2274681134
2245325167
2245313647
2237517055
2237659383
2237069559
2237061317
2237028805
2270584653
2270625357
2270668541
2279057133
2547365869
2547300349
3052713901
3052707756
3178536876
2937363388
2937429980
2937561052
2939332604
2939332076
2905793892
2905797988
2893139300
3975269748
3975277940
3967020308
3981700356
3981569349
3976326981
3980652405
3980648417
3963867105
3963702705
3963702705
3964762291
3990055059
4023548050
4006762898
4006796674
4006862290
4008830258
4025541922
4025543971
4024495413
3990973205
3982715700
4012080100
4013099941
3882945461
3864071574
3872460182
3871419542
3888129158
3888129174
3854642422
3851496918
3853724502
3853724503
3853728582
3857726278
3880790982
3880982870
4073851174
4069658406
4071700278
1940922647
1939874052
1403003140
1365250316
1361101660
1077068540
1074962108
1342433932
268495501
268487630
272878030
277240266
294005195
328608201
328626169
316075693
307664556
303338396
840212936
840212824
840212777
840285993
842500649
859228729
825363993
808850233
808845355
810876970
819396650
1888886138
1888446938
881646490
344492958
1418234254
1468632462
1603187086
1586405775
3465994671
3461866991
3725815150
3725659430
3595570470
3603967270
3616615486
1469199423
1471362092
1471157292
1466958900
1160775476
1142031972
67261156
67363456
67167872
339775361
339774851
348362675
348301235
482517891
532849282
507683462
440570822
1514309390
2047905582
2047912747
2071243307
1777643051
1777640969
1777645064
1796510232
1778684536
1778881528
1778816488
1783010536
1791464937
1787148105
1766171145
1762112075
1745343195
3959780073
3959695081
3976470505
3880061353
3888449705
3800500441
3801552905
3801551881
1922510857
1385504777
1384390681
1115951145
3284418859
3238315311
3238366487
3238501639
3238501379
3250953219
3246701587
3246767121
3246822513
3230045665
3230054305
2428938145
2420621237
4026898839
4093741190
3825436806
3825309910
1828960374
1828889622
1862459414
1795350839
1795318055
1762857253
1750139749
1758462949
1753221103
679492575
679553743
683682511
675359439
692268751
725759951
708968911
718488030
1804714366
1771098478
1770038630
1770038647
1799415111
1778640327
1778577863
1778536887
1778532775
1782711719
1791434151
3934596533
4018630549
4018601669
4019635789
3990324749
3981742605
3981763135
1830085423
1834279215
1817588015
1813393439
1677922367
1946226735
1946161263
1958805869
880869693
813893405
276956687
293746187
58861067
42145291
42206729
47466297
39081273
55334200
56365432
22811000
31396184
31412697
27119993
60675451
66975098
67083642
25017722
1094499835
1077722587
1077728729
1098760697
1140773336
1134490072
3281969628
3280920957
3247366501
3230523749
3230463335
3226262887
2149408085
2151632197
3242118469
3275659204
3263080388
3265242053
3265115123
3533484514
3550253542
3554447846
4077164006
3808738790
3792027078
3791822278
3858931158
3858933094
3858933094
3993231462
3994284151
4010922045
3981496365
3983602029
3899712877
3899785085
3898854013
3974319741
3992012381
4025692751
4017300047
1869816655
1836135263
1819284455
1827673575
1693455847
1689335285
1957900741
898769349
361902533
294793669
28775757
28644685
32855325
31814973
23393597
56948089
56906105
56906233
58545145
66999259
62289338
62223802
62191034
62182826
57988538
53999034
18277786
18281371
18215839
22344639
22340591
54911981
46588781
39248701
39220031
39085359
307520815
323253547
289690923
289887547
298284315
298284379
331863387
327664986
394646874
394581354
499449194
491060586
469855598
474181438
415463198
432232287
432218975
163734495
188900317
188901325
188897167
188800431
188808687
423688685
423688573
423869721
457424153
1002681625
717467929
717467929
1791202651
1782685035
1799403881
1795209577
1761655596
1761722140
1745065740
1745006892
1745006892
1745014892
1746060396
3897740525
3906128125
3906197885
3906066813
3906010973
3921735501
3913344973
3942736861
3942806509
3948020653
3981640383
3975217855
1827734269
1827672813
1827678068
1823485300
2091920660
2091985924
1420964868
1437736964
95563788
128057613
61146382
61162814
65369390
52786542
52745726
52752863
53793227
58048969
1140314587
1136129498
1136125370
1200995754
1200930218
3327434154
3327434682
3327367066
3335762570
2257826458
2257695742
2274407278
2245043055
2245042989
2236851749
2236792437
2236796516
2236796768
2232504177
2266062161
2266055953
2203272241
2211700785
2209603601
2478026833
2477887588
2461042148
2457112036
2452917237
2520160981
3073809109
3072769861
3039208199
3039076631
3039097143
2770661671
2770789671
2774990118
2816920598
2816723990
2817588342
2943417430
2937322566
2937257303
2937255797
2769548901
2773701237
2775675477
2758816381
2758808301
2767197165
2767197679
2767199725
2783984885
2779856085
4122424519
4122350023
4122366415
4038546255
4042740559
3505878862
3497485662
3509940079
3509854061
3509852029
3547797117
3539285725
3535041501
3535041501
3535098271
3535263166
3539465406
3539334334
3547722942
3514291614
3510027726
3509966303
3509609855
1366320431
1374708015
1374756919
1374892311
1349718294
1345524022
1343435558
273884982
273758014
809573662
834669838
868240654
331629902
314854874
381967850
373587434
390365098
524507130
524506058
499373002
495186811
427942703
432137005
1539548989
1539551005
465628957
423652157
423639869
419577679
423763727
423757086
432210286
432066926
968925678
2042667486
1765848538
1765850619
1765915129
1765915516
1766046300
1795340828
1795274524
1862381852
1862529064
1862430760
1728205864
1728187436
1733429293
1741883759
1737711482
1737684810
1736684106
1736487754
1732294474
1728089418
1728104926
1728240558
1862413230
1866608303
1875056285
1875063437
1841443468
1837314972
1837133244
1837164972
1837164861
1838197001
1840310539
1835067658
1696693514
1730285882
1731330347
1731330539
1850868139
4001566634
4018211774
4018215710
4118817551
4118816527
3581960975
3581977353
4119036680
4052124456
4120874792
4124870697
4095248427
4095248491
4095382634
1947885642
1947869390
1947869326
874122670
754584238
750389934
1034820231
1000741511
446772869
447754887
183509559
175137063
242278703
242278701
240181545
181462825
142859066
1216535322
1216518922
3364002570
3368192778
3423899146
3455877642
3333980762
3348660971
3315106479
2224603815
2230968995
2155472035
2150220963
3307920547
3341479041
3593136257
1445619840
1181374592
1177488528
1177289952
1445732448
1462509860
1411675705
3563576859
3568799291
4122319370
3718031882
3751586314
2677848602
2679946026
2675743019
2671560745
2638105897
2636006696
2631811852
2627101196
2629169692
2495406621
2498291239
2502479394
2502527970
2502670562
2502670562
2502551762
2636867970
3745132418
3745132418
3745393538
1601571058
2074413153
2074085408
2040544288
2040538112
2020630532
2016514836
2014360412
1761650396
1795206812
1799457471
1778629310
1845738174
1845672638
1845656238
1728199598
1741819310
1928465839
1927417005
1923159212
1918906556
1918967948
1911710156
1885442316
1893774600
1424009480
1411483656
1411422265
1432393769
1440797754
1437012234
1420690186
1420689962
1554907882
1549533931
1545347897
1275864328
1209806088
203303176
215906569
96439050
113019146
380406026
1458211994
1986696346
1982566555
1982435464
1999287176
1950003848
4097499896
4095353580
4094374636
3021473389
2492993390
2512128110
2511083630
2678855754
2410493962
2376997899
2377825289
2377821705
2377887528
2344134952
2331544936
2323156216
2323162248
2319033481
2319148203
2335835626
2285506542
2285506222
2566530750
2562336414
2562207646
2578984382
2338867354
2334705866
3408455946
3374967050
3358255435
3647662537
3714772393
1568198059
1568198047
1563979151
1595506063
1601797535
1467710861
1467628949
1467673013
1409191348
1946140052
1946129876
1923974612
1944355156
1935970676
1898293029
1881653029
1881668407
1881619254
1881291558
4032968998
4037426214
4054189094
4087677958
1944854542
1929127246
1388111326
1386002365
1384679356
1384678812
1913169356
1914414348
1931128076
1882893060
1614457636
1614448933
1681831991
1681848535
1816087701
1830682759
1864237463
1866339235
1853305505
1878271649
1706309281
1704998565
1688221317
1956654725
1974496135
1441835462
1171307990
1204925782
3335762718
3337794366
3333862186
3332801322
3534536506
3601373467
3601373225
3605764137
3597306088
3727346824
3744195720
3694879880
4231718792
1950279320
1950275289
1952859727
1961117278
1885628142
1903453870
1920230830
4074653102
3533587646
3533325471
3533332637
3539624396
3589939532
3295295245
3295218239
3295156782
3303815982
3303881006
2229894462
2276184334
2393538830
2393538895
2661908989
2667352492
2654765996
2669457340
2669587096
2636032728
2636049097
2635524859
2513959786
2513751418
2513913178
2513924442
2516021758
2549445102
2549567983
2533316029
2522682781
2522613213
2539475325
2539614525
2508087327
2424250383
3505202442
3506182490
3506244075
3506379707
3571325849
3579714445
3609003919
3323740558
3325870542
3258839326
3278758190
3286820142
3517492527
3517558077
3517623580
3584736716
3618344404
3622340004
3546842532
3547169956
3542569125
3542491301
3508674743
1344411126
1881280470
1885486790
1893739223
1889544919
1910532821
1944256197
1944246213
1927399365
1927321588
1927325540
1935714148
1935910693
1935783717
1902165797
1902182199
1902313335
1935834999
1935810406
1935678966
1935685110
1935881463
1902260439
1910636743
1910652997
1889587293
1889576252
1910549820
1902164252
1935784221
1935718685
1919024473
1919057227
1935807946
1902251514
1902316970
1893871018
1893868974
1893863838
1910526414
1910567375
1910546911
1902158207
1902163263
1898166079
1898168126
1931714366
1919131198
1919073822
4074946079
4074935867
4141912889
4133531992
4150506840
4113749368
4046638440
4029898728
4033052653
4033249023
4033239006
2967979870
2967848286
2967778622
2967774254
2980357166
2980361535
2984613125
3010303748
3073349140
3073308196
3073304100
3073269604
3077524965
3043904981
2783862211
2783866306
2783800786
2783772002
3982818402
4017140770
4017337362
3996307459
1848823811
1848795137
1848713265
657661989
624037925
607519919
544672699
552405675
548215467
816777867
817171082
833650314
296788618
295740110
1885450782
1952559910
1952489762
1885380642
1885383713
1885461536
1981946896
1981955072
1981942787
4263644130
4143004386
4136643170
4135594726
1988373126
2005200526
1971631754
3549397643
3549398664
3533213372
3524832172
3526937004
1378822316
1379805356
1932929212
812002460
816186780
815924916
1889789604
1885382372
1881189892
1897967364
1646311940
1650493968
1658952208
1650637313
1650638339
1646654499
1713713186
1714303078
1731069094
1680739462
610670726
883296902
883231390
815807166
815803039
815803023
819998349
274862733
283247309
14746351
14705191
14738211
14726947
14716721
14719537
14785072
15186480
61259264
1118745092
1118737157
1118470485
1185449191
1182571686
1178381550
1176283246
1178577934
37661710
37151750
51803142
1091978261
1075203104
1079920688
3235830032
3502178064
3502154240
3569263104
2544796352
2679079568
3752444566
3756547750
3748145830
3643554478
3626764462
3643218106
3647353994
3689033930
3690078414
3665027087
3662718013
3725632796
3725636876
3730153292
3738607309
3755391711
2648631966
2510187166
2510174886
2510167974
2516321710
2516320430
2683121822
3722780815
3714326605
3441697816
3442215992
1294735369
1231579145
1240066059
1307220267
1332390202
1328152011
1328076169
224941453
224990604
226112956
360328612
358235556
354229680
355808688
388315024
387983313
388002565
388023047
392222487
358653229
367040813
367377213
367524665
367393657
367909849
368007567
402615711
392125871
390534575
324482479
325547455
325283287
325275095
291752791
291543927
828414823
836869495
870497558
593671446
593600790
861974839
828478269
807637532
1881388572
1881652796
1345321516
3496925740
3572129324
3567781660
3568829261
3300594126
3233420686
3233422526
3233487022
2176583854
2214512798
2213976207
2188819596
2251784588
2520097516
2520031788
2531566127
2527371822
2460262958
2456052270
2468619054
2972057902
2972582382
2968396974
4037949597
4054595724
1903966348
1899772044
1899964556
859712908
857089880
662061592
669434395
770041371
769961531
761571870
1013221918
1013235246
1013222966
1024837302
1023891106
1057959842
1057828003
1053631648
1049564320
512635008
496906368
217985216
73794816
73666080
216033825
211839523
211872562
148945154
165853442
174254082
171050242
172103090
172110770
180499122
243405474
243548834
243557283
226812320
230993312
202160288
205305968
70096912
87014416
86434832
56787968
56792320
56788224
52660016
19969824
19965728
17867557
55615789
309506317
305300751
305237279
309631279
309692719
1929283903
1996392911
1996393359
4152278926
4114518926
4248818350
4231799470
4231799470
4231996078
4169011886
4176413418
4171762986
4171773994
2024286250
1487415307
1487678473
1219257353
145006793
167019961
420971945
1527160233
2064035259
2114104731
1040365007
1044558095
2119348495
1997963575
1966444577
1966400609
1882549728
1882590688
1886785440
1911951008
1911957120
1936073344
1919029888
1944257201
1939882465
1939890213
1906370597
1906354237
832612367
870365215
862099839
841125327
842187215
858947590
828538902
878886946
874516514
874521634
874784818
489044322
518405074
514722434
447679106
447487618
447488706
195830326
145498662
413491758
413631023
413434415
1487184429
1492427304
1507109496
1532340808
3674315608
3674459128
3741474648
3707924744
3704770828
3566650124
3568748055
3501641510
3502024998
3495733346
3541862626
3592324226
3592339587
3594437249
1446953601
1996374689
1994138275
1977361058
4098106022
3770963110
3770995878
4123325630
4149603534
4128763086
4130794574
4130798942
4143439150
4138028078
2544321563
2494434313
2628725784
2628594984
2628730408
2633961004
2382169725
2312897167
2311856782
2311857070
3369861542
3361472742
3357281490
3374262275
3407751168
1245669376
1245243408
1244310529
1244311555
1265271042
1219133762
145457330
145272034
142141666
137898082
154692067
171634625
171636417
442139313
450397859
450408099
449359778
442022322
509213107
511326643
389692801
359284608
342757248
283512496
284429984
284175264
274737568
274737552
291531200
325110225
333695313
325245267
325253459
325187955
325081443
291625331
291764595
300087667
300149107
299957617
299933009
828481301
828618517
828620565
862043445
862035253
845257789
845328413
304263197
304324637
287551513
807571481
806782249
542542635
549882427
546802235
546679242
871803018
1916184714
1915121802
1915158666
1445331114
3592827306
3613794862
3584500270
3701805614
3701740046
2628019727
2225925709
2225912300
2217576876
2217445820
3292199612
3308939924
3308923524
1128214148
1396518532
1396585908
321787300
321330340
321142004
325074117
325082309
861982037
861969701
862043445
862174485
862174229
845265973
304133173
304189493
321105941
824356916
811774244
811765028
812812565
1886566661
1969465605
2002954245
1713547269
3861027847
3995500551
3995566567
3996418471
4000707239
3983991458
3967215250
3967155890
3979672290
2905898466
2909035618
2942585954
2917629266
2917560066
2918084098
2892914178
2892985858
2892785522
2892772706
2766931426
2767062482
3031318467
4239272787
4243528275
4243393282
4243339570
3572246626
3572247714
3568180370
1437207682
1386878082
1386874240
44631952
45876896
40642208
36447904
35925664
321138576
320957392
320916464
325110627
325114723
325319031
325319031
325302647
601931127
585153909
576830772
576961844
576894228
593737012
1700892988
1679921436
1679987464
1814181643
1814445578
1814960682
1818901290
1839860138
1839729082
1839736970
632825994
901260426
901259401
366948744
354292152
20386732
287696804
287352740
287354852
857836881
1935838467
1935916307
1935717939
3814757923
3789790769
3785604629
3819026997
3823155765
3815217701
3810941669
3810925221
3810921383
3810921879
3810927766
1633756342
1637880998
564137126
564137094
547368135
547382343
832615431
828616982
862171414
862041366
862035262
862042430
325302558
325253406
275134742
23469366
124128054
108924726
249237270
244858678
244857127
179838247
179977473
167439808
141200768
136947120
136951216
221822369
236496037
240689317
508076199
374124710
911847615
880447647
879396041
1881847817
1345293085
1881451053
1881451045
4028955185
4046344705
4046340609
3614065457
3622519073
3618251041
3618251009
3584694593
1437272448
1156058016
1156058017
1416113059
1416179591
1164583815
91095430
124191126
123990518
123773734
392209190
392209198
1440786731
2007214347
2008197391
1989322767
1993783311
2115426382
2115372494
1983775134
2000552350
1966998462
1954153134
1957376934
1958225831
1958225837
1975001484
1471726024
1475903944
1999413720
1999545704
1999546664
1731701560
1735506441
1743886859
1718786618
1714593338
1714586123
1714782475
1714782267
1714941994
1714905134
1865815078
3996529698
3994432562
3998629234
4208339618
2073365170
2140610194
4237702787
4238226051
3703460483
3568681601
3568602529
3572803813
3576997927
3575965703
4079413255
4080429383
4080433095
4059448311
4055253671
4038345383
4043077293
4034684557
4027903629
1880610797
1880586221
1901417837
1643468141
1656182060
1924588588
1924490268
1928619021
1913922573
1377123357
1393957919
1360398431
1349913551
285084367
280955535
12332735
129246911
110385111
110150999
236111159
236119095
254878738
221520914
203777298
140961538
418812678
418808374
1486127718
411345702
411346726
411418421
411417360
1480890640
2013563152
2013706288
4161189936
4177958931
4263414850
1983792258
1982726530
1915683714
1915093666
1923224227
1654665888
1671443104
1638937580
1622155528
806363912
269511176
269609480
286391000
319900075
307447995
311837835
310526091
311607435
311603338
330473498
300065067
283159851
274770217
270842665
270829881
270829835
289179914
287229194
1394475786
1365124094
1373516718
1369313702
1938559142
1938575526
1938579877
1942285716
1917160116
910461620
906283740
907344652
909125900
506602501
522330134
471994646
476189478
481444646
479264306
478210818
226539841
260086208
109287552
105027712
101098624
1175896448
1396687264
1367339937
1350017699
1358343842
1891080850
1895090930
1901353702
1901342438
1937184719
1903567357
1886790125
1895239916
1892951292
1884563524
1884580164
1886714181
1911917317
1911983943
1911994183
1945470934
1943319542
1943320550
1901567847
1930927975
1662511479
1647831351
1647769637
1647463461
1651655957
1668444437
1945330453
1909584693
1909506357
1909473559
1372605446
1372923926
3520473398
3520473382
3554031910
3554413846
3550347526
3617477062
3583951814
3584005031
3565990309
3561799077
3557599653
3557599637
3574508421
3607539589
3607529157
3621176007
3621176277
3617515493
3623708133
3758058997
3732892117
3731848693
3597655413
3597522037
3597463589
3593236535
3594281047
3610206279
1412325830
1349403606
1357776535
1353581207
1354695381
1358692965
1350316837
1350312236
1367224584
327032073
317589769
317655323
1190934825
1181509928
1181542408
1315763208
1311555656
1311490200
1290457224
1286271881
3366646443
3367695082
3367546602
3365448426
2564336234
2551745402
2568723274
2585438666
3659178442
3730477515
4292788633
4286382504
2101092776
2081695148
2081819052
2098608556
1876041132
1858325948
1849728396
1732291020
1728096524
1699855148
1710263084
1702072092
1830982414
1864622606
1864442414
1797403182
1764890158
1747323630
1759972078
1756104862
1756104911
1755584716
1755602124
2025104460
2077598732
1510445868
3657872940
3657872932
3729169941
2663812695
3200764774
3200580966
3217845614
2576307502
2577285950
2644378127
2663264783
3673697807
3665312559
3727165551
3727231215
3728423102
1446718606
1461592206
1411276943
1414971790
1423360646
1150635686
1284565734
1288759846
3429919270
3705831206
3718708534
3752297750
2679018549
2679020580
2578225188
2574027028
2302446084
2283776580
2283171520
2282104512
2286298867
2311528098
2373979298
2407532706
2394949794
2260929666
3334610050
3331517570
3331501185
1116843428
3260061860
3524561124
3543631884
4046891276
4046366988
4113475852
1743625516
1740475436
1744620580
1734085668
1696345191
1681275046
1681005474
1685195426
1693585074
1704136322
662713986
847275654
847291779
851489859
848409649
854832181
304325655
304305159
287768583
270929975
270938415
284033823
280888267
277087883
8657499
8673803
13036303
14067999
16034071
6595847
6594823
3047751
53379975
36619143
40825763
40893859
377350627
385673699
383577378
383542566
383271222
509329694
526017374
1549673422
1558062023
1289094023
144114621
143918061
147071273
147072297
147074313
214056201
222714123
123128154
102156778
37546378
37531018
40666506
48992666
313184666
330232217
296645112
284057896
272425256
272428840
272411432
305957641
308120329
316442891
315458619
307138585
307146824
303026377
319635705
269373945
806016969
810204745
819640953
1620814393
1620617753
1619569275
1665960683
1644725947
1661571727
1628340879
3759063735
3760063399
3764281763
3770115235
3768851619
3819183329
3802545345
4075185217
4066796801
4066891041
4075115873
4075116371
4083644355
4083578818
4050077094
4059317670
4042544550
4042528246
4042530254
1886666078
1366566198
1399268662
1399202583
1399198485
1399259924
1365509940
1373912356
300759540
300874628
292485764
291949188
321177237
321180343
326415271
296001635
816095267
820027427
807447555
807708675
858040627
1915140880
1986968064
4134457088
4268573120
4264345744
3056464032
3052200416
2695750368
2695878388
3770670790
3769921254
3765710574
3761512110
3760458158
3777366190
3777366190
3782618270
1905401998
1904287886
1417683342
1417675402
1149289162
1149349450
1150528073
3300371032
3300371032
3303455453
3295055565
3245246349
3241968060
3241972141
3510413293
1396485925
1396616961
1932430593
1919847441
1928115233
4134315040
4130316288
4129730560
4129739072
1983251408
1997996704
1964315296
1685337761
1689530022
1689530030
1688551342
1958478250
884736138
352071882
276619338
272606218
270970143
270899502
270567727
270633231
270697741
287744332
1395040588
1378255116
1378256140
1391364396
1387116845
1923410223
1923409966
1927607310
1382400062
3526869230
4128690367
4145475725
4113977732
4097722052
3569307172
3567848996
3702068772
3702010149
4238877031
2632459622
2632844782
2633895590
2629174966
3706799830
3694150342
3694162510
1561355022
1561420559
1607721480
1602680616
2105974056
2101841176
2098498568
1964813320
2099027208
2086636888
1028050297
1028001243
1024264666
1057237434
1040658346
1045571498
1053950890
1051919290
915407770
914411914
918593950
910206126
1983949037
1448327228
1450371388
3613583901
3563256334
3563194894
3563193870
1558446606
1554276910
2090901806
2090901550
1839238181
3923806244
3945826308
1796319296
1795271744
1845734592
1845668996
1845681284
1862417828
3875675044
3876981408
2816740000
3081505376
3081574961
2460890626
2527667714
2527604226
2259217954
2263386146
2263517250
2255132866
2406128771
2355813762
2355658114
2351640022
2284460406
2284525862
2288523558
2355640622
2359831342
2359896350
2376609230
3450348943
3353886856
3342385288
1161396632
1195028872
1178250588
1178315036
1178183988
1108973844
1109104660
1377482772
1376419844
1376682052
1359904964
1344180672
1417593584
1424966178
1420768802
1424764454
4109117734
4151076966
4264446158
2116700302
2116702094
1529499277
1496202908
1480404716
1480336936
1484534568
3703312680
3701223469
3701465103
3700400134
3700199542
3700204706
3700206754
3628644514
3742076066
3726279810
3726296194
1580862594
2117602467
2115516838
2119707622
2128094958
2109678302
1555964623
1555964493
3432449821
3432253741
3436456237
1292118301
1339326221
1151226703
1153323727
1153057675
1084933033
1089004457
1076399528
1127852488
322677064
322939144
289318920
288863241
3506187
3178506
1410079
1477669
1477412
14584352
27180560
1134470912
1119793408
1191084033
1324253393
1324339427
1584362658
3731713186
3727501730
3710720674
3693951666
3697617538
3697748610
3706080898
3703033522
3702840802
3751587299
3734809057
4271679696
4141725796
4131293220
4064184356
4062872612
4062875844
1932190084
1882088324
1613628044
1613696685
1613183661
1621441199
1621375918
1621375470
1889811486
1889805326
1894114318
1885779230
1885781262
1944369934
1927588630
1927580469
1652329780
1646036340
1644789940
3792355492
3792322724
3775541668
1881023413
1895699079
1889997526
1889875506
4037290786
4037290274
4037306402
4104517634
2494015490
3588669186
3749103106
3727606274
3731800642
3739992818
3198784162
3198726561
3131612321
2951252197
3207116996
3190533316
3190465732
4280968580
3844743556
4096407428
4097448868
4110027684
4038855589
4038855077
4055116181
1941187973
1387733383
1119031687
1116734359
59793831
9486817
1085793
3272993
2224389
2171141
2303245
2242829
6691085
31857417
48630025
48498969
49573177
49337609
49316123
41197866
108306730
106209579
108429821
1165921677
1290701197
1286510981
1286577063
3433937575
3433411250
3483742962
2393236066
2397893154
2389500195
2389499936
2385308768
2402183232
2301245888
2288651200
2297105056
2292727457
2359832482
2359832034
2359831782
2364022006
2369537110
2369553422
2369757198
3428818950
3432882183
3703481356
3703487548
3715926316
3611068708
3608854292
3592332804
1461641732
1461641988
1360970023
1884831974
1882915991
1883117703
1412307079
1416497557
1420630949
1554783925
2107904647
2141475534
2146300430
2120852270
2120786214
1860739110
1856602135
1856544773
1852354581
1781047333
1781043237
1747636591
1747645038
1747599982
3974777454
3970517742
3836267247
3836271023
3886569631
3861392527
3995672719
1848254863
1848246959
1861092015
1856307885
799281836
614740732
615261000
616309000
880549896
337403912
337415432
874351385
878554105
878291931
887077769
335449737
318145163
326533707
321290778
1361556026
1361355562
1361356074
1403298858
1453823018
1455325195
1453228107
1453228235
1444867179
1444800747
1444866219
1444600749
3596275356
3621470860
3721949836
3696763548
3696763628
3696895532
3707387452
3702132260
3567781414
1420306150
1437082086
1474834598
1466433710
1462247566
86581390
70885382
339452935
339651585
339650817
813087489
812878099
821333011
1935117315
1914602499
1981713475
4129201219
4265515122
4269733922
4269665574
3195807334
3172795022
3156161166
3162387102
3166569126
3166503847
3165913516
3165920444
2633246732
2619090956
2621270284
2642307612
2646272556
2512045615
2544621071
2545467918
2667103086
2658709998
2675675374
3220870398
3086654581
3078330389
3073939477
3057162565
3057379799
3055185334
3071940494
3038381958
3021606822
3034449830
3032418215
3031241637
3031180180
3031179924
2494326660
2498555780
2485938580
2485471397
3022407843
3072739494
3055962326
4075177414
4075758406
3538690630
1382818342
1466704678
3572375842
3236830498
1089275938
1156069378
1156066306
1156066306
78176513
95334656
112100096
1190037248
1177391088
1178442720
1178122720
1176021856
1444457252
1993908020
4137334541
4137329423
4271546669
3065688108
3057157228
2987934892
2971403452
4028503180
4027463052
1620981421
1888890542
1891057318
1353981606
1357135570
1076112898
1076161794
3582978
3517698
7638289
24415505
24546753
58104193
58104195
1194248578
1194281362
1332681650
1198275554
1475096098
1453860386
3601347346
3601392434
3618218337
1437114848
1424538784
1970841744
1998100880
1981528208
1916450960
842709136
841919696
841925825
573424834
572978483
572974883
598134563
598592801
564947975
539763719
539765767
539367623
539364278
543558375
547621607
547621479
547372551
547366407
833627655
334497071
315622895
382934447
373365167
507521471
507521438
524384654
499341710
483544526
351454478
350404878
350282031
484761901
501543212
367300904
392533496
926263800
924162553
637897177
641972697
651335705
584223757
575898637
571572237
573607997
590520572
540172493
540153741
1613893295
1625689774
1621363438
1638144750
1940139726
1923362766
1923360734
1403417582
1354134479
1358328783
1358287821
1349832189
1348786541
1885645293
1894099455
1944496607
1919328205
1919140813
1914749404
1914753516
1914757356
1931698412
1902272997
1885483509
1893938135
1893807094
1885352566
1885352790
1885411158
1885495095
1357306133
1357302021
1403373829
1390722308
1391308036
1454290180
1454084101
1453900838
3605591078
3597198374
3593104614
3593096582
1463437190
1467662978
1436140178
1972953761
1973217188
1977410980
1899816100
1932326052
1932416469
1936594373
1936077061
1910846263
1910781733
1373912877
1365524269
1399077661
1382316557
1382513183
1390861855
1390856015
1390724559
1383908750
1347872142
1344202126
1348384158
1348376478
1357879206
1357698535
1349315877
1366091813
1382414373
1382479908
1382480928
1382434064
1382433024
1449574657
1378205969
1394700561
1344415173
1344413061
1886603957
1894992549
1888574117
1888512679
1888546455
1888543381
1909498341
4078211301
4080304485
4050637148
4050634573
4091991629
4091995743
4083672942
4083509102
4049950062
4049945978
4049947930
4049959194
4083513627
4091934991
4075288909
4075222365
1927737693
1936093517
1903583685
1349923797
1349915623
1358366566
1357123430
1902386534
862268542
308749390
308753422
308741130
316998923
333731099
300214107
283436923
283426811
283938795
300713467
325961179
309220763
309223835
40788367
317388191
1391101375
1408861679
1374205805
3521684281
1357423161
1353228857
1370006057
1370006057
1902671401
1898520297
1898646187
1932135595
1395262633
1375338633
1354432649
1353646281
1357897801
1349494027
1349494042
1894563114
1890106666
4054358842
4075522586
4067072522
4062879242
4062892570
4129903210
3056075498
3056075434
3077243306
3047887018
3047701675
3030915245
3031038092
3032213644
3044715660
3575360972
3608913613
3608782447
4148016686
4146984494
4146668078
4146799214
4092211694
4054515950
4037607597
4037607564
3504872844
3492293004
1344879580
1344940540
1345006076
1407789277
1386901581
1387184141
1387167757
1387233292
1387049260
1373939244
1365555757
1361418861
1396111999
1379298015
1377184718
1383473486
1391853646
1390821390
1408122910
1374679086
3513572398
3513567278
1098700894
1365240270
1407116750
3516850638
3500061599
3500053436
3502146284
3500969516
3496774180
3224144436
3224152596
3224235521
3543015943
3543019782
3597271110
3605676198
3601519783
3618303125
3622484165
3622406405
3622354445
3622350397
2548606505
2540233257
2536006185
3072926315
3174629611
3185066155
3180871849
3181068457
3046794376
2547707080
2539318472
3609163976
3594287273
3594283179
3611126954
3613325242
4137603738
4137058971
3065479903
3065819679
2523701799
2519508519
2519529014
2502845974
2486051350
3559797526
4108976374
3567976630
3568828583
3568841901
3568842973
2499295243
3291031818
3291048714
3307792922
3320358714
3584594714
3584590667
2512106457
2512102376
2516100072
2503511916
2537130541
2537261583
2518342158
2518316574
3055186494
3201983294
3199918447
3199987944
3203980456
3178797192
3157965704
3157961352
3155880584
3155945179
3155698394
4229440106
3963102058
3975688234
4239065130
4238999611
4238999560
4104729672
3571984584
3563595976
1429825672
1463478664
3527076232
3531533704
4076835209
4076175513
4072112633
4076307307
4076712491
4093420079
4085032495
4080844335
3812596334
2738543086
2704955567
3850308783
3833533582
3831369870
4099814350
4099813918
4101968446
4125894446
4121701422
4255935530
3215767562
3215763466
3216549896
3213404744
3146497736
3217790584
3171517032
3155935788
3157934639
3090813486
2822246958
2821194862
2833777774
2846428190
3148495886
3131714570
2594842635
2598987786
2590550026
2604181514
3143346554
3133844858
3129718107
3129586269
3133903580
3125445372
3138028268
2837037804
2820162284
2822312876
2822308012
2833776876
2896758012
3166387404
3166399692
3170725068
3160272076
2631790031
3183996318
3217488318
3217463710
3059124638
3059650014
3070068215
3070010229
3002901076
2726142548
2720911972
2720920292
2720948709
2737729767
2704146663
2708210919
2716605551
3786352701
3820890444
3820890568
4093127048
4084735368
4051176585
4043249051
4039005611
4039038890
4105687978
4108628506
4096041486
4112819726
4146374174
4130254390
4130266679
3203063585
3198897441
3215459360
3220706800
3105499009
3088721538
2556036738
2560495010
2559839394
2559843490
2559847474
2555653122
2285118466
2302419970
3380502578
3451809794
3451539714
3434758595
3300413360
3432541092
3436735396
3428346788
3441023412
3325741445
3324675399
3593109766
3605696774
3601380135
3601375780
3601376804
3606621920
3594038944
3726401200
3726521749
3743293591
3577098390
3572891894
3568763006
3568574494
1555308811
1555326728
1555102216
1559529992
3694430744
4231301688
4231379480
4248153609
4214732298
4198400538
4196303482
4195197674
3125600938
3125306026
3133694382
3130544302
3197846701
3204072629
3195718789
3208309893
4248495301
4286490373
4294895157
4210877989
4202455863
4198244661
4265357607
4282253349
2084442341
1962541468
1421479308
1421479820
1421413260
1419263884
1423503244
1414049181
1415097823
1416408334
1953271582
4050423342
4050429486
3815159319
3798372869
2724626996
2724626980
2725683748
2721378852
2719249188
3809767717
3776709671
3778940142
3816687790
1660815550
1656621214
1656622222
1656568974
1658074255
1666462861
1628918924
1616049836
3769826925
3770084911
3768905222
4104416774
4108594694
4096138758
3694069286
2624062758
2561152038
2577925158
2578123798
2578131014
2611538055
2590570631
2318965895
2319170950
2317002374
2606409398
2614862566
2581193319
2572931621
2575024676
2583282468
3640148276
3632095252
3627836420
3694938228
3625732260
3692026020
3691948164
3721308293
4270238087
4270229383
3066462917
3067576900
3067904548
3059524132
3004473888
