627964279
627964279
627964279
627964279
627964279
627964279
627964279
627964279
627964279
627964279
627964279
627964279
627964279
627964279
627964279
627964279
627964279
627964279
627964279
627964279
627964279
627964279
627964279
627964279
627964279
627964279
627964279
627964279
627964279
627947895
896383351
359513590
359511478
342733234
342733234
342733746
342734770
342736818
1416477619
1424865715
1424865713
1441708417
3623796609
3597594241
3597518545
3597489907
3597231731
3731451427
2657647907
2657639715
2666134547
2662329347
2662196225
2662901105
2679678819
3187390179
3178923747
3158017763
3157823203
3157847783
3172789991
3172827109
3212662117
3212137573
3212137591
3220534327
3186979895
3182949399
3182945366
3170362838
3170760182
3162359542
3175007958
3107868359
3107942087
3174592119
3174587237
3178776933
3119074421
3148446807
3148440583
3135988999
3135922455
3128628503
2608403766
2608342310
2574855206
2583370790
2579107046
2579107030
2579176582
2579004806
2346220934
2337865094
2338053574
2340150550
2340019510
2406081830
2414469430
2380919095
2381960503
2650393911
2650329079
2642009077
2642139813
2675694261
2675695253
2675695493
2675668869
2407232436
2373678564
2373662052
2355836180
2364374276
2364370192
2364400929
2364536611
2364458803
2364444434
2355465746
2352257586
2369575506
2367614726
2636049670
2673863798
2665346279
2665338103
2665469111
2665305527
2665240503
2656851895
2656847351
2669417846
2673701926
2640208934
2650694679
2633950213
2633890821
2633551116
2641940236
2640027228
2639965916
2673524444
2673852124
2673718973
2548028077
3084899245
3084767661
3061601709
3057391021
2519997597
2536904861
2536913087
2503355646
2514890014
2963481870
3500159758
3517215502
3517248286
3517243709
2443638060
2439437628
2502217564
2503854812
2501827228
2501896863
2505891550
2543634238
2543703342
2543280174
2543280430
2547474743
2515955989
2507621172
2507522348
2503275820
2503324988
3038690636
4112497613
4111244173
4144794511
4144548254
2135672990
2144210079
2145259773
2046169340
2019696700
2019696932
2019762724
2029205028
2022710869
2021682887
1535160007
1518385039
3665999239
3670196167
3737173735
3753950831
2680209005
3217276671
3217211135
3084033775
3084029935
3075706285
3075854269
3038107341
3038246597
3038143061
3040748053
3073320759
3043765543
3043769382
3035368550
2498632918
2494446790
2495491270
2493398022
2359041046
2409397526
2392648966
2396841798
2398660439
2398659557
2398917604
2667415468
2671545836
2671021388
2671020300
2668882188
2668816645
2547150103
2547131879
2545026471
2513502631
2513699253
2513527188
2513528196
2505176468
3507877364
3493125940
3493129989
3508923655
3513117959
1374125366
1375689767
1400839399
1394543767
1394543751
1359941013
1363615637
1439108791
1438860951
1439814342
1420861958
3567297330
3567297314
3701515555
3705709875
3445665585
3442605841
3480385025
3453097473
3434223121
3300263777
2226456035
2230586851
3295418803
3292346754
3342739842
3460196738
1311137666
1315325890
1323418563
1592824291
1592828387
3738214887
3602948582
3602949606
3603213783
3603214327
3594890095
3612862831
3579739503
3573437823
2499679615
2491307375
2491270510
2491188542
3042754310
3084684038
3063450375
4137528119
3065949479
3070140453
3057041525
2520137812
2534875348
4095156468
4093781860
4107410980
4103473700
4103424516
3583310340
2547838725
2534997261
2535118095
2535113999
2673526622
2648364654
2644043374
2644042478
2642993918
2643260078
2648458158
2623275950
2623341487
2621246895
3158248877
3158251693
4097390840
4118490312
4285148233
4285195337
4268287242
4268270874
4285048122
4286100794
4294677802
4158293806
2526774830
2526791294
2530965247
2681945791
2673553317
3713744293
3722132644
3722321060
4259185812
4233561156
1551310852
1546985732
1545888020
1546936597
405823799
403727671
134733110
1481038102
1489422594
1216792834
1216669970
1216653586
1217376067
1238286275
1516160641
1516160641
1584906913
1592050336
1593110944
1590747552
1581310113
3707822245
3691048167
3691247718
3691182114
3695368498
3570571538
2509675778
2543224066
2526528262
2526987014
2526987010
2264810099
2549958311
2516324005
2499558052
2491169444
2440571284
2474454148
2457810052
3531546756
3527237780
3542970612
3542602085
3508990743
3509035782
3496257302
3504651582
3504642366
3504834846
2447804701
2440989500
2472513340
2455602716
2522595852
2518307420
2524672620
2675663727
2683921766
2679723366
2646105454
2650305918
2675570510
2642138958
2650461518
2650531279
2633592269
2490903949
2484871100
2484998060
2489196460
2505981884
2516334012
2549879037
3623096445
3614789693
3610628159
3576999951
3579094287
3588009223
3582757647
3582823223
2513094951
2370455847
2366253335
2367302919
2371494151
2411405607
2411278629
2377863525
2377728477
2377695709
2380038639
2367458799
2367524843
2350816219
2350819919
2485038671
3558862413
3562591949
3562817181
3495887517
3495834255
3227124638
3229483446
3229560998
3254526118
3321635030
3288154118
3288285190
3270332694
3266076958
3282920734
3316540703
3299759421
3303884076
3304867308
3304904188
3304968588
3296579980
3309159380
3309229012
3309237237
3309238263
3242194422
3246255606
3254545878
3285740950
3271128470
3271247254
3271247254
3267314103
3266134439
3269747109
3262440421
2201350967
2151138103
2149896998
2154063654
2162454310
2158456098
2225503538
2230207746
2230207746
2248033539
2281592083
2281563427
2273076579
2273145169
2248102209
2248102209
2247967589
2239517541
2239584229
2238674901
2271991685
2271991189
2264522165
3338255797
3330125236
3330063764
3325334972
3325407380
3325538693
3325538773
2251678055
2268391206
2239000358
2222354214
2163621654
2180912966
2210284358
2277000022
2259207143
2259219429
2280187876
2221453156
2217249589
2150156597
2150288151
2154753799
2163142407
2175727383
2209268055
2264777175
2264723957
2256335077
2273112165
2221789495
2221929751
2230316327
2221796647
2221694295
2234338759
2234123719
2234126789
2238321621
2246710229
2246775637
2246586645
2246582549
2380883221
2364269845
2365322589
2365295965
2365099517
2373488109
2402858477
2386146781
2386203596
2390414284
2407257084
2683954156
2650333932
2641946604
2642149357
2675695101
2541477325
2524698061
2524565965
2524541373
2524656045
2482713005
2482573487
2482574511
2449178030
2448129470
2481585150
2473131999
2468935503
2469000011
2468999947
3547067161
3513372989
2448019757
2431251759
2432564335
2432564591
2441076079
2474565599
2541674447
2520774223
2524836687
2524832607
2524963181
2541740333
2508017965
2507981117
2491208989
2497046301
2497179405
2497115999
2497115999
2497103710
2497103198
2499265886
2432484734
2424108398
2418827630
2418635135
2435470175
2507035613
2550010831
2550076879
2281512415
2273066495
2239571455
2222405087
3304534351
3304403743
3304338237
3304338229
3304355637
3303401237
3303466757
3303537943
3320300918
3345843702
3347023286
3325788566
3325723014
3329930118
2264643542
2532943207
2528683301
2527634724
2531832116
2519257364
2519482628
2537357589
2503872805
2487103781
2499686188
2495486764
2512214812
2679937804
2667362572
2667355404
2667352332
2662895967
2663158014
2675757294
2636935334
2620129446
2620263842
2620005810
2499421890
2516198083
2512003781
2545492676
2516072324
3581420964
3694685348
3694816404
3692748229
3692744133
3695939157
3720971797
3738826245
3738952197
3732627975
3732415015
1584931111
1584931951
1601780974
3747285182
3608877214
3596298430
3596610750
1457370510
1989968266
4070343114
4070342698
4070354986
4053049384
4103449640
3023546412
3023550524
3023997244
2753464620
2891886372
2896080420
2912917044
2816329220
2803680772
2786973253
2787074663
2787074786
2803635170
2807562406
2813853926
2796029173
2796172372
3198823492
3204065476
3191548868
3206220452
3176861348
3180859045
3113748142
3113756590
4223346030
4227360054
4196977942
4196962054
4197033734
4201160966
1811456005
1794736188
1782284412
3929642108
3929585724
3994613820
4011485229
2904172847
2890537774
2760770110
3029205518
3029156430
3028861695
3028861613
3045647020
2505635516
2520305564
2519423900
2519366604
2519346636
2541429981
2516328701
3573485901
3573428493
3569234446
3300800014
3300800022
3237752614
3229361446
3229351974
3229417478
3229421574
1098776582
1140720710
1119749314
1118772690
1118655954
1135375858
1101820386
1106014563
3253563761
3236852048
1089401168
1080947040
1097658848
1093521904
1093653968
1093580225
1093580241
1097840019
1131263410
1110291890
1110293938
1110424982
1114619286
1391304151
1391304053
1391310116
1919788388
1916659172
1916740004
1914573220
1914048932
570896804
570696100
583283620
595855269
595857333
563363797
564408269
564456783
569149775
560827743
594386303
594517375
590321535
590329723
590328699
556774251
556773995
556773995
556250731
560445035
560445051
560315995
560315995
560316187
560316187
560316235
560316235
560332107
556127579
539317595
539431017
807810089
812004393
820387116
362954020
396504357
379724049
111292673
111284225
115486723
115482691
123887826
90371538
81956182
350457686
820023087
559979823
556838185
540061481
1613868808
1612758584
1613008424
1613008424
1681819177
3829306921
3829306921
3845101353
3844986729
3845117801
2809066857
2943088107
4016690671
4016692735
3983408639
3983375870
3983506942
3983374590
3983104254
1835751678
1835743422
1844066494
1845131422
1828612254
1828612255
1826613661
1843390877
1841691612
1875237724
1858468628
3997542916
3997559316
3993366069
4011318837
3977760295
3977763367
3981756967
2910636598
2909588343
2909591895
2909665623
2943220087
2944260471
2910837111
2910845303
2910841207
2910845431
2910706167
2910701943
2910706039
2909665655
2910714231
2910837111
2910714231
2910710775
2910710775
2909657591
2909657591
2943212023
2943212023
2943220215
2943220087
2952784255
2952788351
2818571133
2785016671
2776628095
2776497023
2776484223
2808990079
2943211902
2943342974
2943351166
2944268671
2877282687
2843736567
2843572727
2842032629
2825378293
2825386485
2843081207
2843081175
3914721751
3914721750
3914721782
3914856950
3914848502
3923237046
3956668566
3956799671
3956799637
3956734101
3956734356
3956734932
3981900372
3981826644
3981769268
3983862324
3983932197
2909129525
2909129013
2909129013
2909133687
3983006583
3983006583
3982874998
3982883190
3982817558
3982883094
3982981182
3982972990
1835489342
1836021822
1836021886
1836021887
1836013695
1844402271
770594911
770594911
770660439
804247893
787470677
1861089653
1861220693
1861221204
1852832340
1852791381
1852791381
1852537461
1852406391
1860794999
1860795207
1860925767
1860860231
1877670215
1869347159
1869339479
1835662199
1818885111
1827273719
1827265015
1818876374
1751907398
1747677254
1747529854
1751658606
1751920746
1760301291
1810832889
1793801177
1793817304
3937131224
3937008344
3938040536
3935872712
3901268553
3905463115
3893273450
3893268842
2819605866
2820525166
2887567471
2906507389
2876201308
2859367260
2867812956
2867813981
2867715839
2867656447
2884429822
2850879486
2834126334
2825868798
2825870842
2821684698
2821684698
3895277018
3900454362
3900519898
3906938074
3906938074
3905907915
3905906891
3922160075
3922192793
3951557531
3934755723
3938828171
3930388106
3926188686
3926254590
3942839278
2873279334
2849097511
2851196193
2851208465
2874273025
2874273041
2874405169
2873315633
3946922293
3913371957
3913371965
3896603933
3896604953
3896604985
3896998265
3905378681
3922184649
3922708937
3922587081
3914195085
3914129567
3913675007
3913806062
3947024742
3938632487
3938632247
3938698775
3930121751
3925929487
3925928767
2852379439
2856831339
2857748859
2866629083
2866637275
2866638283
2883446219
2883576315
2879312874
2845820906
2830485486
2834679295
2826302975
2822110719
2822102522
2889341178
2906126586
3984062682
3916913114
3916913114
3958602075
3941824857
3941825816
3998444824
3998313752
3998317880
3998318392
3998441272
3998699068
4007026204
4009156109
4009221725
4026387295
3983395167
3966753103
3966753119
3966761855
3966630767
3966630783
2892890111
2892890111
2892890111
2892890111
2825780703
2825911775
2825770495
2825671150
2825679338
2825679338
2825215482
2842130938
2850519547
2884073595
2863134809
2864183385
2861950984
2860901640
2881872137
2873549611
2835792427
2835858986
2903887722
2903887726
2939472222
2942654814
2942785886
2934406014
2951183230
2951740286
2951609215
2918054781
2917990236
2901278684
2893938684
2893938684
2893414396
2893404668
2893404668
2893412860
2893380092
3900014045
3914694047
3915345311
3915378079
3948935359
3948935423
3957324031
3939498333
3939428637
2865688341
2873617941
2874535445
2874469925
2874461989
2874461047
2884749687
2884884823
2874403159
2874403159
2840848759
2840853367
2840845175
2823937367
2823945559
2840722775
2840721791
2840975743
2908215679
2910321023
2910804351
2910669183
2909620575
2909363679
2909404639
2910449119
2919230975
2917002751
2916473343
2907032031
2907035999
2907176319
2873617759
2873617759
2874665343
2874669439
2874526079
2952087935
2952093023
2818518493
2817992189
3889641469
3791075325
3791069181
3774156799
1626671615
1622415870
1620326526
1619343390
545537038
545532942
562883662
600609870
600612047
592288991
588102910
571316479
571316479
571447423
570857581
570857517
570866732
571407404
638516268
638483500
642678061
785005853
786045773
721099597
721100637
719921119
736706526
736835486
703281038
686372766
686374558
686374558
682179230
682433182
683481818
680803066
683945978
675556714
675292523
1749038955
2042764905
2072125048
2072059464
3665885768
3665869320
3665865480
2592126984
2592128024
2323758136
2340664360
2340607016
2344770601
2344750381
2345013039
2413103662
2413054526
2413092414
2681519742
2681708158
2683803262
3115685470
3119824462
2842992206
2822020687
2822093391
2822224477
2820586349
2820585837
2820598125
2820664445
3911056477
3948903647
3948903931
3932126719
1784643071
1784625535
1784486013
1792874621
1794971773
1862212733
1857952861
784219215
784235599
784227663
784025934
737888734
704190942
695942550
691748230
690699670
673783734
679286454
687158966
683095710
682833550
680738510
679489230
947923674
947923546
947923547
952172123
960536537
692164057
1774302680
1774302680
1774304600
1774304088
1765915192
3909204536
3942758936
3942881816
3942817336
3942815272
2869073448
2869084969
2874656109
2851423725
2918516221
2893487549
3833011637
3832749495
3832749495
3763419543
1624320406
1624320150
1620256918
546519254
563165254
563096582
596913158
596917254
601639942
601476151
592170291
592009527
592009591
591944055
592140663
592083815
584023909
583892853
583819093
600637405
600702429
592312829
592304637
558733791
558734815
558874110
558611902
558478782
558470590
558469566
558609846
566933414
1904914150
1972022007
1972284119
1976478279
4123962951
4116098885
4116096325
4116088661
3049686897
3049756209
3041238577
3175464481
3176443429
3210012455
3210209111
3193390407
3193389526
3193378294
3210163686
3176479974
3184811238
3168062566
3165899794
3184765954
3184698371
3209864193
3209928960
3205735280
3205756640
3204597472
3204843184
3205893809
3210022883
3197371874
3199468770
3214156882
3180620882
3180620850
3168070690
3168259347
3168198401
3168204353
3184776785
3209942611
3209942866
3205551586
3205559778
3176195554
3159512690
3168163346
3168224786
3170125331
2650566167
2684119830
2684250374
2659076354
2657962034
2674674723
2684208225
3204444240
3197624768
3201688016
3193226208
3188769760
3188773280
3187794336
4278445236
4110574743
4097993878
4097969334
4097969558
4098033047
4097848831
4124063613
4126156573
4158744077
4159006217
4125484569
4121427481
3047530299
3049037099
3084688427
3084684347
3076494607
3038155023
3038163231
3025597294
3025662574
3025498862
3038074598
3037153014
3037073106
3042409970
3042213090
3184555250
3180581954
3216397315
3199622145
3203817217
2658610737
2654940707
2659008290
3212580130
3187414098
3181187286
3180687586
3163874786
2626741939
2646648449
2638265985
3204550337
3204550261
3187785253
3188830004
3193087252
3193091332
3211969820
3212232476
3174387324
3174317805
3174309550
2937392810
3210022314
3214152890
3215996122
3216077007
3182649421
3170066444
3161678860
2624681277
3161708333
3027687021
3052848877
3086403293
3212269197
3209983629
2635362205
2635361535
3155455231
3159845918
3159784478
3178681366
3187131670
3220554550
4273312294
4275417655
4275365383
4283754311
4278511057
3741744545
3741715873
3741715875
2669022610
3746960770
3749066178
3753252290
3753198930
3753180471
2645617975
2576412469
2563811125
2555885109
3092677173
3092677141
3093268085
3093100261
3092049637
3104074735
4177869215
4212537503
4212529399
4216720614
4216784086
4223873222
4223738311
4190184439
4190331511
4190360181
3687961205
3686848341
3678449431
3678447895
3687037213
3686971677
2579676941
2580713229
2572584733
2572535676
2572474237
2639558237
3746915965
3730253679
3730257255
3730244966
3730048118
3729790038
3729859670
3746718918
3713422790
3705063111
3700868805
3701329588
3705462452
3697077924
3692883684
3692734420
3160061396
3168765284
3168568612
3170678053
3026057015
3026056759
3038570022
3071042086
3071104630
3058636790
3067024870
3084737766
3080543462
3047021815
3051343047
3050282053
3041901893
3070732103
3070747254
3070686070
3038180342
3172881398
3176093670
3041754599
3084712293
3084704100
3067992148
3069701188
3203916868
3195458628
3195422023
3210098166
3209832422
2539001702
2547450726
2547253590
2543591750
2512200006
3585569109
3572880756
2499123540
3027745092
3027679556
3023485764
3023543876
3023352404
3038098036
3071656677
3071656679
3075789798
2817848558
2817807598
2798933230
3218568414
3218498638
3220595790
3220599870
3221046574
3187463999
3179151135
3162371853
3168659229
3168662844
3168793916
3168654460
3176985820
3172857300
3206469348
3210659556
2925446901
2933774071
2933712375
2933711999
3193230399
3189240863
3205915663
3172344910
4229310406
4099278566
4107601574
4103866022
3030136502
3030132375
3030148743
3051213703
2541605319
2524946887
3061819207
3061823303
4135452023
4135386479
3061642351
3044823151
3028111471
3028242557
3028242461
4101394749
4101404473
4118179353
4160187929
4143283983
3606412555
3595852826
3730052218
3727955178
2658603258
2656441834
2681608170
2643863262
2627151566
2358720078
2358576654
2362770974
2364805950
2364810031
2361139503
2360615277
2364805501
2364556797
2356202989
2349911535
2365689214
2369887566
2411767118
2407654734
2407707086
2411893231
2413200877
2413266412
2684325356
2675748316
2675748300
2638196172
2621353932
2620827468
2620822108
2635514461
2635552495
2668914414
2664720238
3197468006
2660748534
2677460167
2648132807
2623403201
3693081808
3693007024
3709260273
3709268437
4283884357
4267112199
4277657367
4294295335
4294228263
4260673831
4258577711
4250205471
4249122063
4246091039
4246090111
4279636335
4279632366
3746629118
2647853054
2643597022
2642558718
2491432574
2222990862
2223007246
3296785158
2223150869
2224199456
2228717344
2222294832
2218035024
2218559440
2233374160
2266932673
2250171587
2252227011
2256486867
2264881121
2528999137
2545182437
2545184485
2515857149
2639589375
2668952990
2669143438
2652300750
2673267151
2673328509
3176452397
3159679272
3157583144
3157587240
3172073272
3172134745
3209094617
3183998397
3183854781
3183855005
3167212957
3167156189
3175605885
3075864127
3054785342
3056947486
3060936990
3060936750
3067286574
2681212014
2646685790
2642618702
2676112714
2676045066
2677027082
2681229578
2681258107
2677264873
2509485480
2515645884
2507185548
2641401228
3711145372
4281513916
4262700972
4262701036
2115167532
2117264436
1983112213
1982915607
1983075335
1983009798
1983271958
2004243766
1979074150
1958168278
1958168263
1437976261
1471530580
1458894708
1451027492
1446837284
1983764517
1983838261
2003761157
930020357
931059013
914179413
914182628
926770660
930440676
930562020
930552276
937888068
937756948
937761044
921008437
375745845
375876885
392658197
393043221
393039127
393038135
367872311
359483703
359225687
359225813
359225845
359225845
392788981
392788981
401177557
401439703
367885271
367885271
367885143
367885143
367655799
367655799
359267191
359267287
359267287
359266775
359258615
359258615
359266807
359266775
359266775
359266775
292420087
292420087
292420087
292387319
292379127
292378999
292378999
334330167
334326583
334330743
300809047
300800983
367909335
359520727
359520631
359528759
359528759
359528759
359528759
359528759
359528759
359528759
359520631
292411895
292411831
292411831
292411831
292411829
292411829
292420085
292420085
292419957
359528757
359528759
359528759
359528727
359528727
359528759
359520575
359520575
359520575
359520573
493738365
493746557
493746557
493738365
493738365
493739389
359529845
359529847
359528823
359528951
359528951
359528951
359528951
359528951
359528951
359528951
359528951
359528823
359528822
359528822
359529846
359529846
359529846
359529846
367910270
367918462
367918462
367918462
367918590
502136318
502136318
501874174
502005246
501874171
502136315
493747705
493747705
493745656
493745656
493744600
493711832
477065624
477066168
477066169
477065913
477065881
350844569
350846617
350977737
350846665
350846553
350774873
350774905
350773881
350773849
342389339
359486299
393171963
393107451
394221563
1467834363
1164738522
1147961178
1147942746
1148000058
3304003386
3299816250
3299418938
3316331322
2276333338
2276333338
2259620670
2259424046
2276201262
2210140970
2180780843
2162955051
2162971947
2154581295
2154683775
2154683775
2171592063
2204824927
2204807503
2255204827
2271851001
2272047529
2238493097
2221707704
2221773208
2221904280
2221913496
2217721240
2234432968
3341746120
3341742024
3324962760
3341723592
3345786840
1173133304
1147966968
1148032504
1143976952
1143714776
1412084696
1412084696
1546298361
3744114649
3731535323
3739913690
3739981306
3740054906
4268532074
4269580586
3195904042
3195445290
3218518122
3218535534
3176522798
3159745582
3159879974
3168174886
3165815606
3182657847
3220235303
2922439715
2920338483
2922575123
2922575717
2935410404
2935475956
2935279316
2859785108
2837773716
2821127556
2820832708
2825020880
2826269169
2893312481
2891211745
2891736817
2891935441
2900257489
2912569985
2931415697
3199790001
3203984785
3195651267
3191783619
3056517379
3076968738
3185922850
3181668131
3182718771
3220467457
3193203217
3188984817
3189116823
3210087814
3176269186
3167831218
3167835298
3167970514
3099813059
2562747459
2562747683
2579524899
2605874483
2597735746
2600357186
2600455378
3136916706
3136928934
3151537590
3151537591
2849809853
2916922812
2908591612
2904538620
2903947620
2939590948
2939607844
2921778725
2938619429
2942522933
2908976663
2900453175
2900459319
2834386295
2834389491
2834586083
2840877537
2874538481
2882923969
2883054785
2916607185
2916603121
3965179121
3965175280
3960919504
3960926144
3960926016
3960732944
1831984432
1701956656
1735640080
1735652625
1702064401
1685275507
1685275635
3832633075
3832641267
3857801203
3891354547
3874576887
3874617814
3870551510
3870553942
3869364566
3873567062
3873497406
2791432238
2922508335
2922632239
2926834749
2943606041
3982745368
3974356504
3974356504
3974220409
2900478843
2892254586
2893302906
2910082154
2939499758
2939625982
2910200830
2918593246
2914390678
2914480790
2914345622
2912215957
2949965276
2948920540
2907831372
2903702537
2903698697
3977505851
3977374762
3981571114
3980509306
3988898123
3989042009
3988977272
3980582520
3981692536
3977367384
3977305464
3979474296
3979597144
3983758809
3983757818
3966964218
3975353338
3975353338
2901619674
2901488474
2897225594
2914004842
3182504762
3213966106
3213967114
2660251402
2660241738
2660257867
2660258011
2398154985
2414891241
2372945065
2372095160
2355517848
2355526556
3697704604
3698751132
3715326604
3715228300
3694256780
3694257140
3694240612
1412491044
1412493092
1412491573
1433463063
1433599815
1474746309
1390855109
1390887901
1400652733
1400660975
4051493871
4049397610
4049382698
4091386170
4091452682
4072578314
4139627786
4143748378
3078484347
3074241514
3074364138
2503869098
2508064426
2515998698
2545157482
2543850554
2510303242
2241863690
2241912842
2225136907
2225208895
2229390911
2238007871
2234912575
2239630655
2273191295
2281578591
2197647581
2197344445
2197340344
2272825512
2268632248
2235078040
2233107912
2216597448
2219747144
2219812376
3310335768
2236061497
2231813689
2266417017
2265343835
2269537631
3343279455
3309786335
3310310525
3319743613
3319742556
3321550172
1341846852
1341842756
1329329412
1329319956
1329172528
1597550688
1564061796
1564139973
1434118085
1425788613
1417272981
1434279637
1434263255
1434195703
1432122087
1910268783
1910305135
1906168063
1910304975
1909235919
1900839135
1896399359
1896796671
1963909627
4115556345
4124993529
3583922009
3583856473
3588026201
3713853273
3715950363
3724341515
3724329242
3590308202
3623810410
2541725034
2550134239
4152284623
4152285069
4152358813
4152195005
4150099901
4150212031
4149556655
4149555375
4115927214
1701859758
1735639982
3882936271
3781224013
3814762292
3823215908
3890459940
3873682212
3865285140
3860968964
3860966965
3865295398
2934151462
2934102054
2950940718
2909227038
2888189966
2888203534
2825283358
2826065447
2826028646
2840643174
2882592358
2864769558
3938511622
3938511622
3947100423
3948084325
3914521701
2836579557
2870133973
3927102663
3925992919
3930123767
3930127607
4005690615
4022525285
3973207413
3973185797
3967156549
3828289861
3828295509
3966713829
3975089125
3970910949
3988638677
2914839493
2948378444
2946274572
2816250125
2942099741
3172328229
3174523749
3157668711
2891322343
2899773414
3163889142
3168017911
3168017879
3042786759
3042846151
4116591047
4116582727
3588182879
3588060991
3588060973
4108123949
4124897077
4116572997
4152332101
4135426005
4135367639
4135354839
4130783703
4130787542
4130787574
4130828518
4151665911
4118246647
4126635511
4109793183
4106221215
4106213085
4106080989
1962723293
4101821805
4097631335
4097600567
4096621623
4113529895
4117640279
1936588871
1928200517
1924076501
1924077204
1924078228
1945049780
1944869540
4059355820
4059346605
3824198333
3815813839
3866133199
3861938798
3860898350
1713499694
3861002790
3877779814
3848407270
3856795894
3840018631
3835836612
3835784388
3853577668
3853627092
3887316564
3891369492
3890271764
3890271783
3881860710
3877855078
3877832806
3860990182
3860990150
4016203846
4024690758
4024691975
3991076101
3991057664
4259550992
4250974000
4284593968
4284612400
4285782832
4151540595
4117903842
4101118370
4101115058
4109501570
4109500546
4109570194
4104155362
4104151143
4120961303
4125158663
4117014791
3580147998
3576142654
3609631262
4151234078
4151236126
3085627934
3065680190
3065741615
3080291709
3084434813
3076058909
3071862556
3071997788
3071956476
3076146412
3084715244
3084714220
4124971468
4116586957
3562939341
3563000767
3562802622
4099688878
4098676974
4098668767
1977007309
1993778637
1985388877
1987543309
4264919327
4264617263
4264617326
4281560422
4285693798
4291970790
4254286582
4120138711
4124079047
3579011525
3579265365
3562365220
3562353956
3564453669
3572775205
3573360949
3573508119
3573500951
3565045063
3581858119
3581854663
1434436551
1434425335
1434299879
3623660007
3606883814
3606942918
3598680262
3732897990
4264530038
4264013862
3190284582
3177637414
3169250854
3165126198
3166035479
3182745111
3218359863
3209983359
3189011567
3205782638
3176623214
3184946295
3162960983
3162952965
3162821125
3183800837
3184846452
3185032996
3218578788
3218590068
3210201428
3208109844
3208050292
3208042068
3207746245
3176358599
3176161966
3184534446
3184787630
3184790766
3218475134
3220576350
3203819598
3202705486
3194251342
3212205134
3174487502
3109471182
3101082310
3096957926
3096764902
3096764903
3100964327
3092578165
3105357333
3105290773
3145136661
3128355636
3128293668
3128184116
3124055300
3121773825
3121767489
3103941745
3091354865
3099772099
3095577795
3095891025
3095697777
3112479328
3112479332
3146034789
3116676709
3091584887
3088564726
3088433382
2903622886
2943601894
2933050470
2933128479
2931944717
2931943181
2941445901
2941451869
2908180093
2889109231
2889174767
2889305774
2893438862
2901829582
2901665743
2832330079
2849045815
2849303861
2881809429
2865032245
2865095741
2857891055
2920760551
2921219255
2921203127
2941654966
2918581926
3170311863
3163893399
3180605063
3184799687
3184798929
3186912305
3086447665
3086898193
3086906625
2674914561
2658131729
2684354129
3221159635
3187597043
3187133431
3176452087
3142897111
3121675638
3121671271
3121669159
2870015031
2836620359
2823971911
3897738583
3906129767
3906166503
3896540919
3913313991
3913347031
3947036133
4022521253
4022586805
4013999493
4009813445
4009878999
3976393831
3960624191
3964869663
3973191967
3975289623
4243786551
4243659575
4241559303
4233101575
3167768902
3167867750
3180450790
3212900326
3200315078
3200577218
3200691906
3200704466
3209154018
3075787959
3038540983
3040834741
3162395829
3187561972
3216922356
3216983668
3220489764
3178556981
3174362643
3157583634
3157779762
3161908242
3168195606
3096872006
3114255431
3218926661
3189566533
3189570804
3193951716
3201746660
3197589156
3201635980
3054769796
3037988740
3021362581
3025565063
3033945486
4103489502
4103468766
4120178303
3050614317
3086266157
3077879612
3061175612
3061308701
3061832991
3078610238
3076480302
3071745838
3038189118
3026073150
3030266494
3030188662
2493252583
2493252597
2493260101
2497449285
2625456225
2625529891
2625534051
2623428723
2648624577
2664363969
2664424064
2665448064
2664793008
2658502048
2658442401
2652155045
3187976407
3204901319
3204901334
3209101143
3201748599
3197554213
3197421109
3195328005
3207913989
3174494999
3158237219
3161968738
2897592550
2895496406
2899635334
2906974343
3205426063
3188644511
3192802007
3201780479
3214167679
3182716799
3169870687
3160498974
3161609022
3111342383
3150992685
3146804269
3134221333
3126025221
3138585869
4245882127
3709216527
3696633614
4241891167
3700755965
3716443564
2642800060
2676215180
2681308620
2672920532
2668734068
2668668469
2667685414
3208898358
3217225014
3218330854
3209745638
3176187046
3176383926
3159543174
3159545223
3159749845
4246004852
4279559221
4279559189
4279690261
4283890737
3187592481
2919092064
3170754160
3170813648
3170813632
3169699520
3177543312
3173281424
3206900400
2939513776
2943642020
2943637988
2952093172
2784490308
2914509316
3220529733
3220447767
3220448806
3212062502
3212052774
2641758262
2641758214
2650151942
2629710854
2629641222
2579244070
2646369326
2411525167
2390525053
2383971525
2400892357
2669323653
2634984837
3708727221
3708727205
4245589925
4245587847
4245591495
4279084359
4279559447
4279561511
4283948327
4269165927
4269169895
4267146455
4283858054
4283847814
4258678214
4244100566
4243977590
3170165798
3170166054
3170166583
3187664405
3204441652
3204302372
3195848228
3195848308
3212082772
3044404213
3042298343
3025521127
3025620471
3025622342
3033686342
3031589191
3048690149
3047440869
2984527333
3009699303
3056884213
3057023445
3061247429
3070160327
3070162373
3070149061
3085943236
2515390933
2490135013
2490118631
3559200239
3559331311
3564574182
3572835702
3572770118
3572770567
3572971271
1425481303
1426004695
1426012853
1576876949
1593649541
1585264005
1584726149
510984437
506810469
510648615
1600955183
1550623533
1558752812
2095622956
2095622460
4243176252
4244347420
3992623628
4009395716
4001006084
3195699718
3191570470
2922967142
2922926310
2923037858
2938774658
2943237522
2913865362
2913947318
2914799254
2948353671
3218894727
3206311365
3206430197
3178632677
3187017191
3170111975
3170119798
3170120726
2633252150
2648123702
2683726614
2679537158
2662790662
2662848262
2667365143
2667349284
2667355492
2675744236
2642184700
3040776068
3021913988
3026102164
3176966052
3176964517
3210012071
2925385191
2923415399
2805878327
2770761239
2753984023
2892453381
2892435981
2900432141
2900386861
2914020460
2945481960
3196074233
3200465113
4282526923
4244782283
4250010714
4241687594
4237324330
4237353339
3973177691
3981686623
4009860959
4009803615
3925912415
3926114111
3930234431
4022523423
3980489221
3963691540
3963826988
3963813932
4240506988
4240441580
4240517341
2093033679
2084727239
2101541878
2143455926
2126548870
2119205766
2119664070
2121695686
4284912598
4293305187
4259425571
3186665505
3111168033
3104894065
3138478352
3137487668
3141665332
3151106596
3151434284
3153334828
2851880745
3116136745
3183331387
3214858314
3214932170
3210537162
3206079626
3189358730
3191521450
3208561322
3221144235
3082798765
3082083996
3048532676
3033836036
3026102804
2759822900
2889649700
2888598052
2888561188
2888557109
2892620295
2821219174
2837979630
2837974190
2875865278
3983161526
3991812246
4021168262
3992333446
1836392591
1834033293
1834111964
2110964428
2105722445
1971367455
1971366446
1975560494
2001778798
4145138926
4145202366
4149363903
4132585901
4140982701
4153566141
4153501645
4153436103
4157663078
4159759142
4151374638
4117885822
3040072543
3023230943
3027410909
3025378269
3033905997
3042224989
3077943135
2805446431
2787541775
2787557663
2791821615
2791690351
2791592045
2793149485
2793223228
3040814348
3023447812
3027647252
2498104084
2498169108
2431924500
2427725830
2176068806
2192974214
2192970630
2191786662
2192048806
2196263846
2187915710
2166927561
2150216712
2150345992
2154408712
2448009784
2448009832
3555695336
3542978216
3527182265
3541926843
4080439694
4063682958
4062634174
4083606766
4083604734
4050046150
4050111814
4033215814
4041567575
4041565551
1910862189
4049875309
4049871725
4049941357
4049999469
4058404413
4058504989
4054113549
4091870285
4091869261
4066704717
4067876829
4068398845
4076794605
4076761853
4092351101
4050408445
4033639935
4033701237
4033770532
4033856548
4033658924
4042043708
2968494860
2968430092
2968501772
2968370716
2968107565
2984835626
3019430762
2994228666
2990148746
2990146698
2990149822
3001684142
4075450814
4075512206
4075381134
4083803342
1932127454
1932355791
1915562197
1915566325
1915567269
1915171005
1378291900
1399263676
1374032860
1353072132
1352927764
1084500532
1084549652
1084537364
1353170436
1353167367
3500446246
3504640614
3542909606
3526132390
3525083806
3525170830
3544055690
4046379258
4042160362
4037994746
4037998794
4037979338
4042039754
4117533002
4151083322
4130251050
4130252074
4130254122
4130269486
4147050783
4146526221
3878145293
3891773736
3887190824
4021338940
3985699356
3989893661
3977508381
3977443133
3977444661
3976326519
3980503399
3984825839
4018374647
4022437766
3879789446
3875594638
3875656894
3843247278
3876801702
3883355302
3870698631
3870713799
3870708293
3806614023
4075054615
4083478311
4050115959
4041734599
4041670081
4041735409
4041528801
3027550693
2973221717
3005673989
3005703687
4079248918
4091899430
4088299046
3014594406
2997620711
3001814495
2993175951
4066997709
4067063261
4075476477
4092579293
4092460237
4050511052
1898947804
1898901724
1882177748
1882182740
1882189156
1617948452
1617812260
1634590517
1634694421
1668239621
1936659205
1936659223
4050596414
4117698094
4108652078
4108589870
4104403754
4105465626
4105463562
4105561930
4103459803
4103468027
4107597801
4124362665
4116045737
4149608425
4150263801
4133486541
4135511503
4131386703
1916785887
1916630253
1916282109
1933059229
1899639964
1887045052
1895433148
1907950557
1941468029
1940678447
1387062574
1387066670
3530351646
3525635086
3509058574
3492216270
3497983950
1891552927
1889520317
1889328828
1906114220
4085053100
4064072621
1915679741
1932452333
1932517871
1634498047
1634499967
1634564447
1634621791
1936611677
1945066845
1928148061
1928078429
1928097885
854545789
871257965
871333477
871226965
1944968773
1945099845
1928263429
1919936325
1915551061
1932287333
1882150693
1886287660
1894663708
1890533916
1890349628
1894540845
1894573869
1886182703
1903156271
1936583726
1928123590
854016206
309723342
305537246
322314350
288826670
276178730
284569098
280377867
279185931
280287803
297056811
316447531
315395387
307004441
302612537
302682156
1376432252
1376432580
1381671364
3560629204
3559856772
3693939348
3698268836
2632923876
2494379748
2494309287
2494063022
2494095502
2510856366
2246610086
2402846870
2403068054
2400905415
2269014085
2268996876
2272928012
2545566477
2528789263
2260456414
2260260846
2256063982
2268646830
3309005198
3292162446
3560582030
1417288590
1417219999
1417426878
1345594302
1362452886
1395909078
1400082743
1398837543
1407230247
1407230263
1407299861
1407365437
1407647039
1400298303
1367231103
1364855551
1432034047
1434393567
1434262863
1434190095
360189963
360263979
360259882
343486762
352006442
351860026
351841738
905488842
939043211
918273417
916102537
853443976
1918862472
1931322617
1897770217
1881079039
1883163903
1887358447
1895712495
1891582701
1908212309
1912349205
1937515061
1932272173
1898739501
1634729261
1634729005
1643100189
1677629517
1677498573
1667013775
1665959310
1661829534
3808858526
3808883630
3814089710
3883295470
3891602158
3856934526
4125371999
4126486303
4126563663
4160179535
4159984719
4159726603
4159759707
4159960539
4126341115
4109563897
4107524093
4107323388
4109423996
4117885244
4151563580
4062434605
4062313773
4062211391
4062407799
4066528502
4066526358
4067574918
4059186566
4040325014
4040385207
4036027047
4042580983
4059358199
4050965863
4084582247
4085110581
4085118773
4051565845
4058905861
4042259717
4042256149
4041666069
4041661975
4059483719
4084555478
4130692790
4128589750
4130690486
4067782838
4076167382
4093075670
4059455694
4034392142
4034384926
4042771774
4041586987
3773082409
3856968489
3890526473
3865412877
3862216973
3878994236
3845476716
3828507516
3827442228
3841066596
3836806756
4105469668
3046403829
3079958469
4158123463
4158127559
4141317526
4132787622
4132787622
4132909462
4065734806
4067885238
4084532407
3514121399
3514182037
1375091589
1369590485
1369464517
1403054021
1407230293
1398845541
3529551911
3525353511
4062224423
4083262503
4049780023
4032990487
4033268999
4033269527
4058480166
4159008622
4160032254
4149480942
4149482670
4111479966
4094829966
4101121927
4109522615
1957807797
1888540373
1888530389
1892724053
1615898933
1628616981
1664260117
1647483959
1646429239
1646755895
1646637095
1646571559
3795108077
3792159149
3796289452
3804679852
3800562412
2743560828
2781096460
3050580492
3044485645
3178641981
3220639279
3204253230
3200057918
2662929182
2662867230
2662868014
2667054183
2570603717
3627739269
3359307908
1480321220
1482221636
1486383109
1486366742
428550182
1498032422
1477119270
1478217254
1477099222
2065415815
2052636549
2061020292
2051574916
2119809172
2118891700
2119874741
2119891175
1968892135
4101638631
4034269158
4034338550
4034076407
4101054199
4126179047
4157668975
4140886791
4139837701
4139837445
3595697175
3591527478
3608282142
3578922334
2488403326
2496081774
2492804734
2493479518
2493504222
2493090558
2511899613
2549656908
2524488780
3598229580
3594236028
4063940652
4062855212
4079878189
4046325119
4029558782
4042210030
4038679290
4038712010
4038712010
4038638538
4093165003
4065899609
4065894521
4061700217
4061831209
3795759149
3816735789
2717828397
2712587572
3790593300
3765230868
3761035636
2687359348
3761133941
3765321717
3766435799
3774693367
3774693366
1627201526
1627197174
1893539414
1895644694
1891446327
1354575415
1385985541
1390212677
1389142597
1380745669
1380810965
1376425111
1359658119
1342893511
269119302
274613782
1417479718
1350313535
1417439007
1434249023
1442692397
1442683375
1442618879
1979485599
1971094926
2004648398
2004783966
4133397294
4141786918
4141786406
3068046358
3059391510
3057159206
2922954102
2906308551
2755563207
2759771799
2768094887
2768033447
2768037541
2759616421
2776393125
2809945317
2808958197
2808564981
2808511605
2809592917
2708924165
2708955655
2692174415
2700563037
2698339053
2782160621
2773769965
2807319485
2809940381
2810018253
2810079693
2775477455
2758694095
2758684879
2775199839
3890942079
4025036911
4008256622
4008258686
4008192222
4017629390
3984271502
4261297294
4239802511
4122132687
3853549789
3855655405
3880822637
3864046381
3864050221
3880958525
3876756029
3843202621
3828778525
3828859709
3829387583
3829260335
3829166191
3967567078
1827996902
1821773046
1754668407
1758862103
1750411783
1767123463
1801203222
1792747046
3938063974
3954836214
3954705358
3921160078
3919079822
3919112414
3923441902
3923441902
3948861822
3931543327
2857797149
2866250253
2865799708
2856363548
2852169340
2852501484
2919684076
2936459244
2907066277
2891323799
2899720598
2901883318
2901887398
2900446646
2918302934
2943414343
2926616839
4000424213
4000424212
3994149893
3994084357
3994088479
3994252333
3998359021
4023520749
3990227871
3971419023
3971427215
3971448733
3971175823
4243714447
4235260367
4252037999
4285583917
4268812077
2926636829
3195137821
3061054740
3075661173
3042070005
2773634487
3965146518
3973539734
3973543318
3971401206
3971466470
3992245351
3982550071
3978355773
3978552349
1731390749
1865608989
1867611709
1867874109
1876196669
1843229741
1826583661
1826309341
1819892941
1834708380
1834679981
4023045805
4019179197
4001744591
4023707215
4015285790
4011091518
3912314414
3914407726
3914538798
3922926910
3906149438
3906018327
2027109463
2043821527
2044153237
1774243207
1765846151
1765844103
1799464149
1799529831
1866639149
1866499901
1846586893
1846590237
1863440703
1828968493
1694652461
1682316397
1683883245
1700662413
1699355789
1708076973
1703216815
1702889150
1820344990
1820390094
3972047438
4232095246
4166037006
4174424606
4185963038
4220648255
4220706157
4208082412
4201776636
4197911996
4214627772
4216470972
1800568220
1774314893
1841340877
1875095885
1867624733
1846579501
1846584109
1846589247
3994072895
3994082622
3994180970
3998357994
3990231530
3973450138
3976137099
1828531083
1828143001
1826031609
1827754461
1827729757
1842389277
1867555103
1850777918
1846588734
1846580606
3993034750
4014137318
3981597671
3973192687
3973450205
1828522445
2088053197
1818701276
1843885436
1843654973
1878102301
1878044957
1850782013
1850777901
1846583597
1846590781
1845549373
1845746029
1846680045
1850874285
1876297917
1842809997
1828533647
1828139422
1823609790
1823687422
1823568590
2096161486
2094049022
2085662447
2085661295
2102442871
4283562327
4266843415
4266816567
4277290023
4277535799
4272299287
2124557639
2141351751
2113110007
2087765991
4231037925
4229149525
4229141253
3977286421
4010845989
3994068517
3994074685
3994066479
3994213935
3998358511
4015393791
1834879375
1820133790
1819621566
1828134063
1823670463
1823719647
1823707405
1840296205
1859166493
1850777917
1846588733
1846582589
1845615933
1845647663
1846679919
1850870255
1842743711
1826032015
1826044815
680737695
680730271
949032607
948974303
948970207
948986495
953197439
995144510
994087742
994087742
994088830
2067896702
2076424702
2042739166
2109987230
2109897134
2110937519
2102544303
4283581373
4264805053
4264678109
2121327557
2138104645
2135991573
2001845557
1970469181
1970469181
2012412252
2012405212
4159884748
4151559580
4149277597
4115719069
4094752668
4094810108
4101201389
4101110127
4041340991
2984499486
3017973022
3085077790
3064043294
3064050462
3063980598
3063980583
3068170789
3077669412
3040068148
3040007972
3040075108
2754824549
2754693351
2754828783
2758965710
2775739214
2784161358
2714891807
2748380717
2739958333
2738905629
2734695277
2738893293
2722366703
2722565294
3796311198
3796319382
3804585111
3804712151
4068886599
3011672070
2982291718
2957191430
2416126742
2420517414
2424716838
2424706662
2424768246
2424570550
2424588215
2160379287
2147540373
2147744149
2147674565
2147674567
2168646471
2177035095
2210646823
2210500391
2479918903
2479986455
2446833429
2513937973
2513806884
2505414180
2538966645
2536885877
2536889981
2503473967
2507602735
2513894207
2509761311
2496982877
2499075709
2490648308
2503296980
2503430612
2507625716
2541180132
2549535988
2550062292
2550054085
2533271749
2531174487
2531174775
3061825335
3061681975
3057491263
3074293023
3040869662
3024088894
2759781934
2902449710
2914895598
2818327262
2793165454
3056341406
3056341167
3056406703
3077510331
3043892411
3052289178
3052285386
