627964279
627964279
627964279
627964279
627947895
896382327
292401654
23966134
23966142
7188926
23966142
23966142
61699514
44924410
44906874
44906874
44972362
44972361
65939784
24972616
5787640
1593272
546216
577960
17363368
51179944
51180009
17560042
17494506
30061050
63680874
59289962
42512746
42513770
42513530
1116453914
1116388362
1137372170
1095395338
3310053386
3294309658
3436855066
3432650266
3432714778
3367506458
3367506746
3366454058
3370668843
2288538411
2305381227
2305390443
2305388411
2313809915
3387549627
3387683769
3387540377
3387523464
3379147160
3379148184
3412695992
3408632745
3408657323
3408653082
3408651530
3479822602
3454660890
3450458425
3450597672
3454791976
3387671912
3379153896
3374959576
3374971720
3374967561
3375099659
3379291402
3421098314
3416899930
3383345514
3387670890
3379286506
3379294682
3387679194
3387680250
3387551210
3387551738
2313924603
2313924475
2313795355
2347352859
2338967817
2338971929
3421233449
3412750633
3412809000
3379119400
3443357000
3442168648
3442164680
1298744264
1298744712
1298758840
1294564584
1260993785
1227562057
1231762697
1240086283
1240085274
1240146458
1240015418
1231565626
1231557418
1240019834
1235964794
3383449594
3383316346
3383320442
3387522922
3379164538
3379159515
3387679177
3387679177
3387548153
3387539945
3374960105
3374958955
3408525610
3408652570
3412815114
3383452938
3383447818
3383476538
3383476587
3387670889
3379155305
3379155304
3379164664
3379164633
3374966265
3374966265
3375097337
3379295705
3387684297
3387686344
3379297753
3379158377
3374964075
3408508234
3412829514
3412828490
3421217146
3387666923
3370881513
3370881208
3370758552
3362369944
1214891960
1277906600
1277823660
1277835948
1277831820
1295673998
3477008262
3328087430
3327497430
3338449206
3334247222
3332997686
3601564212
3601375780
3605571116
3056117292
3190328876
3190525228
3190459756
2938802168
2892664521
2892664395
2888474186
2821307963
2821242411
2825449065
2900948968
2900916200
2892522424
2888328105
2892522925
2892514733
2766687661
2767014077
2767149215
2767087759
2774952335
2741398926
2724619662
2724614542
2724675982
2724476334
2732860846
2732862958
2799975786
2791775498
2792307978
2792172570
2796037162
2796093482
2812887082
2812924026
2812846152
3081347912
3043603016
3039412808
3039413864
3022618152
3022727720
3022727464
3026926681
4108926026
4108917850
3572108314
2515143690
2548714506
3605703690
3601572874
3601440778
3601445642
3735585305
3735585320
3731469096
3660157224
3660153896
3123416104
3123350568
3123362168
3089799753
3102379595
2834009611
2833876489
2825426489
2892560104
2900911784
2900895400
2900899753
2892510891
2758293434
2758294954
3035110574
3030912174
3030912159
3047838861
3081430156
3086672076
3061490956
3056252427
3073023514
3073092138
3173575210
3177740842
3177717546
3186099498
3152610346
3131768890
2594902026
2594775114
2598909147
2598903035
2674400425
3479903417
3454672024
3320462472
3320477064
3320414088
3320414104
3244916636
1126924220
1126920124
1126852605
1093301247
1097818590
1097691646
1080840430
1080874094
1097372782
1097437279
1365938184
1399501832
1407827208
1474935576
1432992280
1433123352
1567210040
1563162168
1601073688
1517158968
1517093419
1517551914
1517562922
1532241962
1494493242
1477916682
1480735754
1489122570
1216595722
1233176186
1266726698
1250205994
1250209834
3397881898
3398340666
3398086714
3402232890
3394784315
3407563834
3376041274
3380239658
3380248426
3388697946
3422055754
3422041163
3412590683
3412656217
3379171673
3379172185
3362405993
3370855017
3370679017
3370711705
3370712713
3454579336
3488125832
3471348616
3337220776
1182393000
1165587112
1161500328
1092229772
1126046284
51780380
36973365
36976917
41229317
41291780
41291776
40243200
36048912
36045872
36113456
124586288
124591920
124591920
91037233
99450417
99450673
91061009
225430291
225413458
225155410
225025522
208253426
141144498
149533107
149664147
1219212177
1219211921
1219211924
1219229428
1219227260
3366579752
3366498088
3370691880
3639127336
3630741304
3626542616
3626541640
3627590216
4164522696
4179215096
4182491880
4182761960
4224705897
4224574811
4291679578
4284335962
4150118362
4085073882
4068298634
4067250074
4067237306
4067237034
1382356122
1390743690
1403326602
1369837706
1353068682
1358307482
1081499818
1077699822
1081896174
1081670910
1375336542
1475001422
1458218063
1458217053
1592303676
1583931432
1600708904
1567225384
1550515752
2020269608
4167734824
4167668264
4167610920
4184384040
4184388152
4217934360
4218992152
4198039161
4265155178
3728284266
3731425578
3597207594
1122568234
1122700314
1122636814
65671174
23728130
7999490
8007682
8003650
24835138
24874194
57380050
40605842
40605874
41531570
41531634
24770802
7960690
7944243
7944497
8075057
16458288
66790000
66790096
66810496
65782416
6917777
6916755
15567794
15571634
10853298
14989234
1089775330
1106551526
1140630246
1134405606
3281633254
3264986598
3264912886
3264976854
3271078870
2197332991
2464719356
2456330620
2452201832
3056579368
3039728168
3022967352
2955858440
2955350536
3760460312
3760469544
3764655400
3840150568
3856927787
3991145482
4016901194
3945598154
4214033610
2070486250
4192810090
4188615706
4188655626
4222193674
3685462074
2594938922
2594939178
2599133739
2599002649
2590618136
2586415736
2586415720
3123433832
3123368040
3127558376
3144335576
3089778120
3156893384
4230630088
4230728440
3974684392
3836276712
2762532329
2762528202
3840721866
3849081466
3844878954
3878498922
1731015194
1731014922
1731006554
1710175466
1705981098
1638874298
1907178634
1940724874
330128522
334353546
330272906
61845898
1135522202
1135534522
1135534506
1139728810
1131307502
1131308542
1131030014
1130966270
1139350782
1139480798
1105878222
1101691982
3349926990
3353932925
3353928044
3320357228
3437802284
3437802028
3429479980
1282397752
1210965560
1210441260
1478552108
1478553132
1478555180
1479603004
1498476811
1531031834
1522767162
3670252842
3670251578
3670128698
3670325274
3670391866
3671061562
3662565402
3662286858
3662286874
3402249514
3403290154
3403286058
3405448986
3405317386
3404223754
3404222475
3395875193
3395940729
3395998025
3379216713
3362407753
3362474331
3362273771
3425184171
1277770171
1282021257
1156256392
1151873688
1152922280
1089999528
1077417640
1077698216
3989148
1896132
1371972
30921988
64419073
66512129
37151745
37112833
37637120
37686289
36574481
40763665
40833811
49226546
66019890
32371250
15586866
82693650
78629650
78371603
78248721
99219729
107539744
103342368
103346208
103338016
241860608
241865025
157987141
149590621
149653084
145463896
145463896
1223277176
1223212648
1491660392
1491924584
1491882856
2019849000
2020893496
2014651193
956375851
956375354
989929754
977473562
977473562
985859098
985924698
1061440602
391433434
324390042
326470794
310217866
309298314
49255866
48731562
44430250
1118819258
1119802250
1124004762
1123721706
1123656042
1123591278
1119403134
1186708558
1189782607
1189781581
1315614808
1311502360
1328230456
489369656
472519976
405411368
405409320
409863736
418125320
417604104
409215496
410285595
156522042
197492538
176515946
177039738
176961883
245107145
116985176
115933304
40566908
36307028
36307140
36335808
53113281
53134787
57396690
57268722
57268658
57277874
57277874
32106930
15329714
15333810
11127282
11131250
11262226
27901298
27829731
32023009
23830929
2789761
6979969
7046544
15435152
11130800
15333105
1088972390
1088974374
1097361966
1093425966
3225180458
3229415722
3252215050
3281621258
3264971530
3332014858
3334181483
3332940776
3328745960
3328741864
3592984040
3593115640
3559558728
3559579144
3559570952
4096765464
4096566840
4029462056
4100773416
3027027945
3052193466
3186411194
3186442922
3178042026
2670662058
2674603114
2682993706
2611686442
2611684378
2611635210
2594955274
2594938891
3668672792
3668672888
3672678776
3664290296
3660103800
3660300392
3660202088
3693745528
3693750856
4230625992
4243278536
4238891736
4238929624
4238931672
4104946424
3035398889
3043792554
3077355178
3190159018
3194480554
3194316218
3194229146
3177513146
3170762986
2633904234
2631540858
2631607386
3721929818
3734594634
3466285259
3466182856
3472486616
3471433976
3463049448
3458978296
1579832280
1546278472
1546276360
1546258952
1550518792
1013725752
1009543721
1009543723
740577082
606342618
660866458
660669594
644944058
642851002
574693562
574824618
583213226
868376810
830628074
864481498
864519386
851739898
851741866
843877546
839747770
839899290
302971034
303724698
307919322
301611738
284847835
283901531
279707209
279688729
279553592
334016044
317243180
308841772
36277309
37406751
36329478
37365782
37365810
66730290
62523955
26873361
28978688
96085504
99230208
23773696
23823104
19628865
19628497
74154899
82412211
82416371
208246389
1277804085
1277803068
1227483688
1530456616
1534650920
1538805560
2075674424
2025326584
2025329593
1554522539
1559765418
3698877610
3742917802
3590907066
1443488906
1447665802
1451991178
1386131594
1386127770
1390338218
1383977130
1396524267
1361974523
3496359131
3513136251
3521518699
3521579387
3521387290
3248777738
3248777802
3232103002
1085210138
1206818331
1181712921
1181253928
1315484712
1315480616
1311288364
1311505436
1311439884
237657092
221121860
204343681
208473010
217590690
213396386
77081506
77148034
79304322
11142850
11142082
11092803
11063633
32092432
23826688
23823104
23822864
23695904
86549024
86615605
69926415
204130827
204196379
409520681
1488510248
1505295720
2109242792
2142793128
2138631592
1463412648
1463412667
1446638522
1448735162
1456337322
1385164970
1386127530
1386127530
1392419002
1384112266
1378730203
1378697465
1378758875
1395012699
1348877402
1088821514
1088817690
1084561946
3232000570
3232033338
3232546362
3249321498
3270349370
3606020921
1449886008
1583985720
1583918124
1579727916
1579793468
1579875340
522849284
489294852
422185456
422189793
233519842
263797474
263727682
263728642
245966338
111810050
128647938
65650946
65634578
65634610
32080178
74158358
74166558
82425659
82427449
216644152
208255544
476683832
405315128
947435048
1014543976
746125032
745076392
627605160
623460009
1999191995
1983462586
844838058
849289386
849158330
848126090
848261258
311353514
315547818
307680427
288773513
287735244
287731148
287387129
291518953
291519343
283196254
283278158
283310926
283360538
1356903738
1357165610
1407497530
1923454746
1923587641
1991220792
1995283000
1982642744
1982634808
1445386300
1445333052
388368412
388368404
388380693
125118706
133640162
129382066
129369730
96339586
95225538
95276546
1101630738
1101640722
1101766674
1101635634
3249057825
3299381280
3303584740
2489892516
2485828252
2485820060
3559627416
4096498360
4096382632
4029428392
4028904168
3777246187
3814990058
3890488554
4125441274
4126619850
4109773002
3568711882
3584957642
3585025226
3618382026
3349954810
3332915434
3334066410
3334070506
2264425706
2263416058
2255080667
2271987163
2238353881
2221577176
2498466808
2498335480
2498279144
2498275064
3026759416
3027025512
3022888488
2704117288
2703595048
2703533608
2703549992
2736903721
2736866859
2736867178
2791376250
2791378202
2791376922
2800171034
3068602394
3198625818
3199151130
2662216730
3739881498
3672768522
3672772618
3421114378
1235881994
1269503001
1269374072
1256740968
1248385384
1244265848
170587336
187348169
153809098
137090250
137039066
137042170
1214978282
1219181162
1219181162
1286154986
1286090394
3433576074
3433566874
3433566907
3303568057
3303666360
3303667384
3303602088
3295211436
3291278252
3291278252
1161096100
1115155428
1123544052
1114892756
1114832320
1110627520
36098240
36098240
36073680
19345584
2240720
6422977
6423127
14747183
14710318
14741034
14724650
14723626
333486906
316967226
316966938
1449494538
1450161161
1986895896
1982439464
4129984568
3861545272
3962213912
2888474168
2892667448
2892663336
2892536360
2888625704
2888625704
2888619560
2754368104
2754352104
2758541752
2758608316
2766734780
2783517884
2779331765
2779479223
2779739318
2746115222
2746114254
2749784526
2741446494
2737258062
2736991182
3810601470
4083169518
4091612398
4087549146
4053931210
3585221834
3568444490
3572837386
3300142142
3299093806
3315940654
3350017082
3333166154
3333162058
3337356506
3337110779
3328728249
3328801944
3345704072
1164670344
1282110104
1282372344
1282241144
1278079544
1278015000
472184344
472180280
488941113
488940314
526754058
1609021194
1589090058
1588961049
1320524600
1190517624
1189988856
1181568408
1114441096
1122632072
1122632091
1122636218
1131291118
1097736310
1076768774
1080972290
7230466
7263298
15725634
1081078994
1097856466
1131410834
1123786194
1123798994
1123667954
1122566115
1122561953
1139338661
1105784228
1089205684
1080807868
1080684972
1076425709
1076679663
3224171310
3227837246
3227903754
3236294426
3303406394
3315923754
3332696874
3333286906
3333290427
3337411993
3329019032
3261973656
1110429944
1110368504
1110335512
1110319132
1109798940
1093022004
1076237877
6692373
6692355
14812673
14878209
14946833
98842165
132407077
107268391
1177016630
1176934406
1194235906
1332642882
3450569027
3450372596
3433599716
2359931636
2359993076
2632627956
2632687332
2624372460
3161239276
3156519528
3173296744
2905914921
2905906809
2939467355
2942612043
2942693946
2775433770
2775433771
2771244651
2771253115
2704144377
2741982169
2741981657
2792165881
2792165817
2808418746
2808419770
2774998426
2917611674
2917611674
3186571418
3182373002
3182374026
2628588682
2628653194
2628653194
3435012235
3451216009
3451184041
3488986089
3463549929
3459483627
3459485547
3325074235
3325077851
3596675529
1449158792
1449344152
1377967288
1344406712
1344406920
1344407176
270669448
811607736
811655912
551592936
551592296
551588152
568440633
1902231067
1902231066
1898053146
1898012186
1361124922
3546357034
3550682154
3618053162
3617983546
3617987658
3350670410
3317126218
3321286986
2281624410
2264916778
2264785450
2264721194
3337411963
3329083896
3329083560
3262109880
3278829960
3228491400
3228485256
1344684680
1344733848
1344550568
1344546472
807415272
807415016
811611241
820064298
820064314
299986954
283210762
283204874
279009562
10705210
10623482
27408858
27404683
61046153
48484744
35901832
35684856
320897512
320911336
325103208
333560440
325163640
320977528
1394849336
1378005531
1378005514
1382470154
1382466362
1408047402
1407990058
1374169194
1353267434
1353324699
1353319560
1357529480
1349239432
1344832248
1898750568
1898750504
1898750505
1885713978
1885707818
1961736746
4109351210
4100962346
4100954122
4251682826
3194717194
3203039242
2594873354
2594889994
2594853674
2591564074
2587369770
2570656810
2552891434
2297039146
2292844826
2292784906
2292723466
2292721418
2296907546
2313700731
2305312123
2305381755
2305553787
2313938299
2313907561
2305383785
2305377641
2305382265
2305381209
2305520457
2305520475
2305386347
2305387883
2305419643
2305419739
2313808331
2313812427
2313767387
2305379675
2305377627
2372621659
2246792699
2179691945
3253298600
3286859176
3278462392
1130973624
1130977724
1131018684
1126824380
53082556
19528124
19659196
19655100
287959548
824826236
829020541
560847231
560847231
560855359
560851319
560855415
560855415
560847223
560585079
560585079
560716151
560724351
560589119
560585023
560580927
560855359
560855359
560855423
560847231
560843135
560847359
560847359
560855551
560855551
560847359
569244127
569244159
560855423
560978303
560986495
560851263
560855359
560855359
560847167
560847167
560847167
560847223
829283679
829283679
829289983
275625471
275613175
275092981
275101173
274837877
274829597
274960669
291682061
291680013
291679759
291678735
291696143
275201790
274995114
284950954
282919099
281936027
282726555
275394713
6824153
6824265
7090441
7164683
24105739
24007435
32396555
32462107
23913771
23979291
7271691
7259403
7192859
7131451
7139643
7328539
7263003
24040219
24105755
57512955
57512891
326074779
326075803
309171643
309114043
309310651
309245082
305115354
304918586
304980026
305045562
1395565355
1374597675
1908323881
4055678504
4055678472
4156459528
4156463436
4143951213
4135450093
4131148271
4130099438
1664024814
1613103342
1614164206
1611735406
1614816047
549454365
545328649
562260745
599910665
1740761097
1723972681
1669566411
1669826267
2005762745
4140348121
4132038344
4263177800
3189402136
3191487272
3145215272
3149407528
3149402905
3130721035
3146453786
3146281770
3130581358
3134775790
3135811750
3127489950
3123313806
3123443855
2586568845
2603346140
2603251964
2569680989
2573867279
2565479950
2561283598
2561291822
2561173038
2577987374
2583201086
2608370766
3128471758
3124342991
3124342925
4198080652
4197163144
3928731784
3928666360
3928667368
3929726184
3946503544
3900361560
3900361288
3900299848
3966294600
3966357080
3974677096
3974910696
3991679739
4025234154
4017042410
4017034154
3983480234
3966573754
3974961306
2095660170
2091461770
2091459978
1554985870
1420768143
1421693828
1419538820
73164160
69070208
69139856
51797904
41291392
309724800
308414081
308282033
308290531
308289891
308289847
308293910
308286783
845167919
845233451
845364507
845364507
861949243
862244667
862244667
895782683
896306971
929927129
1064146873
795709881
778932665
779063737
779006137
711897257
1785640105
2054077689
2054072569
4201293945
4213877097
4218071657
4218072697
2884281945
2885280345
3153650281
3153716073
4194251627
4177473915
4169077114
4164748394
4231990506
4236183786
2087590362
1559181706
1424760202
346822542
78381967
79627148
79496068
79454868
6055604
6153908
22992564
56018820
41305989
40257413
40092055
39907815
39903717
39903597
308404573
308467021
308530653
308402667
308312555
308308395
845232570
845159866
845152666
845218202
853742074
585195882
585425195
585147695
601923391
643866429
643929405
643937597
639743037
774093885
774089757
1847830815
1846778687
1845676607
1845648110
1711422126
1649547950
1660291519
1642859711
1621900447
1622097053
548289677
548281741
548347535
548150975
551824047
551824110
551840558
551861295
564436015
601986063
602125327
644068367
644070431
639876126
639871006
774023486
1847765806
1847769647
1849072173
1853275749
1853791533
1852425485
1869145093
1865018389
1798040629
1764424743
1768578103
1768573974
1802192182
1810715942
1877824806
1877955958
1879004614
1879014790
1845324167
1842837911
1844927381
1844861845
1844924311
1844777430
1827942422
745807926
1010049086
1010049078
942089510
955136551
414059045
414124576
414714368
144191168
211297920
1280037504
1279955584
1279956624
1163839120
1207879313
1207945107
1131267506
1113892258
1113891234
1113956786
1114091970
1114083666
1113892195
1449436451
1449501991
1449504054
1449442598
1449442598
1449983287
1450171423
1450103839
1450071103
2003718205
2003513405
2003513661
1969959743
2011706159
2011698987
2011696955
2011697019
1978228058
1969943834
1969943835
1970004315
1969791323
1965593051
1965851099
1970046459
1970259387
1970200507
1978593211
2096000954
2112841626
1559048666
1560088906
1550790942
1550655774
1559045438
1290747685
1286487844
1286483760
1291413440
1282990720
1280959104
1281004160
1297781392
1163821713
1199473555
1206813650
1198359922
1197798690
1181017378
1176790311
1445422343
1181619469
1181615388
1206715708
3354139964
3354148156
3320593720
3353949496
3349747000
3332899096
3332899096
2259501353
2259448107
2276225322
2280440106
2272051562
3278885370
3278804442
3278738826
3278675354
3274546618
3274683834
1177466250
1445900682
1462612874
1596831626
1596978586
1562799610
1563896954
1563896890
1299397690
1240604990
1236410654
1234313998
1234248478
1233134398
1233134378
1237329722
1271086874
1271078682
1270898459
1270906715
1270938971
1262533979
1262519643
1228965339
1237422555
1237561851
1271112185
1271112185
3376648697
3372451321
3372473835
3376675323
3376638459
3376622058
3410049386
3393394010
3401716490
3397522186
3414299418
3414168363
3418367787
3384827691
3410025821
3393451341
3393447241
3393299835
3393238377
3393230313
3393294825
3401822713
1254273497
1254273224
1245885656
1241627896
1241552936
1241618488
1241692168
1510128648
1510124552
1510118424
436437112
973246936
956469704
953319816
953386120
1758563480
1745926328
1745922216
1745987752
1746053608
1813159272
1817675560
1819574569
1819599146
1836441902
1832382510
1864745006
1864880622
1864880622
1869038582
1869038230
1835995798
1819226847
1819223775
1820143359
1828527871
1828527103
1841118175
1874799047
1857498567
1857512903
1859482054
2127917510
2119561686
2136466422
2111267814
2111272950
2095011830
2094890963
2085978067
2102736883
2102736881
4283765201
4292170709
4292170741
4292109285
4258555879
4258557559
4258659926
4258790998
4258783062
4258645846
4258645343
4250260863
4283790717
4283823485
4283823613
4283823612
4283921876
4283916756
3755434964
3721876308
3705131797
3705132853
2094391079
2088556855
4160608534
4278163462
4278098966
4269708318
4265578510
4265070607
4265066525
4265071405
4235716141
4239877676
4172501532
4172399165
3920676655
3941631023
3926953005
3925916732
3925992460
3925991436
1761796104
1749180728
1758855992
1761543899
1761094314
1761094314
1761159850
1761282746
1757220490
1772933770
1772913290
1807516362
1804895867
1809104425
3942952488
3942951480
3926375961
3926299161
3927347753
3927359849
2922856681
2925789357
2942637245
2951087295
2917539007
2913344958
2913353118
2914463118
2914397582
2914397582
2948021662
2947890591
3180604815
3184862671
3179095503
3179229663
4261286239
4126085503
3589084543
3589027159
3589090647
3573497335
3573495255
3572971463
3589755717
3581231957
3614823295
3598050079
3606438670
3606443294
3621123374
3310713902
3293928510
3293928510
3293926431
3293925405
3321327900
3354850060
3338064396
1190576652
1316455964
1584762157
1582672942
1599384622
1565828158
1561628730
3711205402
3711352907
3710304713
3714500568
3588671164
3588576941
3589568173
3581174461
3564380831
3564446363
3564381098
1425285546
1439969450
1440035034
1473717466
1465328858
1467301114
1463033306
1433669578
1433624266
1440929498
1436808922
1470206667
1470141128
3315634776
3353588264
3613500200
3579962152
3575767337
3576948011
3577148458
3581393978
1433910330
1467456539
1450693707
1450558537
3598042329
3610722809
1463186409
1433809641
1433875195
1442263803
1475687162
1471492730
1471492986
1437934906
1442065530
1433681018
1144290522
1144282570
1148311434
1424197514
1424200602
1424208858
1440854491
1440780633
1440788521
1465950248
1466146856
1461887032
1461973016
1462161720
1462158136
1466353192
4150707832
4151311960
4159569752
4151180633
4151170521
4151169529
4152218109
4152349677
4151833581
4160189165
4124406509
4124337135
4124338159
4099244015
4099243518
4116012494
4118117834
4151669978
4151800058
4150751482
3613856090
3622113562
3588698939
3588698923
3588563771
1441080603
1432696091
1432622363
1432622363
1566922011
1567020299
1441170697
1441236297
1474397641
1465947337
1461748889
1461813433
1461973163
1467408811
1475768747
1442264043
1438069627
1425355643
1425291051
1416900202
1416916586
1417019098
1416945354
1441040267
1474594187
1457815689
1457619160
3596849400
3596853608
3597115688
3613827880
3613844280
3613848376
3588739896
3589788524
3614953837
3614930429
3614930431
3614799358
3614801918
3615449086
3615447006
3615315422
3615322590
3615318527
3615318399
3590287743
3573535549
3573010749
3572888877
3564436797
3564501279
3564633439
3581410639
3614955470
3614786526
3614786266
3581367034
3581375226
3589764090
3572851578
3572884858
3572888955
3572890975
3581279583
3581277453
3581277468
3581408604
3614953596
3614961788
3614961884
3614921948
3614856684
3614957037
3614965229
4160225279
4143316959
4143298518
4143231446
4134842742
4134842726
4147491175
4147573079
4114018631
4118214485
4126594917
4126431077
4126422373
4118029653
4114425159
4114560343
3581810534
3590194022
3569222230
3568763654
3572773126
3295944982
3296010558
3304469790
3304201742
3300007438
1152458254
1169167950
3316651611
3318760155
3318793211
3310474233
1162966009
1163076473
1163075897
1146302777
1146294329
1154691128
1154560025
1154551833
1280381241
1297175865
1297339675
1297319243
1330874187
1330747355
1330747355
1330689755
1322366681
1322497785
3469973241
3461460971
3461477355
3461865962
3461767290
3469107322
3469160554
3464765546
3485753451
3452294267
3427253721
3360144280
3372727192
3406281352
3657808520
3657801608
1511364504
1578472376
1578627996
1578529725
1578509231
1580606446
1585324518
1604134374
1570520562
1604070610
1541155906
1255963651
1256018963
1249833987
1249833985
1248515329
1265357137
1231803863
1231812054
1215952374
1215886574
1215888494
1211690286
1216212762
1492057610
1487853066
1487918650
1504506427
1522332969
1526502440
1516013672
1516210408
1516157112
2053027992
2065341656
2064302200
2031734872
2014900696
2014868440
2014995177
2019173097
2027642601
2023316201
2022211305
3633084136
3649894216
3649885000
3721315080
3705586457
3705652779
3707600426
3699212090
3711917866
1463747898
1463746826
1379730698
1379730442
327097434
335427834
301889770
838852026
838635930
872190346
844927386
844923307
575443177
571248877
1645195373
1645125685
1661902869
1628364821
1695442231
1964914478
1969162030
2094993198
2094866302
2096971214
2096836046
1555774926
1555633911
1555633892
1553471140
1285035648
1288185472
71837312
67790464
69105296
123608704
39194240
41291649
40175027
39876003
39870882
39870690
39969235
107083123
106997025
123774241
132165921
224506133
526430517
257995045
241218598
241368086
253950982
253910022
254942486
223558966
215095126
209852358
210114503
210179988
75782052
80510880
67923856
68804224
1760912
18798208
52347776
41337731
40288643
39895458
39887330
39888226
39888162
56798466
1130609942
1130476854
1197585718
1474540822
1474475286
1474532663
1608621863
1608767270
1600354070
1566979862
1294349078
1299583862
1282803062
1291259382
1291074039
1291069877
1291069873
1282747779
1282830787
1282818370
3447178002
3454530082
3450267170
3450256914
3483802386
3483732786
3400317218
3404506146
2330824722
2330624003
3396042817
3396894944
3661148324
3644370084
4164593892
4168792548
4168792420
4168792116
4180384780
4197171213
4197072911
2049835022
2049847342
2049910310
1810382370
1772685859
1773739632
2042196688
2042159808
4219003840
4181303744
4164609472
4164614528
4164586464
4168780768
3904473568
3902310880
3952909776
3940328640
3932070082
3932078290
3927916770
2856059106
2855011814
2855018470
2859084534
3136957142
3116052162
3099082434
3099078338
2562272706
2629522625
2629391553
2632499393
2674442449
2670313632
2657804464
2657805696
2674589056
3744157584
3576254132
3576389348
3580458732
3580651132
3589039964
3589039944
3589275096
3589275100
3589266941
3615350269
3615348127
4085077903
4085077903
3514783166
4050538927
4050612655
4049957375
4083544573
4091932957
4075287357
4075083581
4075089725
4066684223
4066684189
4084120845
2976832781
2976828700
3028272956
3036665404
3036664380
3036541500
3036439069
3036439071
3028054638
3028046318
3028042990
3028028590
3028229278
3044963534
3040765134
3074319822
4152255818
4152098682
4160355706
4139384187
4139318649
4143506936
3061638232
3061629016
3057500536
3074347388
4148089644
4118733373
4034851357
4043297311
3772553087
3772553327
3772549223
3771500647
3779958997
3810452933
3793675213
3795723213
1665012167
1663959527
1902380262
4041489506
4037294114
4037884194
4054722818
3551472386
3534434050
3270129411
3270116099
3282715411
3249238563
2176377571
2157503137
2156438181
2156693421
2156693949
2168756653
2433722797
2535434413
2535366029
3611211151
4145980879
4146046415
4150048623
4150042479
4145921407
4129275262
4135515502
4135514414
4269207870
4269199646
4269109535
4279526687
4245974333
4250300269
4260781933
4256580989
4256629069
4256444493
3572785229
3572786527
3564598639
3564527471
3564592879
3564470014
3587536590
3621025422
3613149070
3613218206
3615454654
3548345790
3514791326
3522622863
3522615181
4051027868
1903482796
4084524972
4080330156
4084720125
4084642141
4083585309
4083519805
4083475773
4083478309
4049952549
1910972197
1910904381
1910904783
1886782431
1895105006
4040430062
4042616942
4042650686
1895087118
1895083274
1903472394
1903528719
1937215263
4085221135
4152262927
4152279391
4150161775
4158202223
4158206447
3588039167
3588039162
3587773946
1549344250
1549351386
1549478347
1557821897
1560271308
1551664588
1551151436
1546953548
1597223772
1578349437
1578283303
1577293094
1577295158
1581444402
2119626082
4275492199
4276045285
4278015445
4286403988
3716085124
3716076996
3716073284
3715482900
3748984101
4285849895
4285834279
2138481703
2105445687
1953418502
1953156358
1953221654
1969869879
1969844263
1965568119
1999118455
1999183981
1970156397
1961755183
1957629503
1420757531
1420565002
1420585482
1424812618
1416403914
1433178010
1475123102
1459471262
1458557631
1458500606
1459548526
3598709094
3732791399
3732922487
3749639239
3716085191
3699296199
3699101399
3698974455
3698982646
2633625334
2629429239
2629367271
2646144485
2681790957
2665013757
2656694780
2656817644
2673530348
2541475325
2541286781
2507732351
2503558271
2501592191
2501792990
2505987278
3579737551
3571447263
4108187101
4108117981
4099796957
4116709085
3590315645
3623870333
3623671677
3598505309
3598479743
3594350719
3594408063
3615379583
3623768447
3590280695
3590290911
3573514207
3573546959
3565018527
3564950943
3562862047
3562824191
3579667439
3590288111
3590287983
3590280767
3589134143
4150842687
4150850847
4117361935
4118541599
4118541629
4118542205
4116313981
4116240093
4149794813
4148811773
4148950527
4149933311
4150260990
4150121598
4150252638
4116632590
4125095262
4124964223
4120761727
4124956543
4252858367
4248794869
4248729301
4248712773
4252701253
4260893559
4260898151
4256789989
3753465333
3757594071
3623384535
3623382487
3615059415
3615063479
3615169959
3548059062
1399526806
1399525559
1399525527
1366888663
1366839383
1366873367
1367144253
1366097453
1407499821
1407557149
1442027021
1442031373
3587618133
3562519797
3562400951
3579079863
3579264183
3612753399
3614838742
3622700566
3622704694
3618453030
3622577966
3622593326
3345539894
3353932550
3353907974
3317203525
3317400564
3317601700
3313411236
3309239444
3307134084
3307105412
1427532932
1427598741
1414821863
1414887407
1358350207
1358288719
1442096991
1439999357
1465161069
1465156973
3612710269
3612800349
3612800349
3621184863
3588085103
3579631599
2505899903
2506094461
2516514141
2516513148
2516570396
2495476508
2499670812
2499605052
2491219501
2487085679
2503998190
2503986158
2537475550
2524890510
3598635470
3598696910
3623735550
3623739503
4151107693
4117521517
4117722493
4152253917
4152249821
4152249823
4152325599
4152195071
4118574078
4051464959
4051464827
4051531385
4084168569
4092556605
4092589373
4050507037
4050449695
4050441499
1904203579
1937168155
1937176351
1937077535
1934913821
1934962733
1935085613
1666584877
1633095997
1616196409
1616188185
542512649
550911497
542392089
542383913
542904169
559678841
667877720
936251736
899559897
882779065
886859705
819744699
819252154
819317146
810997898
861060234
852665482
844271754
846389322
842129435
841015595
841016107
862052907
820425259
1894220335
1895073343
1960609295
1954324431
1971175311
2003550094
2003475854
2137693582
4285191614
4286236582
4282245622
4282245623
4282376503
4286562615
4294833461
4288013621
4287948085
3218401077
3219055461
3210658677
3210658647
3212793687
3179107703
3179052414
3179048047
3162339455
3162340815
3177135567
2640258517
2648666613
2648658407
2650620391
2648457703
2648502743
2648564167
2648696647
2682253143
2684354103
2675788327
2658994998
2591887158
2591890718
2591896862
2608149822
2582982974
2577363742
2560619294
2559353406
2575868911
2613621741
2605221308
2585298332
2585370004
2585525652
2602237332
2637850004
2625250772
2633643477
2633893365
2633958901
3573495253
3573495237
3590272453
3623842247
3623842119
1434042711
1433964847
3581453613
4118326589
4152015113
4135487753
4131358987
4265393418
4265407754
4131144474
4265018218
4252369898
3166045098
3166569391
3164542381
2627492333
2627529213
2635917821
2669579085
3055456013
3061744397
2801501053
2732364269
2732373417
2740760488
2736566200
2702018217
2702624425
2736145065
2738229993
2720404075
2732930618
2728668698
2728667674
2745448970
3018602762
2985101323
2963933241
2427063352
2427073560
2495291400
2226724876
2224578572
2223567660
2160640556
2152255021
2152450862
2219505966
2229004398
2365184126
2365299926
2381033686
2380968134
2414510278
2406121686
2385162703
2670437836
2670439244
3744115276
4280986188
4264209112
4269517561
4269600731
4265362378
4265083290
4264231338
4264178602
4234814378
3169461182
3165263766
3165247894
3165186279
4239960103
4294487069
4269321229
4265337868
4263142428
4196021340
4198112364
2033912172
1748638061
1751779869
1760169485
2028543503
2028480014
2020091406
2020140862
2029565038
2042134758
2040037462
4187598919
4187664469
3650859132
2581111868
2567502909
2601081145
2601143085
2585397805
2665090669
2660894285
2662863565
2662863821
2394423771
2264486379
3346747882
3292463594
3291368922
3292429258
3292457930
3558845386
1415358907
1414835611
1414828427
3570696653
3590095773
3615396781
3615400677
3611222757
3594449653
3594372083
3598578151
3598676455
3607057655
3607057527
3606926423
3622663511
3614270807
3580718455
3580755327
3581801839
4118672767
4126986719
4160516575
4141703647
3596444127
3613356543
3615372799
3615430143
3581892093
3590288765
3573407037
3590115133
3590125341
3590121245
3615322911
1467970335
1476268859
1476268345
1432289593
1432171835
1417510203
1417673019
3565152635
4118526427
4160261578
3623388554
3598483850
3598549403
3598619067
3598639529
3615383981
2550030829
2516398460
2650739004
2649560364
2632463677
2632459583
2364089630
2359964958
2359963934
3367703358
3384283946
3384279850
3388490538
3380147483
3359173897
3357059337
3357063432
3407517960
3659184601
3732579721
3736699785
3736634248
3739911064
3727336104
3711607720
3711625132
2625367980
2625236972
2633629677
2650363341
2684178781
2684178751
2684162367
2675913774
2642359590
2642359606
2365538102
2365406742
2359115286
2375906838
2408904550
2408904162
2413069537
2335211728
2335216832
2366813632
2366828352
2366828096
3442667072
3480405568
3472082673
3606103011
2530271651
2530271395
2522014853
2521990277
2507310229
2490469621
2423369045
2490428701
2489383215
3034635566
3034640174
3043161902
3210920462
3177398798
3177387854
3178708446
3178572271
3094616557
3118206445
3151828829
2614833993
2614698760
2614649096
2614649144
2576934205
2576936319
2576940526
2581093870
2572701166
2568816094
2568369614
2568381902
2572608990
2581528062
2577374358
2577173639
2648484996
2639045764
2634843580
2635042732
2669584044
3747540900
3732828133
3732356599
3728020727
3727692915
3610444835
1416758307
1424110897
1424106241
1155670785
81949185
1080214017
1080263537
1348902849
1365674945
3530525121
3530398385
4142709425
4143752864
4135363301
4133278303
4135469599
4264440111
4146864175
3844609071
3848944699
3857328219
4125763977
2008557961
2012752265
1459109001
1459097756
1467617436
1408897180
1375600813
1353982319
1352726302
1352711966
1352706606
1348578094
1344388414
1394842894
1378006286
1379317007
1379304719
3524691223
3529490791
3598632431
3607033839
3607062511
3606935519
3606935391
3615323999
3615455071
3590272861
3707583837
3707583839
3707057535
1551177087
1551177087
1551175999
1550915390
1550858047
1288781695
1301290957
1334852557
1338043781
1329642933
1329631671
1333834134
1199681974
1166258598
1166258662
1171497446
1144231270
3224538370
3227695363
3227691777
3227761441
3227553572
3244655892
3257307396
3525742852
3592848133
3592849205
3592927011
3597004579
3597133091
3757495623
3757490247
3758080199
3757953269
3716018661
3713922021
3714053877
3579805397
3716120261
3716017877
3724338677
3724338669
3724341757
4127052253
4116693375
3579827581
3615487789
4269670205
4269604637
4269602573
4269799197
4269724477
3221148029
3187528045
3185374591
3185374335
3076322431
4150099455
4150099454
4133432831
4133371327
4158528959
4091481535
4049407125
3497997460
4101911700
4101374420
4099232596
1960071732
1955906100
1958003221
1556079374
1556029726
1483284526
1479027754
1479085098
1496975675
1530550857
1526393416
1522051656
1522314824
1520211657
1519683306
3667178410
3754275242
3746017706
3708190958
3708191198
3712405966
2640236887
2640306551
3747374437
3747360117
3747428677
3713997141
3722385789
3655278063
1507131887
1507135999
1500852703
1500713435
1498616315
1498427643
419442938
402926682
403012682
403069706
1481005578
1490967049
1503418904
1538808376
1253635608
3468542488
3466445400
3466388056
3466392280
3483128570
3487421290
3447715178
3695021162
3560945738
3560941642
3577587786
3577329866
3611004298
3594426282
3594433466
3593896842
3614884490
3715547898
3723682798
3723682158
2647749990
2683327606
2681237586
2673041602
2673042642
2639428818
2622651858
2622643923
2631061235
2511586867
2511439377
2544932401
2549393184
2549394736
2541075728
2537016624
2671234528
2637614496
2637614480
2639713664
2641544593
2649871795
3220239778
4268811762
4268810562
4264681730
4281463090
4285576226
3992052775
3975410727
3975666901
3832892613
3827045517
1948071069
1948194239
1950230190
1953380030
4105051902
4121890430
4121775646
4121708047
3618432525
3618431757
3606041357
3614364429
3614359869
3622749485
3622595949
3623643517
3749013855
3749141885
3749141853
3749123341
3749122317
1601639693
1563899197
1568023917
1567766511
1576162047
1569968799
1568723871
1606464431
1598071727
1598071787
3577919471
3577921407
3578174783
3569651005
4099181885
4116618525
4118717709
4152263949
4152210717
3078467901
3061814573
3061814639
4135564638
4152333662
4152215342
4152152878
4151857471
4047319311
4030673165
4030603581
1883124013
1887306543
1895695231
1891567455
1891571150
1895640522
1945987530
1390201291
1390197737
1386003369
1922874777
1994174600
1987874952
4133785736
4129722856
4150694893
4117144173
4118204983
4100276774
4100223790
4033093934
4034212158
4030673182
4034868510
4043257210
4039063530
4036757483
4036757385
4052248457
4048088968
3540750216
3540946841
3540946841
3545079211
3511465391
3578569103
3579765135
3579761055
3588149679
3590316519
4160742391
4160739143
3615356759
3615287159
3611092287
3074291007
3078608191
3045049693
3053405533
4261368157
4260827485
4260696861
3713282876
3713348392
3713480488
3716095800
3716094744
3724360536
3724097944
3719838136
3719830937
1471952010
1469903034
1473548458
1461031338
1460777386
1427288410
1412604170
1412605194
1415642410
358673706
891508026
925258010
1987756314
1994113850
2006681387
1972080107
2110298329
2135468169
2132323465
2132521097
2132443289
2000322712
1967030717
4095656701
4099860205
4108248813
4124898933
4124864213
4292700127
3749523831
3749523839
3749515614
3713995070
1499403582
1549745470
1560230718
1559702142
1555376895
1553284797
1569739660
1572909960
1598071176
503361720
503427304
369340521
386137583
386071022
290618286
298982334
299043774
294718910
315770255
315768989
309485724
304144588
304144460
304193832
320975144
1361105704
1348523560
1352702504
1352768040
1352899129
1353157147
3588524810
3714353418
3714878922
3648965786
3632161946
3632144794
1480012186
1551241722
1551249898
1576935914
1608327418
1607995615
1591235817
525886700
488170748
471430236
473461764
339303684
876501812
807295524
806799972
860015236
843236996
843227780
843293319
570536886
570470830
574657006
574653738
558927146
544468250
539436811
539304713
539370264
556667432
1635648041
1637486185
1971903385
1973221771
2006759563
2006751370
2006811786
3621748875
3621753227
3613307289
3579748841
3716080621
3716081517
3590018933
3581501303
3581493239
3581754871
3581752759
3615438229
3615437205
1459564957
1456812447
1456813471
1448359343
1448359406
1395664350
1366499598
1348689934
1356943370
350240794
350240810
350247978
347301946
345139483
361913881
395529753
374425097
303121929
305350153
305298969
305163819
844130091
852517243
869646665
601145721
566591976
567116264
558731368
822911016
822915096
856522765
1930335308
1930341596
1393551868
1393380333
1364134573
1355680511
1351485135
3582341706
3582337546
3298108202
3298566954
1154241322
3289180975
3289226015
3222248197
3222247748
3222247620
3238956228
3276702084
2195620484
2191426181
2191454850
2191454866
2195477154
2195468962
2480697766
2430354606
2427837615
2427975901
2498164941
2485581900
3576096844
3710281932
1563307332
1564353877
1563821943
1547044855
477501415
494348215
368125879
938489731
919664515
1053860227
507552929
507552992
1057002592
1041341472
1041431552
523386112
535959088
529596961
529596966
528548398
494937642
495988282
483715930
475838926
1011656910
1007466635
1007459531
1007005707
790593547
773230601
639017001
1980932136
1979876136
1967313448
1950797352
1892502120
1892240105
4106873499
4107922314
4122606730
4156133514
4143808650
4143874190
4135489742
4135495022
1985979687
1985848631
1985843253
1981665301
1998413841
1964975152
1950299184
1950227488
343805728
363726433
296683201
330183363
330265283
330298947
334337619
1206752817
1198371377
1466802705
1445848577
1445854833
1445952481
1450138019
1466779811
1475169442
1441584306
1424879762
1425006994
1424990610
1424995314
1961867250
1953346835
1953342739
1949084723
4114459683
4148028515
4148131171
4131325395
4148102643
4151248803
1974277027
1957499619
1958556374
1958486854
3569099590
3590137686
3623759310
3623770574
3604924622
3604794558
3599561902
3599540666
3599606411
3620381339
3578455785
2484797161
2486820585
2489898604
2498285868
2494074940
2510913548
2548736012
2523571228
2519378996
2670386452
2670382340
3744089397
3748599607
3715970847
3715970877
3648591677
3656982328
3656988984
3656988984
3656988984
3652796184
1505243913
1488511499
1220059738
1224323818
1209906158
1225098662
1493403062
1526971522
1526835330
1514248323
1539488897
1539505345
1531075905
1496452401
1495740193
1499934515
1500460599
1534923574
1532502310
1532503078
3670551598
3670551662
3414698110
3415742814
3384346910
3384483614
2310682430
2310682414
2310608174
2309492031
2380795156
2381056276
2381056852
2381122420
2246908788
2246933332
2242673524
2246924644
2246957412
2246965604
2238576996
2238577012
2238708084
2234513764
2234366820
2234358756
2238561269
2238561271
2238561271
2238561271
2238692342
2272246774
2255469526
2255470550
2255470582
2255470070
2256256502
2390473974
2385100022
2653593014
2620036486
2624239494
2624235398
2624255878
2619897766
2619882918
2485660838
3039505574
4248712374
4231935110
4236125582
4236142542
3724438030
3757898302
3741116990
3741117214
3732797710
3741307918
2667233294
2663039006
2663039294
2646266150
2628375527
2628371445
2632565148
2649276860
2674422252
3743953388
3710464108
3694801160
3694817544
3699008776
3573541641
3573529115
4108294763
4108159723
4099705739
4145843593
4129063304
4131160216
4131369145
4147048685
4114538605
3850248239
3858707494
3858513222
4126944254
4160568046
4135521006
4152037006
4252571278
4244136590
4105822671
4105814269
4105736445
4105740653
4109935149
4097368621
4114276921
4147803737
3057274699
3057273210
3069888874
3065629050
3065563466
3069766986
3065570778
3064508650
3068711147
3068870891
3211399355
3173654699
3161071867
3161073103
3170504191
3166183405
3165154157
2629332605
2633557580
2650403404
2675700317
2652623453
2671366749
2675504447
2683890734
2666047534
3198924846
3203045438
3194653726
3194650639
3191505167
3191517775
3210400509
3110007533
3093186220
3093122724
3094679540
3092520180
4166267964
4233371660
4241956876
4241629465
3973190457
1825767979
1683247659
1679058554
1695838042
1700055114
1744095306
1677117690
1943464122
1902013578
1879860362
1884033930
1892614826
4052353706
4085912235
4069204717
3533398988
3602604868
3606012612
1466787540
1428448996
1412941476
1412614069
1412681207
1416744182
1441823862
1475374358
3740296470
3740758326
3736498478
3737014574
3485417774
2377741630
2360962326
2361126150
2361064758
2358891815
2363020580
3302544724
3321480580
3287960964
3263057044
3258932388
3258834084
3527394732
3542013325
3542022031
3546198734
3556553270
3552354854
3517752894
3521685022
3588941614
2506812718
2246732838
2246708279
2246708231
2229804034
2221421586
2222461298
2228883938
2227831778
2223722466
2223758210
2245761986
2396752835
2398854977
2398730064
2398663264
2390270688
2390271712
2671296224
2638188256
2621361120
2619338721
2642275809
2642404787
3051287955
3050689969
3075788705
3075796897
4132829600
4128725489
3591789585
3593802753
1446248449
1428422675
1411784755
1415995682
2091311634
2091289091
2091289091
2091879107
2003602115
1986828785
1986320865
1986277872
1916023284
1913922028
1913987948
1917068268
1942234088
1904489384
1887704968
1904495496
1367657353
1401723787
1368177562
1355787722
1355720138
3495331018
3563492603
3563503083
3559304687
3559303103
3592610445
4130398917
4268802759
4277388007
4273202022
4277200742
4275104622
4279298574
4127390222
2114116110
2114438406
2114416694
2114396214
2119639062
3747029110
3705615590
3703454935
3703455175
3702410949
3702475461
3635281605
3653041789
3690786348
3730632493
3726436205
3726538237
3725464989
3725525405
3746513341
4241421727
4237223303
4102481302
4106590134
4115960318
4145328510
4128542750
4130645023
4130667561
4130723880
4151769960
4160674408
4156477145
4156409545
4160541257
3044336395
3040338238
3024019758
3028284719
3036608303
3036602173
3036274521
3036210649
3027885560
2977680824
2721680792
2719849977
2723985897
2723982633
2723984697
2726069001
2720961033
2737742397
2704204349
2687390236
2687373092
2758281572
2699823204
2699823200
2968459504
2968394112
4042141057
4038010755
4037879698
4037882258
4088205714
4071473298
4068245650
4063002738
4062489650
4062488595
3810830341
3877935124
3877931316
2804324908
2942746157
2951132711
2952184358
2874500838
2874431142
2874420390
2874420390
2941533350
2941656246
2908097686
3990752406
3990764679
3988663687
4289015198
4288948158
2145658846
2104239646
2104373790
2091800095
2091697673
2091427336
4255690248
4285119260
4281056028
4264270396
4265182748
4198007308
4212761100
4212847112
4179243785
4250533929
3160015912
3170371624
3103283305
3099326719
3099519439
3099569035
4194075278
4218716814
4197945998
4214665934
4181111366
4164347686
4164184102
4168378402
4176746530
4176881666
4193656834
4218900546
4214636738
4216766946
4221019811
2861932193
2864155312
2863893120
3122781888
3122775616
3124171344
3124044513
2872320743
2851874726
2830634158
2829584558
2829584558
3098020030
3115214990
3120491662
3141512655
2601823757
2658444831
2666899005
2679550525
2678510141
2678571567
2649506603
2557264170
2557463595
3111028777
3120466041
3154090056
3141314633
3107318985
4248236489
4229317579
4229300938
2081817322
2094473962
2106861546
2123640303
2123549917
2140310725
2135985348
2132053060
2132060164
2134226964
1849068309
1713802773
1713799685
1714344448
1714291456
1714168160
1983651940
4097581164
4097773672
1954486584
1958414648
1958415163
1956399918
2090662430
2107423246
2140966670
2128576526
2050916431
4215177285
3911626823
3912671235
3912671331
1763026018
1761652706
1761664742
1761631926
1816229534
1816336031
1816203775
1682968831
1685062907
1685130346
1693584442
1687297802
1702962698
1736450826
1673536842
3795854666
4064741738
4073606123
2995673833
2995747576
2995650248
3012551304
2978980488
2978849432
2966205096
2974073512
2969879213
3004454319
2989970606
2989905134
2993044510
2993040398
3009816590
2439456782
2422614286
2431540542
2444117310
2511029086
2511979406
2545668997
2545673108
2548884900
2502753700
2636959140
2637094388
2636539636
2641764949
2683707957
3757318709
3751031597
3722188076
3713825852
3558369300
3694913556
3694835764
4097481044
4101672389
4101670277
4084827015
1916306307
1916322739
1915372451
4062852003
4067107235
4092076453
3786154405
3770614269
3770418457
1894526729
1886153485
1886185999
1886165566
1894746926
4042231615
4043279639
3783101447
3814558725
3797263381
2719388769
2786496753
2786522067
2920706739
2920686242
2941526754
2916365030
2901672502
3165389342
4255646014
4255653931
4243072027
4243138569
3707381769
3638224905
1490724939
1482340811
2021231051
2033747339
2133361547
2116583897
2120781945
2120929320
1987735597
1983520815
2000167975
1966615598
1949970286
1962542842
1958414026
1958282891
1891128969
1352195720
1351134872
1401464488
1384687272
1388872376
1380549320
3523920393
3608864523
3558533167
3560499247
2491082797
3573218573
3703128908
3703046860
3720020616
3757703869
3690603182
3656935854
2583226542
2573007022
2606561486
3663570126
3663114318
3663106315
3658908427
3658933033
4194627117
4216318509
4175362857
3097152809
3097067625
3101196489
3155738761
3155697801
4229440683
4229639086
4107942574
4105833134
4122873518
4092854926
3530564494
3526451278
3525500942
3529547806
3537937470
3555764510
3556227871
3545664317
3579744029
3579744004
4116358916
4118716692
4248826167
4248761654
3711841314
3711566882
3692692514
3696886850
3705287874
3705353665
3705159664
3700961248
3700958880
3482935952
3332006528
3334128256
3333014147
3333279666
3334265762
3338463654
3327945190
3323804126
3323932686
3325702415
3325702415
3329970493
3296289069
1147855631
1147860751
1290440463
1286180671
1286184223
3702045967
3723017545
3748169081
3660154345
3660428779
3677185515
1497179531
1480337307
4166991787
4241909679
4237714861
4254458253
4292133324
3755311580
3738608444
3667370557
3751584309
3755798055
4284247591
4280057574
4149825446
3078294702
3061515422
3078295694
3749322894
3711836302
3711836638
3716114238
3724371774
3719063342
3719094574
3719100217
3752826632
2678820104
2674429304
3191639464
3191708840
3189679240
4195804552
4212581768
4211554219
4181796522
4165019370
4166068074
4166325034
4235526442
4243521835
4239385880
4239189768
4256999176
4187793160
4225537800
4217214265
4280202282
4280202286
3206452270
3210118190
3184969070
3047145950
4124918238
4099867039
3156092349
3156092157
4229836285
4252909021
4261287759
4257153615
2143105546
2143035962
4273742394
3736875546
3736887099
3741109035
3749497641
2637998361
2352785673
2356973321
2361229579
2495578379
2495251290
2512028138
2545590762
2532876782
2457437606
2453376439
2990509461
4064054661
4061961348
3809328260
3775311012
3842436260
1694915829
1699106007
1833307254
2093880598
2093888278
2094739990
2094609958
2090411622
2090413798
2107140790
4288215703
4271681412
2127537284
1581692036
1460113540
1459999876
1895832996
1896888996
1897015980
1934769831
1926370982
1922106342
1402208526
1368653838
1358188558
1088741642
1080880954
1089334062
1090046750
1083754766
1082838030
3230318602
3280654346
3332096265
3472537420
3463102076
3458964012
3475544621
3441993495
3362300167
3370684422
3370811406
3639246879
3647665469
3681217316
3660163684
3660098148
2586348268
2586544844
2586411660
2657665676
3731375004
3748275119
3714720174
2633572774
2633509286
3701016994
2644117890
2392467842
2396601539
2388144199
2250010645
2250010645
2250121231
3437109517
3432907021
3435069961
3434940153
3434616553
3438817003
3426225899
3425177083
3425262810
3425328202
3442146314
1328215050
1340707854
1336455230
3484000554
3484066682
3467346681
3471541933
3458969261
3458920125
3458920093
3458823821
3328717247
3337097390
3354013866
3622494379
3622559919
3618152605
4155023805
2011738604
1978175532
1701622828
1696902204
1696905228
1679931404
1612946445
1629658157
1629678893
1664224812
3812695804
3812694716
3812690616
3812694713
3816832698
4085266170
3011522938
3012563034
2979315770
2979299418
2442429514
2443158730
2447355593
2505944776
2503843528
2503724616
2502559244
2502571565
2418681135
2431462447
3500678189
3517713629
3517910156
3522036876
3278766476
3278766476
3278700972
3278119400
3273916712
3244294457
1088446762
1084286762
1084337450
3298999594
3299055674
3575744538
3744827531
3728129419
3728119689
3727065992
3592848281
3592934315
3575914986
2486444330
2486575150
3572900910
3568712910
3568712862
3568704910
3584888207
3349465021
3596911260
3592729228
3592794828
1445245708
1446289725
1983161647
1987357742
1987504174
1983785022
2000563230
1949963610
1949958890
1956250283
1955267224
1955070616
1418207928
1418208248
1415078392
1410917848
70839432
3795336
22792600
64654233
1121618840
1121625992
1459332040
1458086152
1458344203
1458405658
1466345258
1411821370
1411824186
1411829306
1412383546
1953235242
1958477866
1958223912
1975001128
1610097704
1597516824
1597520136
1597639624
536488696
498601611
1572343435
1287128714
1287247834
1278923514
1278915306
3425216250
3442009690
3421020698
3400250170
3467292781
2393546860
2393612524
2393407964
2393407948
2414446076
3442121196
3291134309
3291146531
3292194851
3292199171
3560631555
1413144832
1429897472
1450868992
1449820480
1445626304
1445707968
1445708944
1466621345
1420553633
3568921509
3566759591
3583520423
3579324087
