4024351460
2941758068
2937368117
2937568821
2937495093
2769716789
2771896103
2771638055
2805056807
2788181351
2792377831
2792443391
4008917501
4008917501
4008913373
4008913309
4006820316
4006811853
1842547917
1824724175
1825775839
1817387230
1758666974
1758535902
1754281214
1753225470
1753229534
2021681486
2038446350
2038643470
2038577934
2039627534
1503008542
3650491246
3650958191
3720090607
3724280733
1563703181
1561618317
1595271071
1594226095
1590011325
1585754268
1602588808
1472704712
1430234136
1412402444
1412405532
1412410172
3559832364
3564043060
3295571204
3304998148
3304456449
3304456465
2226524979
2159416099
2159347490
2159806242
2164000050
2248082690
2248082498
2381253827
2381122801
3454811617
3445913568
3479566320
3462894272
3471028864
3470893697
3470828467
3329273763
3322980770
3321932194
2248190370
2248191186
2265179207
2265083911
2249592855
2186678566
2197164846
2192966462
2209744414
2209678910
2176065066
2159287082
2163480858
2153003274
2148822282
2164546826
2202289418
2193965322
2194620682
2190360842
2190349178
2190415723
2210930539
2177376107
2178424187
2170035579
2153346427
2153346425
2152298361
2152589145
2152593244
2152593276
2152060796
2168969213
2164776413
2164776415
2164784606
2202533310
2202533310
2210921886
2210921886
2206727583
2210921951
2177365973
2177234805
2151806773
2151806765
2151773997
2168716589
2202201373
2193812828
2193877340
3259103740
3254836732
3271855580
3271935436
3238524380
3238524412
1091032444
1090968956
1074179452
1073851895
1363197414
1363255222
4047740854
3812859806
3812736670
3821125278
3812735679
3808533229
3875641964
3875781180
3875712556
4009930284
4010012460
4010933548
3943816301
3943914733
3948038637
3948038637
3924969981
3925048317
3922815901
3922750423
3922749911
3922786775
3914459607
3922983415
3922983423
3922844031
3922852127
3914464015
3910265607
3910396727
3910400815
3945978671
3950201199
3950201343
3958589951
3958577631
3958454679
3950061975
3950193047
1811098039
1811101879
1773209783
1771112663
697379015
697379013
697379013
697379015
697383367
697366983
696302023
696302535
725662535
721664839
722647895
722648951
722713959
722574630
710138150
710072679
718535031
718535127
708966869
725744069
688053189
671259589
1750253125
1758633591
1754308135
1754314279
1750119959
3893411334
3893411358
3960716839
3960667943
3960626471
3964800291
3973186867
3973186611
3968996401
4237427761
4105374737
3568508161
3568445697
3304208641
3304197377
3300330753
3317110019
3316987139
3349491987
3349509427
3350058354
3350054386
3350054354
3350042066
3320682418
3312301987
3308041891
3308107443
3308238481
3341727363
3341795203
3324493203
3328687345
3328556273
2250767601
2254959729
2263311473
2260165937
2260167985
2257944353
2257903393
2257909539
2257905443
2178196263
2164045351
2164035111
2422508071
2422508087
2955184679
3006118439
2722019859
2722020867
3793663491
3792549635
3792475991
1645006711
1645009767
1661885287
1628322535
1628322789
1640905197
1636653167
1636628607
1636628559
1640822863
1632417871
1628412239
1628347247
1640929903
1640938223
3779902159
3775707855
3775716047
3775781871
3775846895
3775822191
3780016495
3789453695
3785324927
3784146910
3783538638
3779344014
3758896782
3758890942
3763214766
3771603110
3766950053
1619359956
1636132932
1652910092
1715938316
1711677452
637935884
654725421
625165677
1686161901
1686161917
1686149581
1702926668
1719703820
1724103940
1711514884
1845536004
1845536037
3875733351
3842136934
3846310758
3846573422
3855945086
3847501278
3847562718
3964616158
1691028990
1686703102
1686719455
1686690756
1686944580
1686940420
1699524356
1728425732
1711712004
1711712016
1711730464
1644322081
1644316963
1648757027
1652951411
1653475655
1670212423
1653406407
1673845463
1665452759
1661262799
1627700095
1632090989
1640409901
1640426301
1631972109
1627678989
1627675005
1628248175
1628313839
1632504047
1640896751
1636702463
1636727231
1636825503
1636629391
1636088207
1631893903
1627429327
1627634159
1631762799
1631758639
1627581215
1627613967
1627615039
1627533103
1631723310
1640435502
1636110206
1636129118
3851180366
3884763598
3884763342
3884767374
3868063902
3872357534
4006489247
4006554783
4006489519
4006485423
4005957551
4023846831
3839178383
3833013903
1693591247
1960912461
1960846852
1960847108
1952474372
1014199556
1009933588
1012091700
1011964708
626096948
645036869
645028805
645055943
644923877
651198565
651206692
1724948524
1716560172
1733337900
1682022956
1615238708
1615170069
1615104535
1615628582
1611630630
3775838246
3792627766
3859686662
3860730118
3994945398
3999205094
4007399078
1855733670
1871461782
1837907341
1837380764
1837397196
1837427916
1828760652
1828758604
1828823116
1828954572
1829233147
1829688298
1682605995
1686801065
1686801128
1686866552
1703455496
1733864200
1729670408
1713086729
1662681353
1662944043
1662960171
1661882923
1632454509
1632374269
1665932703
1649155230
1657740478
1657674926
1653487806
1653553550
1652898190
1669675918
1669806990
1636200414
1620504350
1620438302
1626385694
1625337103
1616947983
1629530895
1630575421
1662225709
1728234989
1728233709
1732473005
1698898077
1698836895
1682052543
1690438127
1690508223
1686186895
1702964109
1971531661
2005018509
2006061967
1972503439
1438074335
1442151935
1433693679
1433725166
1433726334
1467282718
3623274254
4160127758
4126585630
4126516007
4109672999
4101280295
4118118949
4116026901
4149585493
4149587541
4132945397
3058146789
3058142453
2785510517
2786492693
2786570549
2803344157
2803344157
2773989149
2774007597
2757744941
2893928749
2910714173
2910715677
2772391503
2805859023
3883795095
3883341734
3891541414
3891535014
4025746614
4025943190
4260761734
4260765830
4256571862
4255393638
4255393326
3718522399
3718539023
3705988927
3697407595
3698579323
3698456347
3706830667
2633105243
2648759675
2623591807
2623788397
2624771453
2624767485
2641550812
3723744732
3749050332
3732399052
3728143308
3728134621
3728130429
3744978221
3744791853
3715426621
3715426589
3723880461
3715554317
3749102605
3749101837
3749105925
3749114711
3757462103
3753314022
3751034534
3755223974
3738446246
3755415718
3755019446
3721593998
3723694542
3698405726
3698336574
3697304366
1549820735
1549821277
1549823453
1550940669
1565776804
1565776821
1599208325
1599324037
3746736069
3748831493
3723735349
3722481957
3722490157
3722490157
3722557245
3723614015
3631433263
2557629999
2557615919
2557611822
2557807390
2566142222
2572446991
2606234893
2606685197
2606683469
2597172557
2597103101
2613880749
2597123757
2664396479
2664380055
2664316855
3737533863
3604416678
3621193894
3622964375
3581033607
3576899014
1159733590
1159734078
1428170030
1415603518
1424061759
1151587637
1151589669
1306639668
1324395796
1582350080
1578220304
1578220336
1578613553
1444395891
1444330435
1428093826
1411275650
1410730882
1413876626
1422200738
1955868066
1955868006
1962157094
1977625623
895495173
929070100
602003492
603183396
592681780
591498004
570465092
570465092
570526980
570658068
570593061
587385637
591588133
558000933
558050069
541141253
541133061
541264149
549849397
549850421
549858613
549727541
549723925
558107413
558107413
558713621
558881655
558874471
567129591
562927063
596415895
600610183
600678279
592297863
588103575
587708341
554103781
1611067772
1615257916
1623614268
1623614268
1623680572
1615101500
1615093276
1615087116
1900478984
1933967944
2001089353
1975870827
1975805162
1971645674
2105863354
2106057866
2110173322
2135347594
2118566859
2119582667
2052457337
2052207400
2068981544
2077437224
2043768120
2026929432
2026952457
1490076427
1490338330
1482130042
1477874302
3692475390
3709248510
4279678366
4267089310
4275543222
4275420342
3738563766
3738529926
3730247830
3729985702
3746762918
3721535654
1557340327
1557340663
1557340627
1288909267
164704339
164638787
156247043
138437634
138456082
146849074
147043586
231912770
265459138
1339196866
1314033090
1309773298
1309715938
1309699554
1308635106
1329737698
1305614306
1288832866
1284703090
1286672690
1286615315
1290810643
1297097987
1297149187
1297267970
1330814210
1339458818
1339528451
1341625683
1342150001
3489564145
3481243120
3460143600
3325868528
3323783664
3323406817
3591781857
3596031329
3537188131
3532666147
3532666147
3532922167
1385438519
1137974551
1137990933
1129635093
1107592503
1108116823
1108115927
1108121078
1129092534
1405984182
3515784598
3515791767
3519998359
3511085559
3238422897
3238410257
3221634321
3494262033
3495305489
1355100977
1346646817
1346638629
1355567916
1372537612
1368380232
1372446408
1431079672
1409583784
1409661624
3557141128
3558124169
3562313355
1551209178
1559728734
1568068110
1568043582
1568088358
1333010470
1333079074
1342052370
1333659650
1333659650
1333411139
1325020097
1319846784
1319748480
1319752592
1323946896
1189707696
1173056176
1152375457
1152244385
3304914595
3304908454
3304908726
3303335366
3320243222
3295147302
3290812198
3290779190
3559341574
3571852806
1420170005
1419972644
1419800612
1148207140
1141915660
1142146060
1141107980
67365148
88340772
130206183
121817502
105041038
100920462
100832390
100844678
122863750
91636098
1173865394
1155854946
1151640098
1436852770
1475127090
2012129026
2129564930
2125431153
4290352096
4294746848
3984372324
3963400756
3962869284
3978731308
3978754340
3844270372
3882010917
3886205301
3887252933
3853710277
3857945549
2784068477
2808189805
2804004653
2770464557
2803952421
2803957548
2942358828
4016161053
4016263501
3999477981
3999338733
2925593837
2808284333
2816609791
2812414965
2812418645
2778798661
2778737477
2779802373
2780031236
2784165140
2717370164
2715272756
2706870836
2707264020
2707206688
2703025696
2701983264
2706165345
2705903331
2705903587
2707181027
2707248627
2692634002
2692644242
2692644307
2717333651
2717202579
2717202579
2715105475
2715171009
2748721617
2748722643
2748786131
2750768627
2740254179
2740241891
2740243923
2749160899
2715663811
2715787111
2690555495
2707414610
2703091266
2736580162
2740845858
2724027426
2992445474
2994673714
4068096018
4135201794
4143588354
3606717442
3753583618
3751359538
1608072498
1608002834
1264133378
1264203522
1230640387
165283585
161154833
161029904
165244688
165216080
156820848
154706400
152674768
186298817
152748481
152748483
154878451
226166115
215564135
215510373
232320372
1306043892
1306109396
1297725388
1297713100
1306232540
3455813372
3456022140
3456086652
3716010732
3715388140
3715396332
2631152107
2631217386
3700756714
3704886522
3713283290
3709080826
3711390810
3749082442
3749180682
1601566475
1601566233
1601549880
1602008665
3749484377
3749484539
3749548539
3749564923
3749573115
3746951611
3713529771
3722377129
3755900907
3755959803
3688392154
3671597310
3396874350
3397062694
3397005350
1249517618
1249518850
1249519362
1266292483
192546563
158992129
159057665
159077635
158987601
167351633
166436305
158047699
158047699
158047635
191595923
192512179
192516259
1232642467
1232642470
1232708518
1509594846
1492831966
3640380030
3363371582
3363322394
3359128090
3359129114
3363379002
3371766058
3367514154
2293764138
2293764218
2310590586
2309546235
2313729257
2305332457
2338889209
2338979289
2334874969
2334792027
2335841594
2340044602
2346329914
2312859962
2344141115
2348319099
2348323321
2590549240
2590553272
2590620856
2657860792
3212488120
3208298424
3174733496
3157956328
2755303144
2755305192
2755329772
3829067356
3843686220
3780697404
3822636077
3805236285
3796841485
1645028365
1645158677
1644831013
1665799461
1640695077
1636371831
1636392279
1636433735
1636351943
1640543943
1627952839
1628026519
3758866103
3758866343
3762920357
3771325349
3771595509
3771562693
3780082245
3780017943
3813571879
3813618727
3813617719
1665998903
1632378983
1623986279
1619788147
1619788099
1615594819
1610878274
1879383410
1892039779
1887855843
1971774915
1468458433
1451677121
1455933376
1590023920
1598121568
1547773472
1547772448
1547907605
1548878341
1483932165
1232078101
1240470583
198196343
164719703
163707974
146863318
146847190
146907606
1212395990
1263768054
1515422134
1242726806
1242808726
1242780086
1242641910
1263740898
1237460834
1220749090
1216357667
1216357666
1220550674
1221799938
1238564866
1272135746
1255395650
1250149330
1250007010
3397429218
3401622498
3401819091
3397551043
3397485041
3397431781
3401621988
3460343268
3456277948
3456272796
3322055068
3612514700
3612453276
2538651068
3071325628
3071325084
2803077708
2788332060
2787283500
2787615268
2787435044
2787402277
2787389997
2787901999
2804420522
2808613290
2783451322
2779592894
3031373982
3031383182
3032359054
2495488142
3586007246
3570851854
3572867134
3564934446
3506224414
3506281229
3496905500
3510541624
2470356232
2518577416
2518548744
2451440408
2457797160
2478777896
3518834216
3518764795
3501983626
3506195850
3514686650
3510630570
3609065658
3592288410
3591879818
3591868490
3598156042
3606044942
3605914398
3605914414
1475011367
3573179173
3705545492
3696890692
3696893196
3562670365
3579381807
1360541742
1394358330
1394358282
1398539466
27132298
10093449
10105512
10035884
533164
533164
796276
788224
919296
5129985
72249091
81653522
81248002
94276418
1186892738
1186893442
1454345874
1454151315
3600593589
3599544997
3603735204
3595362980
3557565092
3557560997
1343491493
1345653921
1349716131
1352797315
295838851
62005443
66199555
57806849
2232577
2307889
6370849
6563361
15021872
11359504
11387984
28296320
61785217
61772929
65508755
57144179
52814627
19211059
19211027
19343123
19279633
31924017
28249395
28069171
95192082
95192146
95260882
128946642
1206882738
1206890931
1181594547
1181594513
1177531313
1176974001
3324457633
3328653281
3282384675
3248502050
3231720738
3231736870
1084285958
1080468486
1093043202
1093043267
1126597841
1128174737
52274320
52225264
17638640
17772785
987491
987683
5181987
14561811
14561795
12531203
32321025
32456449
32313089
32313169
32249233
32272785
99373459
124637587
242209202
241668530
241538482
250066354
245872114
245870902
245670198
245670702
245670191
241475881
523543848
1561634088
1493675048
419625992
486720776
492210009
2102821465
2104857161
2104264267
2104329931
1844350971
1877913067
2129571051
4268532954
4264329358
4264346014
4013781422
4013826990
3980272558
4118684590
4155909031
3081109973
3081110852
2544179468
2549360908
2280925500
2280942892
2543314232
2509668616
2509734665
2543813499
3080554350
3080490478
2790570222
2786375790
2786434110
2786493454
2786504718
4013351182
3979764591
3962643055
3962573551
3966767851
3830448809
3838838713
3834649081
3836819768
4105386264
3031570696
2495031560
2276732168
2192860936
2192868104
2193064920
2191492009
2459734955
2526843822
2531038126
3076298670
3071588270
2805317102
2771825998
2771823886
2905779470
2939333679
4013157417
4013022249
3996243257
3996177721
4017145705
4017344361
3982741097
3982609275
3982547963
4016106847
4016172415
4016231775
4017275999
1869794391
1836182615
1836117111
1868687591
1868810615
1860422006
1860553086
1717950846
1717692798
1717824351
1734540127
1684261727
1684523863
1685445975
1685384575
1685384703
1684405759
1692912127
1743244285
1735773181
1719007965
1719003869
1735649885
3883126621
4016164221
3982548093
3982550271
3982583295
3965871095
3974251223
1818444375
1818313591
1818252663
1818258493
1826646077
3974264893
4007807257
1860585737
1852242249
3999656265
3865373689
3873757929
3873820393
3873820411
3865368283
3865375691
3865371514
3882279274
3848720746
3832993150
3832937599
3832867071
3765790975
3831978239
1684425215
1634159063
1634163198
1634040830
1633774463
1642326879
1675873055
1677052191
3797212447
3797214303
3797279069
3799447545
3874934521
3891710713
3858221817
3838958297
3830509513
3830476249
3830543481
3964752921
3966860377
3983894649
3983992937
3991333355
3991329755
3974614731
3975530059
3967078986
3967083290
3962889022
3979797294
4013347630
3999745406
3999550554
3999553754
4024457466
4024654330
3991034366
3992345566
3992353742
3958730190
3958662622
3958727166
3958772214
3950379222
4015391879
3981915287
3983877287
1844716709
1874138533
1704396213
1704279492
1690577344
1679042880
1679108881
1612065313
1627261489
1623068161
1639777857
1671169731
1671173843
1938556643
1938626274
1938061026
1942251218
1942284230
1942284102
1933946134
1917168919
1665645845
1665645844
1632107796
1627909492
1627778420
1610964436
537337308
537333244
558238205
566626815
596053494
595934710
583280086
574907854
591685582
591718366
591779838
600100862
600624638
600628727
600698343
567274869
567274869
567278933
835702037
835702036
1909325084
1942481244
1934093788
1933999612
1967611885
1967474605
1975875263
1971676830
1971705502
2005255870
2005260206
2009396654
4157646255
4149339277
4111590541
1964113357
1964235229
1964177919
1966270942
1731377630
1735499742
1743893466
1739690843
1743881049
1743881016
1731305256
1731226408
623913768
622864696
622934328
622987561
635569451
631374123
631374139
765460747
765731083
765725967
627964279
627964279
627964279
627964279
627964279
627964279
627964279
627964279
627964279
627964279
627964279
560839031
560839095
829274551
829275575
862827959
862830007
862303670
845264310
853652918
920762550
920762486
912439350
908245047
908175383
1965079559
1948433670
2086845958
1559678518
1553223206
1489250854
1489251886
1506551342
1502553390
1503269935
1488650348
1488454908
1492657292
406332556
137905292
137996172
138127244
136226764
136292317
134522238
205567342
205626494
1556256846
1304594638
1203931278
1182984639
1183050677
1384568468
1385611908
1385611932
1389740716
3528778732
3543458093
3492062503
1344661782
1344633094
1344604934
1076239318
1365645750
1408107671
1386086533
1385037956
1401843844
1086120404
1088725796
1076143660
1076145708
1076210205
1076865551
1143913230
1433058062
1454016782
1588234702
1589349534
3737101719
3737035157
3740705748
3728048868
4264866532
4281377444
3171986148
3088182241
4166179185
4166142259
3107063858
3106931730
3143643410
3131532578
3132028194
3131620642
3131620387
3127417856
3124268032
3141053696
3090851328
3090873968
3095023344
3169455744
3169521330
3026722466
3039304354
4146596770
4134144134
4138409110
4138212518
1992045734
1975280782
1971119302
1428532294
1462217734
388143126
388155398
388106262
388119830
1566713606
1306932738
1302726198
1302660646
1302599462
1340400438
1324654862
1320661261
1318498572
1318556732
1318950956
3457976428
3457992940
3474655405
1142557087
1142831750
1157498502
1152778887
1152844436
78910116
74719908
19932580
19934612
18934148
321120708
321125840
325176659
325180786
325311862
291765622
291633526
291568486
299981671
300112759
329415509
333610965
333610436
291730900
287397205
287432053
291633525
274758501
299924327
299899767
333650263
325220679
325205335
325139829
325074421
325081445
325081461
325278069
325286225
333674961
333666641
325278037
325278037
325089637
325106023
828414311
828610934
560183574
593737990
585219350
585211698
585209138
1914934547
1981988117
4129536020
4129650740
4263909668
4280686884
4188936996
4172156468
4173267460
3635745349
3635426006
3702526958
1281360042
1278214314
1141901498
83896458
352331914
352528778
289553034
293747338
294785674
296747658
295699386
291533802
23126891
6349613
6345509
6410549
6485269
6485277
2210877
2202943
23239947
56801547
132299531
1186040331
1183885867
1200663087
1167108655
1167098373
3314713093
3319169824
3307127136
3477004704
3728401056
3727356544
3731506816
3672854147
3668540306
3668469922
3689424930
4251461666
2083006502
2083139150
2084185806
2088370830
1018721199
2107170991
2123952303
2128137406
1585027142
1579853830
506128390
506095622
1596864518
1550716166
1559156294
3702424263
3703472804
4171007652
4169967140
4171015716
3672942100
3740119568
3731730992
3576431137
3559730979
1412827298
1345718434
1882589330
1895172226
865470594
311568514
311436419
313577603
308314291
304119971
304129251
304131175
304196647
304346149
308539447
325210142
274878494
270668046
2234122
6428186
1084415546
1084481082
1084268094
1352972863
3518274109
3532949564
3604319276
3323965484
3323895884
3591791436
3610649161
1412825609
1425932841
1421805096
1421622056
1152133160
1156331560
1076632584
1076640776
1097647176
1118668168
1118736281
1118747578
1118743978
3261902250
3274474414
3291448270
3295580742
3299783234
3299779522
3299648482
3316425441
3328994977
2385382017
2384857730
3458599618
3459660258
3459524706
3478137890
3448774678
3482320975
3482386636
1334862004
1318118820
1318356404
1333102004
1329038756
1293132964
1142138021
1142078614
1427290246
1460840642
1448261826
1188150338
1123410006
3262525462
3274051862
3223716118
3227910711
3232629311
3232562732
3568101932
3299125816
3483675416
3462695688
3458502488
3391996616
3391951560
3391894217
3396215674
3656266090
3635293226
3635882026
3636275274
1218193866
1217161610
1216653194
1557627833
1599504808
1578467752
1577361800
1443144588
1980080780
1981130412
1983031012
1986178661
1986182694
1717668134
1717606438
1717812262
1718000694
1713800198
1713878022
640148503
640607285
791571516
791574620
792594756
1064176629
1038949095
900537058
900663922
900664914
900535874
363619906
401369026
376399170
372176194
372169938
376429811
375781619
392558833
904255701
879086037
879086069
879099373
879062509
879046143
879181310
879050222
878980518
878980006
887433958
883301078
883379919
883216077
882945740
882945628
895528492
1063305004
774159661
774159407
774159406
791010366
1059462174
1026430014
1013846063
955126053
951976692
951912092
949762716
949758604
411331213
411363973
478259847
528662150
1053983686
1041269078
1043370022
909156390
909156390
908255543
908260695
908483063
846662119
854858671
867445693
867511197
871709577
871702475
872220635
870647258
845481466
308557290
308553194
308553722
333854686
300287694
279318478
279269326
278947325
283173372
811655676
811971576
807899896
811964152
811896568
811911928
807688952
807676664
807873241
828845051
870651130
870580474
853803130
853807130
1382294554
1398875418
1415789882
1151483194
1285707034
1285804314
1285660954
1285595435
3365970221
3371218220
3411054132
3389103828
3389373136
3389504240
3456547568
1309064657
1174861953
1197406339
1434077315
1147817089
1147866241
1076561041
1076434321
1077748657
1077683105
1081627489
1085822241
78177313
78441473
78490881
82750721
74100529
1147831569
1160417539
1194229763
1194229827
1445889235
1445955761
1445443760
1450686896
1459084192
1591081440
1591010656
1584718112
2121588788
2121720116
2121724212
2121777461
2138423671
2105405942
2086530558
2086533550
2086001070
2085985198
2094513119
2094512397
2111689740
2004676620
2000543804
1983799340
2117996580
2118058020
2122254116
2130642476
2126188076
2125008444
2141800988
2074700296
2075716361
2079911177
1006222393
995728425
995726395
995750923
991687755
991679595
993772651
1064944875
1065047547
1060853211
1063994873
1030428600
1038827449
1038827417
1021919129
1021910937
1021910683
2095658651
1558918841
1424565945
1424500408
1424500376
1424502488
1420307992
1353280025
1353280318
1420308270
1424502126
1411921390
1411975158
338560726
336989910
340131542
348192322
348173826
360751874
362000641
366194736
357605408
335585312
469820448
469776435
469899314
335682082
1422006818
1166150210
1183190722
1317799554
1317802626
1317798274
1250689442
1266962913
1233445344
1212458340
1209315108
1259838220
1511959372
1510910412
441297052
449357996
1044950188
2114491560
2114703528
2098876585
2084455083
2084487786
1958137402
1958005274
1957997082
1974774330
1721543210
4003309609
4003380264
4003169304
4000874552
3996684332
1848284220
1865064220
1831533084
791562812
791481134
644093998
644102190
654130302
587082894
587103373
587095436
603967372
552585884
552585884
552458900
552467092
552200791
552200758
619243814
1693214758
1869359142
1848584214
1848515590
1865026565
2099971380
1818760932
1823024892
1688942300
1688934108
1957240460
1958279839
1958259370
1962453162
1930987690
1914538154
1646168203
1644608649
1644340552
1648394520
583041308
1648865550
1649860926
1714840366
1698050606
1814957614
2083457582
4176153406
4171987790
2024438094
2024470862
2028590414
2028507230
1773711598
1807261933
1788387564
1784193244
1779999948
1849394428
774538468
774818916
640601380
640666933
644173111
660962583
660958519
1743611191
1710035255
1710162207
1693385182
3840873438
4105114330
4104983290
4239202026
2628599530
2628598522
3702340251
3635165835
3635161739
3366726281
2297175689
2305558169
2334986937
2335003353
2403201563
2401038875
2401035067
3449594171
3449659707
3432952125
3432955693
3451886061
2415692197
2384758949
2384955541
2384901317
2385703109
2402443333
2368872709
2354197253
2358384167
2358258215
2222992166
2222991654
2222991654
2224218087
2243086215
2263188357
2263188101
2254934933
2250748561
2251666097
3323302643
3305239122
3288392246
1413505574
1556180770
3426822434
3422627842
3355650051
3355600899
3355638785
3418804227
3399401729
2327462657
2326479617
2326266721
2326270305
2338860129
2306353249
2305431637
2347370565
2343177669
2343126983
2343339687
2343350951
2414646191
2388956591
2389161150
2317794438
2317794438
2317860086
2316612710
2315579670
3708215814
3703988739
3699782369
3699770016
3569616544
3289648800
3290369424
3290305664
1075717248
1096099009
1096033281
64353329
62245925
45468775
49797575
41408901
37211525
35112085
34885797
34631845
33845671
54948247
29815751
1087825607
1087680035
1089776161
1085585953
3248852725
3248920261
3282481863
2281013862
2530509414
2522128942
2513740586
2547487786
3065415722
3064367130
4138113039
3597051916
4129805372
4129570888
3727622344
3744071816
3710521833
4240068971
4240144187
4237881147
4237863707
4237863691
3969558793
3986331705
3888024809
4135354537
4130095289
4146856075
4230414522
4230362026
4230362798
4242934446
4238809814
1957116630
1470375622
1455170246
3602670213
3332149660
3336348076
3474759852
2401013928
2401206616
2266923529
3340673546
3579293242
3566516778
4105476650
4122253354
4155815977
4088697896
4067721416
4062675080
4062351496
3794989448
3811980968
3778423467
3782617770
1622489770
1639267018
1639716362
1677210186
1677206090
603464552
564863080
632954984
882647288
1954816072
1413750795
1140900874
1145079818
1153546266
1149347882
3314788650
3348278282
3465719818
3331489865
3349512440
3249000936
3236426472
3295035048
3295034024
3290839736
1143290521
1160191643
1193681290
1194799242
1161105610
68489226
81006650
75784234
76309546
76311594
211741962
262071561
251544840
175064840
170706744
170770233
1244641561
1244444952
1512872312
1512611320
4209611768
4205548184
4205556408
4222268088
4188648104
4167607023
3090735854
2554008422
2570716462
4214883374
4198372366
4210697226
1538928650
1504313355
1487471880
1218977032
1218981752
1210642280
1210624856
1277860680
1277857608
1143965512
1152222169
1202688991
1185854206
3333337774
3337548462
2385508006
2384977574
2384911030
2384915078
2398582406
2259948230
2259956702
2243174637
2226397292
2230067244
2230076460
2222963724
2222893084
3560352028
3577129228
3610676492
4131292492
4063658061
4063666255
4063670367
4063654015
3006600559
3005550383
3039174447
3026660925
2964600333
2427728653
2427728157
2444587261
2443505917
2477559981
2456587693
2456722095
2456730287
2452535982
2989275838
2989282958
2989453966
3006931594
4047184538
4046988206
3765974190
3774352559
3791195279
3791531213
4060013644
1912004620
1945407773
1944355613
1936101903
1936110111
1936057899
1635019371
1635011563
1616268203
1633028523
1668689323
3878823307
3861995977
3866157385
1727038249
1722843945
1727128089
4142982969
4142982505
4143215720
4143186028
4160159848
4118675560
4099809560
3573424392
3569231625
1354714891
1354529050
1358719274
1346136170
1345605082
1345766858
1412874702
1412862462
1425514862
1960157494
2094507542
2107024967
1586935367
1591145155
3740750467
1584726707
1580467105
4262737317
4262732967
4265878695
2126931079
2122769543
2139616403
1434759378
1414832130
1411899394
1411539202
1344406274
1344407298
1348603666
1352796966
1370491174
1924147558
1385195982
1385360845
1381417420
1377092076
1377616236
1394401580
1360880424
287266600
291462696
308248124
308244300
308205516
374768076
1465287052
1977004508
1961996636
1961997580
1959956232
1884532472
1882237673
1613818555
1630764698
1663240106
1629487530
1642070186
1638928618
1622159370
1626349582
1618223119
1618436389
1895196452
1888929332
1888929284
1905558084
4070351564
4074628813
4068374221
4068364107
4068461931
3002909995
3019698473
2969362697
2692505865
2700928265
2696916265
2696851241
2780737129
2792277707
2788147854
3861234318
3793777326
3793756590
3810537646
3824157818
3801229342
3872532495
3891406863
4126304263
1962040599
1958004519
1958003319
1955881687
1414800087
1427120818
1460798098
1597113490
1601309859
1607478435
1603284115
1569877123
1569907905
1603441601
1588822739
1454420583
1446029030
1446029286
1980812774
1980786158
1980917199
1985115596
1993754076
1926630696
4090758440
4032045852
1895260940
1891033624
1891029529
1890599482
1888509546
1354783402
1358957226
1375799982
1376128906
1912734090
1912754315
1920168137
1387454521
1352918057
3500207401
3235966509
3227643405
3237156365
2159280649
2157183785
2156331049
2173567023
2173576239
2157322271
2157261903
2163524735
2171897327
2205457915
2186714571
2186714955
2186723147
2186786638
2186589050
2182394730
2181869930
2198712699
2437919067
3553407355
3536625129
3536829161
3524180713
3540958971
3557662347
1948038794
1949611658
1949599646
1680655534
1684968622
1739501735
3870208196
4138655812
4134428932
4130222660
4130218580
4146995940
4243399404
4239135464
3971220459
3971284442
3971000538
3971000554
3973097706
2903607706
2920450698
3996296842
3996357259
3862069913
3861021353
3861046187
2787172779
2808115626
2808181178
2808308154
2816697786
2816702906
2799950074
2799958106
2799826970
2795763723
2799955209
2783115017
2766328345
2758005288
2753819176
2753688360
2753615657
2753611049
2774652217
2808312633
2809344793
2775790429
3832755037
3832615224
2757755176
2766212152
2766342168
2762422296
2779133976
2812696584
2812737800
2779100428
2780074767
2780074846
2897515374
2901717870
2939463534
2922887142
2922812358
2922820486
2787566486
2787136423
3860858789
3865053101
3890223021
3890296255
3890296219
3856741531
3856673947
3986761946
1822500890
1822554122
1688266762
1688251659
1709221131
1696706825
1697820969
4010980649
4011038571
4010004459
3993229946
3858979354
3863157530
2790472490
2798852395
2794523993
2727413209
2712797624
2763141532
3033691020
3025322636
2756743932
2764088044
2764087916
2765137449
2781976362
2800857386
2791342122
2921381930
2921447482
2921484298
3996279818
4010961930
3964823657
1821510089
1823607179
1819413386
1815089034
1815092666
1819293098
1840263338
1857499306
1723203722
1723273353
917856648
917824252
913614444
389342764
354711080
1411868252
1344697631
1348650014
1352846366
1352846366
1352828942
1352707078
1352772615
1386386759
1923253125
1923515061
1986298533
1982116517
3861231525
3862406229
1714725909
1714725909
1714725893
1848108037
1848008727
1852203047
1789280294
3937796134
3937731630
3957071326
3914936010
3898239642
3906652858
3904556730
3904423579
3899147913
2821219976
2821254792
2888498600
2892667048
2896858600
2897774536
2901975628
2901975628
2902369053
2899738927
2893266990
2893070382
2888844334
2888988718
3962710302
4013041930
3862042954
3862105546
1718816650
1651709834
1656042138
1654985643
1655440297
1655439768
1923887240
1940709512
1912581336
1887283225
1349822733
276073743
276006159
274894855
274915335
274866183
2228229
69338389
73534257
82184739
78056995
212075043
212083202
229384962
250347782
250265862
183141750
250256886
250265046
250324422
115910047
132693437
82353597
74096029
74099613
342536125
359442365
375686061
912556975
908231103
639807727
1713479727
1713414191
1713414189
1713418281
1713615929
1713550393
656588093
607312700
605211165
605178389
605248053
609291045
1682972453
1708474149
1737826103
663035671
667696903
634142471
617352967
608767767
617224502
617294134
617097526
549989174
566770463
566827551
566835743
566835741
562567709
562568989
562564877
562564365
562581325
566808399
558403023
558402975
558728631
558863799
592426422
592425374
592425374
592425406
1661908414
1666098622
1666100670
1632546286
3788417534
3855526367
4149127375
4149184589
4132359516
4132369756
4133478684
4133347644
3193828140
3212800812
3179176813
4099891573
4108269527
4108261334
4108261110
4099872502
4099743414
1952260086
1960590806
2111580374
2111580374
2103393478
1063195718
526319622
534315278
496878094
1033667133
1016898092
1016900132
1754049060
1749855076
1745660532
1762565700
1796116996
3994980868
3997090308
3861791268
3878618912
2904821024
2892242272
2896960865
3165523266
4105045442
4121560518
3602388422
3602396390
3331859618
1205346450
1145577602
1141383299
1141383297
1141432448
1141547412
1141548468
1376422852
1384024836
3538586116
4071131700
4071139876
4071140908
4071137833
3060310571
3072967402
3023749802
2753446826
2757150126
2765605039
2763323495
2784028725
2805000204
2738022156
3778209292
3778168332
3765569261
3771737775
3767545519
3767803310
3788770462
1666452638
1649675422
1649833118
1651961998
1650979022
1659150350
1671798814
1671864366
1675931695
1633984543
3777274889
3760652040
3760642600
3782101544
3824044648
3875343049
4143722185
4142670411
4142666331
4134273370
4150734974
1952851054
1424370798
1440888918
1454508039
378737671
382758917
374398996
370188324
303079469
319987789
272014477
808880525
1886358429
1886370461
1626319549
1626192533
1617728215
1613546039
1613525542
1630282278
1664033318
1647190310
1651377234
1739459814
1738803430
1739851950
1871722702
1065363534
1065560142
499330382
499197390
474030494
474030510
96674222
92414894
394477463
377544068
377530772
381729188
369147300
370192804
372286076
1445175820
1931645452
1931641373
1931576879
1902160431
4099975463
4108560421
4108498981
4109536277
4107452421
4107718917
4099404295
4118278774
4151833446
4147470182
3073723878
3056945654
3059173887
3067575677
3065996621
3086770956
2549904140
2507961117
2491375983
2491311599
2499704294
2512078310
2543781318
2543654342
2547852742
3623693654
3548200230
3514638119
3513071461
3513004533
3513004180
1362374804
1360318612
1359331716
1359054724
1363385985
297971392
297975360
290717204
1362161188
1362374181
1362374182
1395924798
1400311086
1926712430
1922548974
1921315982
1988399246
1468301701
1434551220
1422103204
1342416548
1343286948
1896901332
1896950740
856832341
861018133
871499783
334626823
312541207
312762423
312795191
1391763519
1389670447
1380748586
1397525114
1884261002
1880005258
4031691402
4048468622
3852314575
2814153197
2797371624
2793185640
2805784940
2940166700
2906531348
2906526229
2889744934
2898002534
2898006886
2896695526
3165130982
3165127846
3165183158
3169384583
3156850881
3157960896
3961432064
3961432336
1817094160
1699126272
1728492544
1711730688
772165633
772083761
706032673
706544739
779945890
783225490
783102614
783102646
614871694
614871690
883292810
1958058635
1955965608
1686416104
3833899560
3829705256
3808736776
3793650184
3810411228
3776840364
3776848548
3789423525
3787194530
3820748962
3802398886
4071035094
1906716678
1357263878
1348495366
6335238
270572054
270576130
271624962
894933315
1993770177
1989574784
1928757376
1915125760
1915138048
2000056628
1949573924
2083793444
2087987749
2090207782
2023164718
2025064798
1488722374
1538797766
1518027206
1248498566
1253741238
1253806818
1268290274
1217965793
1217981152
1222187616
1209670432
1209670928
203031552
205128704
209584128
75431937
74387523
91161027
57627026
57495954
40197522
40225170
48617906
48617907
48626067
56998337
23373057
6611729
6611761
6611745
6611745
57074465
40812801
40780035
40879570
49282482
49265586
49265586
116177826
99400610
78417826
78419430
78557526
128888833
111583232
115777536
103211056
103268384
388418592
522647604
490137908
502720788
364369927
368363714
356254914
338428114
70189234
70128610
82719459
78525025
78460512
79445504
79441408
79439360
92235056
92140881
92112209
92111219
99451379
133018099
133149171
116371955
107980275
103655923
103660498
103668690
103746258
125770354
83835698
79439667
79438115
79507747
83828785
74326065
70201601
86836545
19778003
57662387
57661875
57638323
40726961
40759729
40235441
40350129
40091057
40090001
40081873
39954705
39890721
56665633
18915889
2159121
2377265
3411747
1903651
14619683
27131907
60735491
46039043
46043459
318748499
316448627
46963047
38574183
302954583
302954563
287112275
339484787
338563443
342774627
363745633
363786721
363721153
359461313
355374465
359570081
1437514401
1974450851
2012002947
1982638723
1982660290
1445737186
1445737186
1449927138
3605799138
3534501089
3551403008
3619568640
3351129088
3314822176
3314822384
3314953600
3314945664
1168068227
1151098530
3297017506
3301209762
3338978722
3321926818
1175565554
1176742914
1176741890
1176743170
107132419
107139587
115503367
90312965
73531397
6753300
6629428
6563876
6564133
6646117
6814087
23364999
57115010
40796546
48660866
48664978
48664994
40150434
40676578
57470178
57505874
57563203
57545795
57610544
40833328
40842016
23409196
6763068
6754824
6559240
6568504
6605353
6588971
283413322
283478986
333941642
317099402
317100170
308785306
308580526
304386286
304390382
321052902
1361240290
1365402098
1369572834
1369638882
1369448306
1356869122
1357067794
1357059635
1356953137
1352728112
1352711728
4041259536
4049639952
4062427648
4062624256
4062611968
4062678528
4062479905
3795121698
3795133026
2721457890
2724537762
3080981666
3047427234
3030649011
2963413121
3500292225
3500288384
3517132416
3282054832
3269488304
3261132496
3261115921
1109437969
1109507601
1109523985
1109655061
1445123845
1445119255
1415744791
1424395295
1961069599
2086779919
2082583823
4231115325
4231049769
4228952616
4227920488
4244660984
4278199992
4248911784
4257684904
3163949225
3166062777
3031910539
3031825611
3036015819
4109809099
3580285259
3609654047
3609653789
4146557501
4146541357
4247139119
4251070767
4259516462
4259386426
4243600650
3723570442
3721476363
3713080091
2639272249
2672851257
2681492857
2662711641
2662826313
2662830299
2663223659
3200029547
3204227690
3074211434
3074398842
3074341450
2805901899
2771822283
2771899131
2772386555
2772333279
2771190271
2775318639
2817273966
2813146150
3081649174
3081649158
3081645062
4160629830
4152241223
4152235079
3596550389
3604820197
3604820221
3596431581
1449079245
1461614047
1415511387
1415436667
1960675675
1958512905
1958513929
2013049865
1451028505
1444732969
1444798511
1444831279
1461588095
358482047
350095207
348065399
364845653
396180037
383528517
375156549
374155095
508498935
509543350
509547446
536679102
486347454
352130750
343228062
343277214
888380095
884181677
883989484
883993900
932226084
907059252
926003216
892514304
875753492
1882341412
1880509732
1889405476
1889405540
1906196172
1941844684
1908159048
1374425803
1357657834
4043078122
4043176170
4041079022
4040988894
4032610255
1377608268
1447006788
1445892676
2116981586
4268666978
4276662370
4009278562
2916669538
2891643074
3831163522
3831164546
3833222787
3766158000
3761767072
3761779364
3761776044
3766224044
3791457464
1671322760
1654057100
1652992076
1652860940
1657048380
1649708316
1647703309
1647796237
1647714334
1630934078
1882590254
4105571694
4103473774
4103477854
3565428430
3565430478
3296995294
3297628335
3431956652
3699937412
3699941764
3430462132
3426255596
3426322284
3711609164
1581148492
1581131980
1444821231
1444285614
1448477166
1473450442
1418805578
1422967054
1422951743
1413524277
1413524277
1413524277
1472441653
1447211269
3594683143
3604399046
3604398982
3533062822
4074057638
4082379174
4044634542
4026796447
4043787661
4047957388
4056348108
4057377916
4092964140
4084508212
4093485572
4092506628
4092514821
4093530646
3816560166
3815512870
3815508006
3811313710
1664564238
1662394382
1662394446
558243918
566640846
814139359
814002127
814006223
834964991
826574047
1392940239
1929821390
1896261982
1929821038
1934015086
1925638734
4073123534
4068959694
4069789919
4073984239
1918111853
1897148525
1879455021
1884169789
1892560413
1888288317
1624045116
1615634956
1611445004
1611436572
1615696488
4031678072
4031680223
4031696590
4027513534
4027328678
4031518886
4049340590
4059957390
4089330887
1922968775
1927161671
1918837319
1381249637
1380201191
1396974511
298070463
298071455
297803165
281033109
281229717
281230229
272727028
289603396
1364391692
1397925644
1408279068
1389404732
1389408812
1388360237
1401205359
3549200999
3515450855
3502943463
3495684327
3495557351
3508230359
3514444229
3548000199
3287944902
3271165558
3262646118
3262656806
3262652710
3287818294
3247988790
3231437110
1083867445
1083934004
3237854484
3225259012
3225323588
3275667652
1111407044
1379850692
1379322829
1383534447
1391797870
1406411566
1368662830
1369190698
1369182506
3519811886
3242730798
3276287262
3276282126
3284754190
2206838558
2173218622
2206834558
2190184166
2189987494
2189998757
2522385060
2519304580
2519439492
3593189584
4129991776
4130251792
4113473536
1949229056
1680793604
1680826669
1954358063
1952265962
1952398010
4234091194
4099869370
4125035194
4156361370
4139269771
4072153737
4088927113
3501855705
3505025593
3506008621
3497583149
4033406757
4063814949
1916385069
1914281677
1913163405
1913179789
1913511615
1913481134
1896752542
1884169358
1892297934
1891240982
1353259062
1353197622
1353476407
1353461303
1349400069
1349912069
1360463381
1359290167
1392786727
1396979750
314587174
314911751
310782981
310772997
310724373
332154660
323798884
319612260
319087997
302379389
306561533
38126013
38130111
38233534
38137022
33876158
54958494
1086753166
1083083086
1083084046
1099870478
1134469389
1119789340
1189912684
1177342060
1177338088
1144604904
1545230811
1545497546
1551788746
1555516106
1555360458
1555358410
1572659898
3751604907
3750290091
3720930219
3695833519
3692680359
2621041830
2625219814
2516163943
4160339733
4138315524
4142640900
4142644996
4134505748
4147088420
2804849708
2805972012
2770177068
2770307372
2774448668
2808019468
2773293580
2769042959
2769034766
3020820014
3034199854
3031957550
3030908974
2963804398
4037546174
3500683405
3571982472
3559448712
3290021256
1074437064
1342868056
1343130457
1359850442
324004234
316561802
316294539
1385841032
1385873800
1390055596
1381540012
1914216685
2000200741
1999616054
1977976854
1906681862
1902295042
1361509378
3559285762
3559269139
3564504673
4126609120
4122823392
4120693440
3017599552
3017583104
3000807184
3000805157
2732099367
2719516455
2719532903
2718435031
3003778741
2970236581
2690265004
2694449644
2696501757
2696476701
2713233423
2746787855
2727913487
2732104718
2724168718
2719977550
2787041518
2789089454
2805858734
2755527358
2767061642
3836348042
3836415626
4104666811
3030920872
3030920664
2494065864
3563646024
3559564296
3577390344
3581847304
1467920141
1398708541
1377290543
1377061159
1377122582
1377704966
1377697799
303960151
324931831
282984919
1358562263
1352336023
1352159909
1351152293
1351132845
1351130797
1351195325
1355520701
1355463357
3502959293
3519736509
3544870589
3545917437
3543820285
3543740925
1396191743
1375219807
1375207518
1354436830
1354375422
1358569726
1350504702
1077871866
1077743066
6056266
14543115
29350153
29358344
1131260168
1127065880
1110353160
1110086412
1382712140
1392165468
1388036844
1402495724
1368924901
1356341990
1356346214
1348063718
1343983846
1344255206
1880926406
1880402118
1879345863
1879214791
1933744837
1916983879
1917980231
1919956583
1919951207
1920213031
1928687655
1660404773
1660388373
1658625029
1935447045
1943832320
1910215168
1901761041
1879757345
1879773731
1879647202
1880767906
1881024946
1895696514
1908279426
1371347075
1402747013
1402760388
1386012884
1386013180
1385996796
1402790380
1406727533
1473830767
1473859438
1465605990
1467627366
1467638638
1466589550
1466556926
1428742654
1429796811
1429794763
1427696587
1428089307
1398728939
1390336235
1390332011
1390234635
1392033801
1388036360
1403712312
1370219052
3500794476
3504930796
3506015909
3495660199
3494480567
3512262359
3512270549
3547917941
3531204885
3538642965
3538561077
3555338277
3546949671
3547008375
3548057558
3514502806
3545784214
3545779638
3541617831
3541892279
3512597703
3514293253
3563519237
3571904261
1420193541
1420193031
1420180790
1420171558
1441077542
1429473574
1460931374
1459893982
1459696334
1174496142
117465486
121725374
71397806
12633591
8440119
8407329
8551697
9593856
7528448
2285568
2281728
19317504
40273861
48730007
44927926
48544182
40155542
37010846
1110750654
1112846766
1121296878
1406656999
1375068277
1366646885
1366777893
1367220261
1367223301
1367218437
1408702741
1400191797
1383406117
1381242420
1381253684
1389687420
1388622572
1384428204
1384952492
1384940204
1401458605
1401654191
1397422510
1930160558
1930160634
4045073738
1882912010
1895474458
1894425646
1895605310
1903996942
1398591494
1376534534
1393442903
1464733733
1439313185
3571067681
3707398657
3707431425
3706362433
3706359361
3588982336
3622339136
3605561936
3598247648
3594053344
2518165216
2518164964
2522551524
2530870436
2459567348
2458584276
2458394460
2458398236
2211982877
2211982909
2214143279
2176332842
2176324714
2176388202
2180582906
2172210042
3224226682
3493699358
3493240078
3510023182
4044857358
4043612174
4043612431
4026840647
4026830422
3758460662
3758477046
3775291110
3775274855
3779470695
3787858997
3817288732
1669804044
1673998348
1661219080
1661735224
822870312
806162232
810355515
814537082
1888270686
1888336206
1888467398
1905179846
1943966918
1929281734
1920897475
1915408705
1915367744
1916477792
1648107872
1664886177
545007009
547095973
546112951
546062735
546079631
546091919
566607245
566605981
591706141
571775005
573941789
573024261
572944133
572924423
572924449
841351713
916718369
1034686737
1018044675
1018053955
883855297
883661505
1957280641
1887017089
1899731072
1933294000
4063084464
3794768560
3811504816
3778011808
3765265056
3773574823
2700880870
2700876006
3774616814
3825012862
3806204174
1658458378
1674121482
1623728442
1619797034
546056235
814487579
814487563
814725193
814647368
1671334088
1654562248
1927190216
4068381384
4062163708
4060918508
4060914284
4060934760
3792589420
2748199791
2745114726
2744917094
4088666342
4090763510
4044626134
1896224838
1896234054
1900422598
818291591
813966245
834937253
834957733
826590383
855950527
323208637
1363334589
1371717565
1367523005
1353886429
1369680460
1369483852
1906355068
4091722092
3823278444
3798110204
3798042332
3793794589
3793986079
3793920566
1646580262
1646530854
1646529574
1647183974
1663437030
1625689254
1621492982
547488198
547488711
547378949
820047621
807463173
807598101
824334629
857885541
845302501
849757911
1990640454
1991557382
1990508855
1474576679
1416454975
1424892447
3299749431
3435014693
3434621477
2358802981
2631461141
2631444549
2379913428
2392491461
2394588103
2394849926
2394866310
2390495910
2386305702
2386305958
2642215078
2650083494
2628079797
3705790660
3697402048
3425808128
1276283392
1561508096
1560389664
1593944096
1598225409
1465275456
1427522752
1430128512
1430128288
291313312
290205348
332148389
311177127
311176623
311377294
312464838
318538183
322208119
20230965
1345368885
1349556017
1349684497
1347598609
3562186801
3562268771
3713100259
3738316690
3734123394
1452409474
1320288914
1324614562
1315713442
1579951330
1579951318
1563042831
493610253
476640012
476619020
476811528
204386312
204378376
203854088
1551212344
1557445160
1551997480
3565328936
4102196216
4098197896
2970911624
3007087241
2989396619
2989413006
3006165670
2439914146
2423005922
2422481250
2497978402
2497979394
3567658002
4104550454
4104570886
4289112135
4277053637
3739924678
1584041094
3727394014
4264067310
4264091694
4264058922
4264042538
4276774186
3198877225
3198862888
3198731848
3219674696
3110618828
3094073052
3102403180
3119147565
3111651877
3105627655
3105169926
4178715462
4250013783
4258332903
4241490151
2025854135
1480600711
1480648839
474134919
2093136821
2093128629
2101448085
2118157525
3724649540
3724713988
3724709892
3591488820
3595660837
2547133029
2492611309
2492862125
2495024799
2494943887
3048522143
3065283759
3060042855
2518976551
2518980613
3056003077
3073305605
3022939412
3022918260
3035498164
4105832117
4105701031
4105711270
4105710246
3026718374
3022802310
3022824582
4146570438
4062622726
3798371334
3798120454
4066422022
1918936615
1914720805
1931612972
1881281324
4100325661
1953891389
1958156333
1956911143
1420036151
1420097543
1441180679
1474724615
1458537157
1191150469
3462366100
3462197668
3729581476
3754748388
3738102052
3604892468
3604892436
2533149956
2532892932
3598295300
3594031156
3610821092
3560621029
3573203590
3702179718
3702279590
3702274278
2619619438
2620659774
2486577166
2503895822
2550066766
2528813791
3063448268
3063448204
3063452332
3078137516
3039346348
3039353516
3022682796
3039439524
3039772132
3043230964
3051618356
2510557220
2493841444
2628071445
2628083719
2628117510
2628102198
2624358758
2621213158
2503969206
3057556102
3055467142
3055460998
3055477382
3054920374
3056865958
3056599974
3072327846
2770354406
2913125383
2913131527
2914166789
3971459077
4260801028
4260806165
4252931637
3175006839
3174593255
3174568679
3156738535
3156739311
4243396717
4256053277
4289603845
4273879303
2130016518
2121587750
2121593894
2130034726
2130100230
2128007366
2119491735
1594155191
2097569921
2080526469
2081605045
2096286373
1823591077
3971001061
3969952373
3974409733
3978682885
4280685069
1696989711
1814364715
1814311530
1826891754
1823738346
3971221754
4239669450
4256196746
3752913034
3731072202
3458433290
3458302730
3462578986
3487965994
3752272686
2644992822
2645491006
2645203310
3181939181
3178793405
3174599116
3208167116
3191383628
3189481996
3189350924
2920932141
2921067885
2920944877
2924086439
2915697815
3163432335
4238222735
4104003501
4103409581
4105440684
4100996492
4113573320
3610404104
1429366536
1348691484
1348666940
1344364085
1344338485
1344334359
4032866581
4037052529
4055271552
4072049793
4075991424
4067603136
4063334928
2987438624
2987418145
2987401761
3020956963
3027384355
3030517986
3164735618
2627864706
2629183618
2377393282
2393899395
2388120455
2388120071
2390217302
2264725110
2259463526
2259462246
2280434734
2540604510
2537202894
2537218510
2537219215
2541481149
2537061540
3610774692
3608745093
3307086213
3290309317
3290313219
3298689555
3299738150
3433836070
3433851174
3488409638
3459172358
3391801542
1244317830
1244286086
1244221847
3395907927
3404427575
3401281829
3405259045
3395821859
3379044626
3370791682
3366601410
3366634194
3366814371
3367797479
3363088357
2283055484
2298849548
3406211340
3389434124
3724980044
3726546636
3726557832
3613016713
3583657645
3566960559
3570952621
3570952365
2490920124
3581501580
3615121612
3615379908
3614856020
3614865252
3556114405
3556036581
3521437351
3522031286
3521642134
3496298134
3508815542
3508811686
3542360486
3525583014
3529990358
4075282526
4087714878
4054092830
4054096158
4041521439
4100438815
3848706829
3878076173
4146570509
4129599548
4129615916
4130828333
4130747437
4129698855
4129688679
4142271974
4154853302
1973814918
1975387782
1958508166
1955915150
1950674078
4093943038
3574959198
3577142302
3576098110
3580325678
3571805742
3706005054
3701810751
3702461999
3703522855
3703392087
3707526615
3723885783
2641812695
2635517126
2635514946
3747074054
3612663862
3620791350
3622921239
3622861879
3622918949
3623340580
3622227552
3588735568
3580674624
3581727556
3560825796
3560876020
3558256352
2484509424
2483391184
3024391152
3041172080
3074469396
3057755652
3067322901
3067253303
3067265574
3067138854
3195032870
3195032870
3195296806
3203816482
3201719330
3201768467
3195282435
2654807105
2671649857
2536381632
2507016688
2494434032
2427390656
2428320448
2428251840
2427724532
2427724516
2431919077
2448703918
2481733806
2481733806
2440879262
2424101006
2418006158
3491149966
3491145870
3507923405
3543578060
3543572804
3529941252
3596804372
3596804405
3596804389
4133835815
4134849574
4135050534
4143897894
4126068006
4243443478
4235054855
4230868748
4231589404
3157814828
3155701284
3021684324
2505709300
2509899429
2545746598
2478572454
2478585254
2478599334
2477051046
2481227991
2473044293
2435296516
2502339844
2485552900
2486609428
2486674976
3023894304
3021786468
3021753828
3021995237
3076455655
3070151894
3065961926
3065832774
3069502742
3061110062
3057632318
3057576990
3074354202
3044993082
3028212030
3028209182
3034535630
4108134094
4107018894
4030997150
4031002286
4030989486
4039574694
