627964279
627964279
627964279
627964279
627964279
627964279
627964279
627964279
627964279
627964279
627964279
627964279
627964279
627964279
627964279
627964279
627964279
627964279
627964279
627964279
627964279
627964279
627964279
627964279
627964279
627964279
627964279
627964279
627964279
627964279
627964279
627964279
627964279
627964279
627964279
627964279
627964279
627964279
627964279
627964279
627964279
627964279
627964279
627964279
627964279
762182007
1030617463
426637814
158203382
158203390
158203390
141425150
1214888374
1219099062
1219099126
1219099126
3383361014
3383408078
3383407054
3383468511
2305393069
2305394108
2305398200
3412704760
3412834776
3396073944
3391814089
3391879513
3391708539
3391800651
3412771787
3421037563
3383280618
3387477995
2305350571
2305399803
2305407963
2313924443
2313942811
2313802523
2347356955
2347360571
2347491627
2347393067
2347455529
2340242745
3380434376
3376371656
3379250120
3379250120
3379119496
3379133656
3374873833
3374923001
3374914633
3379246345
3387565323
3387565850
3387630394
3379110714
3379049274
3379041082
3387503482
3387634554
3383441018
3383320442
3387449210
3379060602
3379164539
3379163481
3387679049
3387679177
3387548137
3387540969
3374960105
3374958955
3374971194
3408652570
3379260682
3383452938
3383488778
3383345434
3383345515
3387539817
3379155304
3379156328
3379166712
3379166681
3374968281
3375097305
3375097305
3379295689
3387684297
3387682249
3387555321
3379158377
3374964075
3408508234
3412828490
3412828490
3421217258
3421217259
3370881449
3370881192
3370758296
3370758536
1214896024
1277906604
1277889196
1277835948
1277831820
1295673991
3477007238
3462307206
3327497430
3338449206
3334246710
3332997686
3601564213
3601375780
3605571108
3056117292
3190328876
3190525740
3190459756
2871693292
2821361353
2825555531
2821365323
2821307963
2821242409
2825449065
2833839848
2900915176
2892522424
2892522413
2892521901
2892514733
2766687661
2767014079
2767149215
2767087759
2783864975
2808507790
2724619662
2724623246
2724675982
2724476334
2732860846
2799971822
2799975726
2791775498
2792307978
2800561162
2796037162
2796098602
2796109866
2812923930
3081281609
3081282504
3043594952
3039412936
3039413864
3022618216
3022728808
3026922856
3026926681
3035180106
2498313306
2498366522
2515143706
2548714506
2531978250
3601572874
3601440778
3601445642
3735585305
3735585320
3731403560
3660157224
3660153896
2586545192
3123350568
3123362168
3106585163
3093989962
3102445066
2833878539
2833815097
2833839721
2900944552
2900895400
2900899497
2892510891
2758293418
3026730414
3035110574
3030912174
3030912159
3047888013
3081430156
3069894860
3061489932
3056252425
3073023514
3207309866
3173640746
3173542442
3177716522
3110604074
3152610346
3131768890
2594902026
2594906186
2598905034
2598909179
2338856107
3479903417
3454672024
3454678156
3320477068
3320412044
3320405900
3245047708
1126923196
1126920124
1126852540
1126855645
1093558750
1097687518
1080873454
1349293166
1349293166
1902744702
1936432139
1919663113
1927919624
4067014936
4134254872
4130078488
4281034296
4247659048
4235080232
4176347688
2024212008
2024021801
2024025370
2020879370
1477714954
1477522442
1476539658
1497511178
1505984266
1266743818
1249951498
1249951002
1250268218
3397816378
3398340666
3398078522
3402232890
3393735738
3407432730
3376040250
3376044394
3380248426
3388697946
3422055754
3422041163
3412590683
3412656217
3379233113
3379172185
3362405993
3370871401
3370711785
3370711737
3387472521
3454579336
3488125832
3488125832
3353981608
3346653864
1165583016
1144592040
1094327948
1094585036
1127619356
36972853
36710677
41229317
41291780
41291780
40243200
36048896
36045872
36113456
124062000
124591920
124591920
91037232
91045425
91061809
91062065
225430291
225413458
225151314
225025490
208254450
141144498
149533107
149664147
1219212177
1219211921
1219211920
1219213044
3366694524
3366563372
3366498088
3370691880
3639127336
3630737192
3626542616
3626541640
3627594312
4181316296
4179215096
4182496232
4182761833
4224705899
4224574810
4023244042
4284335450
4150118234
4085106650
4068298634
4067233690
4067233210
4067237034
3529839802
1390743706
1403326602
1369837706
1369845898
1358307482
1081483434
1077175534
1077701870
1081669886
1106901214
1408941134
1458218062
1458217037
1592307836
1583915048
1583931688
1567221288
1550515752
2020253224
4167736872
4167669288
4167610920
4167606824
3915952696
4217934360
4218991128
4198037049
4265156202
3728284266
3731425578
3597207594
1458112570
1122699274
1122636814
65671174
32116738
16388098
8007682
8019970
8057922
24874178
57380050
40601746
40605874
41531570
41548018
58321138
5863538
5847091
7944497
8075057
33239600
66790000
66806480
65794704
32227984
6917777
6916753
15567538
15571634
10853298
10794930
1089774562
1106568166
1140646886
1134405606
3264856038
3264985574
3264921078
3264978902
3266885078
2197332479
2464719357
2456330492
2519314792
2519708456
3039728168
3022950968
3022967320
2955301384
2686718488
2686727720
3764666152
3831761960
3856927787
4024699914
4016377162
3945598282
4214033866
4217969898
4192801898
4188615738
4222169098
4222341130
2611720218
2594938922
2594938922
2594939450
2599002633
2590618136
2586350200
2586411624
3123417448
3123351656
3123351784
3123347672
3089811400
3089817288
3156921032
3156986616
2892553960
2896752360
2762532841
2762494426
2766947274
2758562426
3844878954
3877974634
3877974554
3877974282
1730490442
1710044410
1638872234
1638874298
1907178634
1940724874
1403853962
330159242
329765002
61780362
1135014298
1135010234
1135010218
1135534506
1139696110
1131292158
1131030014
1130966270
1130962174
1105795294
1105860814
1101691982
1202443342
1202254973
1206444396
1172873580
1307095916
1290318380
1281996332
1282397736
1278205496
1210448428
1210116652
1478553132
1478551084
1479604028
1498477323
1531031818
1522635066
1522769194
3670251562
3670120506
3670325306
3670391866
3671045178
3662598170
3662286858
3662287898
3402249514
3402241578
3415868970
3418031674
3401058058
3404223754
3404222474
3395874907
3395940729
3396006233
3379216713
3362407753
3362408795
3362273771
3429378475
1277770171
1282021273
1156256392
1151873688
1152922296
1089999528
1081611944
1077698216
3989148
1900236
1371972
14144772
26670341
66512129
41346049
37116928
37637120
37686288
36574225
40763665
40833811
49230610
66019890
32338482
15586866
82692626
78629650
78367507
95017745
132774160
107543840
103342368
103342368
237539360
241860672
258642241
157987141
149656149
145462876
1219205720
1219205720
1223277176
1223211624
1491660392
1483269736
1483502440
2019849000
2020893480
2014651193
2013602619
956375866
989929786
994250778
977473562
985859098
985728090
1069827162
927255770
391498906
324373642
309693578
309693578
317162906
48746938
44421546
1118294970
1136055194
1124004762
1123738090
1123590634
1123591278
1119403134
1119599694
1190831182
1189781581
1315610716
1315696664
1328230456
489304120
472519976
405411368
405407272
409863736
418190856
417604104
417604104
410281499
156522042
197426746
176520042
176519546
176961883
245107017
251202904
116981848
40566908
36307028
36307140
53104832
53113025
53134787
57396690
57268658
57268722
40500658
57277874
65661346
32106930
32111090
11127282
11131250
11131186
27901298
27829731
32023009
7053713
2789761
6979969
7046545
15435152
11130800
1084847857
1084778086
1088957990
1097345582
3240909614
3225180458
3229153594
3252223242
3281622282
3332014858
3332014858
3334181482
2259198953
2263392744
2389217704
2254999976
2519439336
2502594248
2485820936
2485829128
3022958104
3022825016
3022845480
3022837288
3027027945
3052193770
3186378682
3186362026
3178038186
2670531002
2674603130
2615884858
2611686442
2611620922
2611635210
2594956298
2599002123
3672867096
3672867192
3672748520
3664290296
3660087416
3660169320
3660234856
3693761912
3693768264
4230638280
4243213000
4238990040
4238933752
3165173496
3031204600
3035398824
3052180139
3077370538
3194353322
3194447786
3194429866
3194237098
3177447594
2633892090
2633904218
2631541850
2631476298
2648187978
3466142794
3466154059
3468280008
3472478424
3471438072
3463049464
3458978296
3727348696
3693793992
1546309192
1546275336
1479166472
2020375096
2083285544
2083269163
740564778
740560346
627049626
660668570
644944026
651239610
641802426
583213226
583213226
868360426
830628074
864481498
868712666
851739898
851741866
843877546
839682234
839899290
302938266
303724698
307902938
301611738
284831451
279670363
279705161
279688729
279488056
334016044
317243180
308841772
36276285
37406751
37378054
37369878
37365778
66726194
60426802
26873361
28978688
96085504
99230208
23773696
23823104
19628864
19628481
23823249
74023603
82416371
74028661
1277804085
1277803068
1479141944
1496902184
1534650920
1538809640
2075676472
2042103800
4172813241
4239926187
3707250090
3715638442
3742917802
3590874298
1443488906
1447682186
1452253322
1386131594
1386144138
1390338474
1383977130
1396524203
1361515771
1348875483
1348875515
1374035067
1374100842
3521387290
3252972042
3248810586
1084619290
1084685850
1206818331
1181717017
1181253944
1315476520
1315480620
1311288364
1311484956
1311439884
237657092
220859716
204343745
204278706
217656226
213396386
77081506
77148050
79314818
12191426
11143106
11076419
11064144
32092432
23834896
23822608
23823120
23704112
19440160
69838357
69901839
204130827
204196411
426297897
1505287976
1505295720
2109275560
2142829992
2137583528
2133452712
1463412395
1450828730
1448735146
1456332970
1385160874
1386143914
1386143914
1390338202
1384112266
1378730203
1378697467
1378226395
1361458267
1080441946
1088822042
1084623386
1084496410
1084516922
3232033338
3232021050
3249321498
1122865691
1458537273
1449887032
1449767976
1583922220
1579727916
1579793468
1579875340
522849284
489294852
489294324
422185697
501947106
262748898
262679122
246951426
245966338
111810050
111870722
65650946
65634578
65634610
32080178
7045398
82546974
82425659
82427449
216644152
208255544
476692024
405315128
947435048
1014543976
746108648
746124968
627605160
1697201833
1999191739
1983462842
1920677034
1927225514
849289386
848109706
848257162
311320746
315515050
307643563
288769417
287735181
287452621
287387645
291519469
291519343
299989886
283376462
283359566
283360538
1356969274
1357165610
1407497530
1923389242
1923587641
1991220792
1995284024
1982642744
1982634808
1445386284
1445333052
388368444
388368404
388380693
125118706
133640114
127284914
95815298
96339586
78579394
1152241218
1084853522
1101640722
1101766706
1101635634
3249057825
3249057824
3303584612
2489884388
2485820092
2485820060
2485885592
3022756536
4029404840
4029428392
4045681384
3777246187
3814990058
3823379690
4058332394
4058462426
4105578698
3568711882
3568703690
3585029322
3316392138
3349954682
3332948202
3334066410
3334070506
3334005994
2263416042
2255080699
2271987099
2238353817
2221577176
2490078200
2498335480
2498275048
2498277096
3035148024
3027091000
3022888488
2704117288
2703597096
2703533608
2703549992
2736903721
2736866859
2736867178
2791376250
2791378202
2791376922
2799908890
3068602394
3198625818
3199150106
2662284314
2666139674
3672768522
3672768522
3421114378
1235881994
1269503001
1252596856
1256740968
1248386152
1244200312
1244312776
187348168
153809098
137090250
137055450
137042170
1214978282
1223375722
1219181162
1286159082
3433574042
3433576074
3433566874
3433566907
3299373753
3303600824
3303667384
3303602088
3295211436
3291278252
1143794604
1161096100
1115155428
1115155444
1123281364
1114832320
36893888
35836096
36098240
36073680
19345648
2232529
6422977
14811735
14877231
14702126
14741034
14724650
14723626
333486874
316705050
316966938
1449494538
1450032137
1982702616
4130185256
4129984568
3861549336
3978990104
2888472120
2892668472
2892663336
2892536360
2888625704
2888625704
2888627752
2888585832
2754352104
2758541752
2758608316
2783511996
2783517884
2783526068
2779479221
2712630454
2746115222
2746115214
2749785566
2741446622
2737258206
2736995278
3810601182
3814734062
4091612334
4087549150
4053931214
3518112974
3518112846
3505466382
3236179006
3232054574
3248831790
3282384186
3266057482
3266053194
3337356378
3337356539
3328990457
3328801976
3345708168
1164670344
1282110344
1282110200
1282241272
1278079544
1278015000
1545926168
472163896
488940089
488940314
526492442
1608759050
1589090058
1589092121
1320524600
1320541048
1190513144
1181567384
1114443160
1122632072
1122632091
1122636218
1131291118
1097736574
1076768774
1080972290
1080972290
1081005122
1089467458
1081078994
1097856210
1114633682
1123802578
1123798994
1123667954
1123614691
1122561953
1139338661
1105784228
1089041844
1089041844
1080684964
1076687845
1076679663
1076687726
3227837246
3227903758
3236294426
3236233018
3299146538
3349474090
3333221370
3333225403
3337410969
3270299032
3261973656
1110294680
1110434008
1110335576
1110335516
1109798940
1093022012
1076246069
2233879
6430215
14812675
14878209
14684689
14693941
98590501
124045607
1193793846
1193711874
1194235906
3345908802
3450569027
3450372596
3433599716
2359931636
2359993076
2632623860
2632687332
2624372460
3161239148
3173297768
3173297768
2905906729
2939461177
2939467355
2943657499
2942693946
2775438890
2775434794
2771240555
2771244923
2704143353
2741982169
2741981657
2808943033
2808943033
2808418746
2808419770
2774998426
2917611674
2917611674
3186567306
3165595786
3165469834
2628588682
2628653194
2628653194
3451789451
2377474185
2410996648
2415244201
3463558121
3459483627
3459485547
3325074219
3324029243
3596675529
1457547400
1449343128
1377967272
1344408744
1344406920
1344407432
270669448
811607736
811655912
551592936
551592296
551588152
568440633
1902231067
1902231066
1898053146
1898012186
1361124922
1398873386
3550682154
3601209386
3601205306
3349551114
3350674506
3350682698
3321353546
2248069978
2264851306
2264785706
2264721194
3337411963
3336948217
3328559272
3261978808
3262052760
3228490632
3228487304
1076250248
1076299416
1344550568
1344548520
270544360
807415016
811611241
820065339
820064314
299986954
283210762
283204874
14768410
10705210
27417082
27425242
60975499
61074824
48484744
52531592
52462073
52463593
320913001
325102185
333560445
316906077
1382203229
1382200607
1398976798
1365741878
1348771622
1348794918
1349286454
1357724214
1353398902
1370110454
1403657364
1403666564
3555442836
3542646956
3542647276
4079526520
1898750488
1898817050
1965406778
1969601066
1978513962
1961884202
1961622314
4234926090
4235183113
4234641416
4234641448
4251099192
4284653597
4268925215
4265730334
4265623870
3724547390
3724623146
2672179498
2647001386
2626554154
2358118714
2358775050
2291674378
2293769482
2297954570
2313683211
2313699707
2313810283
2313802089
2305409385
2305410409
2305414649
2305553881
2305555913
2305420633
2305420667
2305419643
2305555275
2305555275
2305515355
2313779067
2313777531
2313802235
2305413529
2305552825
2305545641
2372521385
3479813544
3479809464
3479807368
3479806344
1315541384
1311474072
1315602872
1311679976
1311746344
1327868204
220633356
203864844
70188556
70177293
71221774
1149014830
1560056166
1553768806
3700207078
3700205927
3700407057
3582368257
3063319040
3061222912
3056516609
3056514577
3190456865
3190395425
2922967585
2922967585
2922935089
2922932081
2939780593
2910551537
2900061617
2900064437
2895857863
2914699463
2914711765
2851711205
2884630645
2876177477
2873091143
3946672982
3946644070
3946644070
3959362286
3904845566
4172885382
4172889222
4239923351
4244121781
3638046101
3638374277
3638439557
3655147223
1505509127
1505564934
1274489110
1273313590
1273838902
3412661526
3412660502
3409514806
3409457446
3411556134
3382208502
1234755511
1234800561
1304008609
1304008097
1307149728
1160348832
1160350880
1193973888
304785408
841656320
841656320
841852944
841779234
841387010
841370626
841876690
557712546
545195938
553133730
817379041
815269472
815275552
815296017
295234049
1398384896
1394452480
3541862432
3540568352
3519694336
3498705600
3230270080
3231318704
3232248480
3232247459
3303549602
3311929762
3307800738
1193871538
1195063426
1127883906
20848706
4071426
4178194
7111970
7120162
2662706
356098051
356033555
387487794
352884770
1426635106
1091078498
1124944834
1108217538
1107690178
1384518210
1385571298
1388065698
1404854688
1404887472
1409065356
1446806920
1446808968
1447004552
1446967512
373237864
372713577
372648426
83240446
79573703
77464260
77464196
77344416
94136992
123513248
121552256
36607168
36602177
40796418
57117954
1126533426
1092921634
1160030498
1428957986
1428692786
3710517766
3707372054
3636068838
3635085734
3634893222
3634898333
3366463884
3362310840
3358182072
3375090520
3392919816
3392858120
3392859144
3403326472
3466297720
1318625771
1318625710
1320784046
1320779950
1181253806
1093255342
1076563086
1077557390
1077553551
1075473039
1075509902
1084197518
1134331530
1385988810
1387037194
1387041323
1387045416
1387045416
1387045420
1928180012
1982827564
4130310180
4282288165
4246644743
2082383878
2081336390
1947124934
4095624390
4095102342
3052800742
2980453094
2980323046
3014932070
2478056022
2478056007
3551797973
3522437540
3497787556
3492547748
1344936116
1345992852
270149764
287058308
319765380
302925508
308200389
310133695
304898479
845963759
291787115
283459883
284639547
284645659
284551963
284551963
7727930
7710986
91597066
375300367
912163279
911115149
785285764
2127332000
2127340512
1778691872
1795467553
1745234179
1745758466
1746803986
1752829410
1756892578
1755841958
1755844014
1772624271
972826767
488384717
253520077
236825036
236431821
240555469
113673669
114263249
114132193
122258464
67805232
68854017
70951169
1143641859
1148096323
1282312898
1306954386
1340590770
1592089506
1593060322
1593059171
1601446181
2104779045
2104795429
2104865077
2102768661
2102705175
1057269783
1040492551
1057405955
872862723
872812545
873857057
873857057
876413217
880616145
888021751
934151879
917180047
380116686
1452825290
1452833467
1452829353
1591274409
1574693289
3724275113
3757630392
3735593864
3736969928
3736502856
3736240936
2658181421
2653987109
3205538080
3176244032
3175326529
3166893911
3158507495
3154304486
3155315174
3172354518
3075889606
3075894726
3084350918
3218424310
3184607702
3167994310
2622743495
2622744533
2622578549
3698356069
3698421621
3698538327
3564574679
3581222839
3581222327
3623173557
3606526100
3606517892
3539410052
3539145860
3262198004
3262214452
3336594231
3315622454
2158031398
2158289446
2158269990
2158991910
2230159654
2490140710
2624162133
2625342148
2640031436
2640029252
2635785732
2621341221
2621259303
2502695143
2502690983
2532050071
2527989895
3602251911
3600158853
3533070756
3554010540
3507809133
3491023647
1345378575
1343285258
1360029706
1393623050
1393950730
1398145038
1440096554
1435788010
1417986795
1417972360
1417972360
1413782152
3574971020
3608590988
3742803660
3726025292
3742663228
3742671404
3742818877
3713458999
4116107622
4118201446
4109880422
4126657638
4124559382
4124559366
4124436487
1968564245
1729584180
1729433844
1695813844
1696011168
1677857440
1614938784
1619002080
1619005952
1887462144
1954603265
1958798597
1951592213
1439890983
3548761639
3532443391
3532639887
3599760270
3613228942
2503823294
2503374766
2503369662
3614909342
3588498318
3588489694
3589759334
3589759335
3589631287
3589667095
3581278549
3614832981
3598179655
3598175559
3596977495
3596989814
4133990710
3060257078
3086463014
3081871462
2545017062
2515591654
2500883382
3020948134
3021144743
3025298085
3029492708
3048269156
3081823508
3060845828
4063660300
4063668492
4063668493
4084639805
4093565997
4060005417
4051517817
4046992345
4047311549
4028498597
1880888231
1884029347
1891893427
1891893426
4036392179
4038520145
4159090433
3605441281
3605315073
3605302785
3605302817
3596926501
3597985319
4128630327
4132730150
4133244962
4131127526
4063903878
4084887686
3496900482
3572383362
3572374147
3572321923
4104932769
4110210209
4109690020
4126467300
4151766085
4151485445
4151485701
4151488775
4151362343
4285588262
4249968958
4250041662
4250040614
4258416935
4241689447
4241689157
4107353669
4098974405
4111672005
4245893831
4245685218
3574604002
3586141410
3582138578
1434597570
1367488642
1402353794
1385564546
1117654913
1117654672
1119633060
1115432612
36447908
53221044
53277596
321692636
321159549
291873069
811901229
811901229
811908925
1885714711
1617405975
1617401879
1613662230
3777398806
3777399830
3878061878
3878076966
2922803766
2922717750
2922652198
2921604646
3194764582
3198945327
3131639869
3149597709
2612737037
2578982221
2576900687
2560156414
2583212718
2608370606
2604171438
2604368047
3711598749
3694895308
4231636044
4229539852
4231706636
4231702652
4097501564
4100901852
4159692429
4142777991
4067246727
4066706102
4067689126
4067693550
4092933486
4092929326
4092929086
4055311630
4093080910
4093433342
4070364590
4070344126
4069295261
4069360828
4065301996
4078958460
4047427092
4046386692
4046349876
4033179172
4041504292
4058465909
4118169045
4116071877
3579200581
3587699719
4120175670
4120175910
4287933734
4275354918
4267151142
4261858054
2114373894
1577478146
1528179714
1494619154
1493631026
1493499938
1531252770
1535521635
1501983473
1502004929
1553369729
1553828481
2096925313
2083031952
2083102609
2084282001
1830418081
1863872160
1862807204
1867263653
1867327397
1868378541
1859588271
1859453119
1859190991
1857036303
2142266639
2112907023
2112945678
2096627214
2112290574
1576990990
1610500159
1584945279
1582852159
509111327
517731343
517656589
377389341
914260263
914329895
913748279
930525191
892829703
1010139215
1010139343
1010270463
741789931
1813509610
1818226666
1826487018
1822259930
3969739466
3969739402
4237650570
4237654682
4103360426
4157873578
4141102506
4141117626
4141314523
4143345977
4142879032
1986875672
1932337420
1898782988
1882070300
1883114300
1895172732
1888963165
1956080223
1960176159
1431627527
1459937607
1443160263
1376116887
1913049527
1934016933
1942407077
1942474677
1942486421
2009460213
1968565621
1429564709
1412769077
1416048917
1416499973
1357316871
1357316887
284492351
351613503
351610431
347414075
1421285913
1438460425
1438444107
1174200011
1165790923
1165789082
3309082042
3313349050
3321885178
3449741802
3451838954
3451314666
3484869099
3484738735
3463730349
3457171613
3457372301
3457311119
1325556639
1275224767
1275224767
1275160223
1275078333
1279272636
1279338396
1287788428
1154942876
1154811868
1156929052
1155884556
1155884557
1155880758
1155814694
1147467046
1147655222
1147584518
1147584514
1298579458
1299169298
1332711730
1266660658
1249881394
1249881459
1249885649
171808193
171819392
171819392
171791252
1247241124
1263936421
1272328111
1271212542
1338260478
1304719230
1304749854
1553250062
1553236750
1555858750
2092737583
2111679533
2115873829
1847495685
1846445060
1712226308
637976629
638009381
637940517
637936165
621229613
742733423
751054575
1837395693
1837428381
1837411981
1703194253
1707384461
1678020229
1678084757
1678220197
3825445285
3825379809
3829594467
3833776931
3850554899
3854757379
3808685571
3775983155
3775987491
3779087651
3787476003
3816900691
3821238339
3821234499
3796072899
3812839377
3812843505
3812851680
3787552096
3787511137
3783316497
3770741825
3770787139
3770789314
3762417074
3846699442
3876051362
3859204518
3863365814
3863108758
3863094406
3871482005
4005704133
4006748492
3874562844
3874498092
3873450540
4137691756
4138019821
4155907021
4160556431
4150014351
4049432975
3504304543
3506361311
4042937181
4033827357
4029441597
1881957933
1886190893
1894567227
1890437147
1638782986
1669191690
1648199706
1916636202
1916653610
1916653690
1665134810
1614668026
1612505578
1624019690
1619888875
1619429935
1619434047
1637792525
1717348365
1715265548
1715281932
1715277832
1715339305
1714303273
1726874219
1739263723
1688931034
1689811594
4105759370
4105742986
4105738891
4105941645
4106072781
4105020124
4101939948
4114539109
3074356021
3057566021
2990472263
2722097383
2726082799
2732366255
2732105373
2731274889
3796492937
3810030281
2704802408
2754085160
2758283560
2758356008
3035506713
3052288009
3081639945
3064952907
3081565258
3081535690
4121723098
4121723114
4117401834
4146765930
4131037310
4131053663
4131020895
4064149599
1916666735
1916671727
1929191149
1908215549
1889353421
1889283789
1893541765
1356789639
1423881094
1423938470
1442615718
1971106214
2003080438
2003145927
2003221827
2003217729
4117163873
4112903969
4118046241
4118115123
4093068118
4093575622
4076802502
4068291030
3548132846
3581689262
3589610414
3585497566
3568728399
3569146125
3572301069
3580669208
4151092568
4134451064
4134441580
4076765820
3800011645
3797787445
3877479205
3760173857
3760190001
3762238001
1614754593
1614623521
1618752291
1625031459
1619986246
1636699462
1921915342
1923033294
1385965822
1455175871
3602397327
3619187083
3619478939
3334259643
3601695130
3602289050
3331764670
3331826094
3334775206
2521080230
2522325414
2518131175
2670830453
2502402876
2506602012
2489825804
2489690636
2624039437
2640771597
2674319135
2674313023
2674868543
2657993023
3211653503
3178095997
3161455933
4236238109
4244625693
4292864285
2124246044
2128358428
1578902557
1578905661
2117865517
2118021229
1986708461
1990903439
1689161359
2091748999
2091158918
2086968454
2082602166
2082696366
2082548974
1815359278
3908315694
3921484334
3921218078
3921156622
4193790478
4168642318
4164480270
4181456190
4192923710
4223635550
4204630270
4204060927
2592400620
2680474796
2680670380
2638629036
3712883100
3747220876
3749318620
3757785085
3756732398
3739954926
3749453550
3745320662
3711307463
3711073988
3713230404
3713069908
3721454388
3720389412
3649155620
3649287717
2559688230
2559880742
2561981990
2558320166
2552778278
3626635126
3627683270
3644467334
3675859094
1591421075
1587161217
1589259393
1610249344
1299861649
1144603859
1144542290
1144579122
1144628514
1467659570
1459519746
3535700738
3533079042
3533013553
3549732580
3520907940
3508292260
3558611628
3560717220
3560848292
1547576756
1551249844
1559498998
1558261810
1289826306
1289757954
1289760002
1306654978
1340325122
1252177170
1253413154
3398730018
3397685747
3398213876
3399266532
3472654564
3476848748
1295892524
1295963192
1547627832
1413409336
1413409369
1413384906
1430231690
1433963146
1467516314
3622339002
4142498203
4142576028
4142572012
4142573548
4268336740
4268338724
4268463668
3999978004
4008702741
4000117030
4248629286
4231807014
4164820998
4164822086
4164564038
4177149814
4173019750
4172880486
4239948533
4256725701
4256755653
3212434884
2671433172
2671441396
2671407541
2541384101
2547733413
3621352357
3621353397
3587995541
3579641303
4150058487
4152351029
4117682485
4251909381
4235132161
4235031808
4234940688
4230221877
4164235303
4179043383
4216730935
3688308583
3667734245
3667685109
3667682948
3667453580
3734561420
3751326652
3755705261
3749348269
3748300779
3743976058
3727227418
3727403294
3593123902
3593132054
3593196550
3593072642
3576422402
3563778098
3706372386
3702178499
3702129281
3706261123
3714652866
3676838646
3664264038
3673696614
3667405038
3734513870
3734664333
3751530892
3738993548
3730609052
3725890492
3725894060
3725895148
3590646820
3590353956
3574731876
3570561380
3568759668
2495005556
2428355431
2428274662
2499592038
2484902694
2486995766
2487130898
2487139074
2487152386
2621351170
3162211635
3187316049
3220870593
3220868544
3078261696
3078327024
3078200032
3078156000
3078104800
3073913440
3073905269
3072864806
3077060390
3215461414
3215460390
2678601790
2527673374
2661822478
2410180686
2407104718
2369433741
2356912524
2356715916
2620960156
2486745532
2486811068
2486877084
2486876820
2487129732
3040793221
4146979526
4146950750
4151120431
4134286893
4142672685
4142738239
3597605134
3596949582
3596628174
3621781710
1436549342
3718398174
3585269886
3585336358
3316688933
3318786101
3342120981
2268497925
2269039877
2269005125
3355055061
3350942437
2544390821
2544693925
2544685733
2548335268
2535494308
2535495669
3610416453
4113735941
4113736965
4097287429
4097289477
4101946407
4101937447
3027945783
3044670846
3078221166
3069855518
3069854542
3068855118
3060347902
3060277742
3085448431
3047752941
3047883997
3181982925
2649253071
2636674399
2502645055
2507044671
2498686751
2498686493
2498625141
2632769365
2642190295
3212617303
3193742935
3202197047
4009670183
2935915813
2801106980
3883171876
3845439540
3845181468
3845353500
3845271660
3845269484
1735527085
1739655855
3853851326
3853851326
4122286734
4122818446
3036488590
2499756990
2512278271
2512351999
2545906269
2545939293
2444096876
2980625772
2980620396
2963847417
2968099320
2691275176
2703859624
3005974488
3005924296
2720691016
2737513196
2737382124
2737779308
2750284388
2712404717
2745434558
2745446846
2745444254
3005496206
2972125854
2972068510
2485529502
2489788766
2498178062
2498180110
2510626830
2510561310
2275721262
2208809022
2192486430
2192482366
3261892079
3258764985
3256601224
3256543880
3273321352
3508202904
3512390792
3512385672
3514728649
3245113355
3274482987
3274485547
3274485295
3547244063
3555635727
3517879071
2444198205
2494398845
2494543229
2498598269
2490211709
2489884029
2502530925
2536101485
2536339071
3744413567
3710854495
3710592086
3698009206
1558910070
1491735638
1491743830
1491808470
1508585943
1542017477
1541993292
1541973708
1508421348
1508425452
1491648108
1484305972
1484563220
1566421277
3758026781
3758018623
3757981743
3758031910
3716103222
1551580470
1278950710
1278942470
1551457542
1551486727
1558957587
1558879779
1474999091
1459196227
1450737858
1178112194
1178243250
1178260642
3324660898
3328843234
3337232098
3316194930
3299358323
3300419105
3300419120
3321422612
3489264400
3472462100
3740963156
3740963157
3747190263
3692608999
3692603815
3692685751
3692816821
3694919101
4231746956
4151986060
3078243020
3068871412
3081336548
3081266791
3047711342
3047711342
3052958718
2474136046
2472105150
2480886942
2464140447
3000880284
2992166076
3004752092
4080787804
4047172360
4050309640
4041855513
4041764410
4033358378
4029618794
4030597866
4047375290
1966934154
1971065994
2012483722
1941254299
1940988089
869277949
862990813
1400050173
1399988735
1400055166
1399940414
3287579966
3279223102
3254057278
2176630078
2176681791
2443936541
2443874844
2443883068
2443817516
2498266732
2485882621
2486864549
2486872743
3023826598
3022710166
3039454406
3077267670
3069128950
3069063286
4142806039
4134416391
3597545479
3614322951
1441735447
1426010647
1358631447
1358500383
1356345917
1352148796
1373130056
1406847432
1130269128
1176406408
1446940040
1579980185
1579999657
1584190443
1592677354
1525556074
1602102890
1547445870
1547248158
1547305742
1551516510
1555681638
1553510758
2090381670
2094573031
2101915575
2135670423
1578811015
1578819207
1580879495
1581059751
2121023399
2137787879
2145846294
1504055318
1503797302
1503797302
1508057142
1508188182
1499213830
1238130775
1217196519
1217115118
1218160622
1220066926
1491635838
1533579102
1517992783
3665472845
3665472844
3732577612
3728248156
3727201532
3727422933
2653581767
2653557718
3748266614
3718972006
3568112166
3568054830
3567792957
3567805752
3572036920
3697851512
3576216664
3576214744
3609769176
4146647224
1965605017
1898660251
1882870171
1954161579
1954424747
1962897339
1962928603
1962932507
1425836299
1433177355
1462543627
1445765387
3593384734
3597325118
3605709630
3622486310
2510942566
2515395958
2498619206
2499789511
2491409143
2505925347
2505913185
3562811685
3564900645
3564966197
4101969180
4101930252
1954540316
1954396956
1969076508
1969002508
2002552909
909935821
909934799
640585863
640610455
1848570275
1852744419
1873650401
1873790673
1710161857
1953492161
1949134017
4096599521
4101776357
4110164711
4104913646
4121499390
4155064030
4160322254
4277795534
4277791694
4269404110
4269331406
4286104398
4248392014
4248441310
4231672062
4235865262
4244319662
4239990702
4256712367
4256748173
4256752268
4160267144
4151878072
4146636008
4146707692
4113226988
4113235196
4146754636
1999271180
2003436317
2146042687
2146387775
2112646430
2112710934
2096023814
3706636549
3723418420
3724394468
3680282068
3658805636
3657752964
3674628516
3645780640
3718124256
3734965858
3736869410
3735829026
3731626790
1177028662
1177098262
1177168902
1311646726
237904902
242107398
267242502
132943190
91065814
91078070
74429878
275756471
275619217
283745680
1349229968
1416338832
1949023412
1949021365
4096503206
4100697446
3832129830
3840469798
3840469822
3849120542
3861774127
3861738797
3861692717
3865887020
3865961276
3874415164
3840863757
3832478223
1680820815
1814891343
1814890990
2116816110
2121012462
2129400046
2124879086
2124813798
1587945286
1604729606
1571109635
1302658305
1307616257
1299293201
1330881553
1297343761
1297338227
1288163298
3435514854
3435514854
3437091814
3437099510
3437100486
2360999366
2360925686
2360933862
2230910438
2230871527
2239326199
2239442903
2239369175
2272989015
2281246006
2262580518
2281467174
2281530646
2382197510
2365551367
2365542925
2365407805
2365063724
2356680556
2356771836
3430513148
3426351612
3426351253
3443255429
3460033671
2390483078
2390475206
2390413798
2398806375
2398806821
2258363173
2258159396
2258162980
2262367532
2262359085
2253968509
2254295165
2271101311
2237546879
3294511451
3430810393
3430880008
3699316488
1478442760
1478306584
1478322728
1478355768
2015145800
940869064
940869000
672437400
672510392
675718057
675455657
671262443
1761846907
1795397178
1778554410
1778573866
1782768170
1782829594
1782628954
3946861178
3909100266
3892326122
3892325354
4173543914
4169537770
4186310874
3146122442
3129431242
3129270474
3129270510
2592387311
2588705007
2584510703
2584707295
2601443791
2550850255
3087721183
3092182782
3100630767
3096239085
3097287101
3101546716
3118390476
3109473484
3138815437
3205924189
3210121599
3210191734
3210061110
3141903670
3137856822
3142038838
3143079731
2874596913
2841038353
2843134464
3111570944
3154071056
3153872416
3153871392
3128709744
3124503413
3128696933
3132904551
3131852903
3131918438
3132061815
3127732247
4197742599
4197907461
4197901325
4195803405
4208345925
4187439943
4174738374
4166331846
3692313038
2618624862
2625047150
2495486510
2495420974
2224831022
2224825918
2240553743
2190221581
2191311932
3268971628
3262679148
3258554476
1108990060
1108039764
34240580
34240836
34224708
35273284
58657349
99441239
99482455
99481943
91076983
91077111
91077111
24099319
32487927
32356599
32356599
23967989
19773557
19904629
19920997
19920997
19921269
288356725
292552565
293466997
324907381
323858935
290238975
273527295
810529238
810523094
811579862
809482454
808434130
808450386
808386386
808415827
808264307
812454499
812585571
820843107
1890390643
1370232690
1370305986
1403862466
1391279298
1122851010
1122859250
3270457570
3270458610
3266262514
3266261970
3267326706
2193478371
2191323873
2195518437
2186064869
2181607917
2181674479
2185868783
2471206395
2471165433
3511352793
3511332760
3544887192
4081839512
4077448632
4043892152
4027144120
4027205273
1879709337
1342846619
1346907866
1406675514
1387800874
1386752043
1118383165
44642317
40579085
36311053
36569357
40780111
66012107
28100507
11392475
28177753
32370712
23978040
20768041
20573497
20635419
24829659
7067290
15323802
15331995
11137947
11137945
11137976
15460008
7073448
2748072
2653944
2633433
2635481
52957689
40632553
49217769
49156347
49156299
67007691
33486299
7333371
15524313
15528409
15585753
11522521
11531769
28147177
65923499
40233899
40239019
40146843
308581259
308576731
308642169
308654377
845455401
845456425
845524013
841395231
304522255
304542750
304501806
304481390
841354670
853937854
866584222
329582238
346370718
346301134
484712782
476394766
476515614
484902702
414003758
413934125
413409833
417669656
410309128
408195592
939830905
939829929
939834025
939900555
939955851
939950731
1745257161
1746305560
1748402984
1752605992
1769383208
1803020056
1802880776
1797603848
1764049689
1747276073
1747277161
1751643241
1756869869
1754506493
1754506703
1775413191
1783796421
1779598037
1779663605
1779684321
1779528161
1779507681
1783701863
1807950183
1774400871
1770006583
2071996439
2055219223
2055415815
1518482503
444743751
445857863
445825223
196526279
150360535
141981031
139950951
1213561703
1263823207
1247045975
1257534535
1320501319
1320632533
1320571389
1190359533
1171481517
1153527469
1078225597
1346661053
1346726573
1342696127
1342689949
1342554780
1359774396
1896645292
4045178540
4028468892
4034850444
4043239068
4039044847
4038977262
4089202286
4072408622
4067174190
4066649150
1919247422
1919098942
1902321726
1881354254
1345470478
1342358542
1409477130
1409411610
3557050922
3620522554
3733948938
3733634890
3666519881
3666387576
2592645736
4199056104
4211708648
4212040680
4212057576
4211533292
4194723308
2047237500
2047035741
2113935693
2113939469
1044458527
1052914783
382103774
382095502
382091406
298239118
281462926
281381279
281385375
281516445
298301917
290975197
324395517
324919741
320692717
287117799
269420018
1348405234
1414998002
1157050226
1157054034
1152850514
1152715282
1150560786
1150626306
1150492162
1167138322
1200903975
1313137447
3460604708
3468993084
1183162940
3599017768
3599014184
3594815976
3591211176
3591289000
4144408728
4094093192
4094059144
4094558857
4098753211
4108202731
4110169647
4104927023
4104397865
3080989753
2548263944
2678581256
2643912712
2643634184
2642584856
3720586024
2638271017
2634072618
2667725322
2655411722
2663803690
2395236394
2387363946
2387363930
2383103178
2387277002
2395661515
2395662281
2395664105
2395724521
2395721215
2391459071
2396700927
2407252191
2351448159
2284405055
2284454447
2288661053
2292851225
2292720232
2296915560
2289576680
2287479800
2287544792
2282301912
2282256856
2287488456
2312749384
2308694344
2308662089
2308535083
2312655658
2404959530
2400947450
2386279642
2386273482
2390466699
2681970827
2677777801
2661001609
3193551019
3055061227
3057354922
3862861978
3795756170
3795230858
3812016282
3778429354
3761639657
3760533740
3764396140
3832553500
3832619288
3841401400
3837212216
1706368569
2008881722
1992038938
4139543066
3604806154
3592210698
3591022602
3591021578
3591282762
1449058506
1457438938
1409171594
1374568586
1374302399
1105802157
1105801964
1105801832
1089024568
1089024536
6895128
2965016
2963992
3095048
3087944
7102152
15519369
15501209
15506875
15506874
32349626
1101903290
1101897914
1101635770
1105965242
1105916154
1097527403
1080717357
3236651308
3236487460
3500730148
3504979508
3504978484
3492723205
4029581831
4029581895
4046292678
4079784646
4079784694
4046287591
4046271205
1881485921
1881420129
1885605985
4037350497
4037426241
4037442627
1906760771
1940362306
1386722754
1382523586
1378214466
1378157122
1395458610
1362040098
1357722659
1420633187
1420633330
1420759234
1169117314
1202696322
1185395842
3332871315
3332742577
3332881840
3265787888
2196104160
2188649316
2188649252
2188649253
2213950262
2209750822
2175213350
2175027494
2213334310
2213320006
2197795014
2264838279
2263781765
2255262116
2183960484
2452462244
2452536052
2453581508
2453317380
3526992132
3594051861
3594084383
3560580119
3560577302
1413090098
1415252770
1419250466
1419254050
1451783426
1451811073
379232256
911904768
909803536
909803600
909882576
875146480
875082913
875287713
606752928
1680544416
1681461920
1626871456
1622940324
1623145108
1623075461
1690184327
2006919814
1985757078
1981558950
1712595110
1711550638
1707151470
1687306522
1821527306
1821829390
2085923086
1813293118
3960776750
3989617966
4018845546
4018844136
4019884520
4005070328
3866658204
3861433820
3861571300
3861537380
3861525092
3794408036
1646789573
1667763655
1890191479
1890453607
1890453511
1890457606
1353591558
1353524738
1089233426
3224166946
3225182758
3239846434
3268150098
3263824322
3263828355
3263852976
3264800160
3281578404
2153294244
2148043172
2416609712
2416610176
2416611009
2417669635
2470093314
2453185058
2452152866
2452247090
2464810274
2460555298
2544384097
2510817504
2494105792
2649359680
2414490176
2393530944
2393465536
2393432739
2393435554
2263406758
2405976231
2402240695
2402176135
2401684807
2401690885
2384946453
2388943141
3332661557
3332763959
3349606661
3350123853
3454979469
2372651933
2351553471
2368592830
3442342330
3341610378
3610042762
3605844474
3605873130
3622789610
3622707691
3622707693
3714983404
3446545916
3446626652
3429718300
3429685533
3430739215
3724338954
3455833882
3489322302
3489387886
3489265134
3464099326
3464197534
3459995039
3477034397
3481226429
3481234621
3481234845
3447005149
3447029469
3321198173
3321067039
3321090590
2276577838
2410992430
2409931054
2376446014
2376568863
2363921693
2364445981
2356120860
2355858780
3426328028
3694775804
3695134196
3695072724
1547576788
1547576789
1547662679
1551850870
1568635254
1602190674
1584362946
1584226754
1584202183
1584202135
1584337333
1608979364
1554460332
1555507884
1555368632
1555364536
1553248184
1557441977
1599382969
1443930553
1444131768
1444131837
1446163293
3593663279
3596809510
3596700966
3605015846
3336649014
3479517494
2405906710
2380676358
2376996102
2360213766
2293068086
2293035318
2293036323
2297232673
3358447921
3359496561
3426607088
3443021792
3477021328
3458097796
3459662468
3459663748
1326861748
1195657573
1170499879
1166076706
1083239971
1087492659
3229008386
3225338370
3225321730
3222969634
2166012786
2205854402
2465894082
2461631171
2459472544
2459480736
2476271588
2480435172
2436376940
2503485804
2537171436
2524589535
2530873742
2526937230
2526478526
3602124974
2666795182
2390514826
3441223818
3424385162
3424299914
1276832458
1283092042
1559766554
1290278443
1286083368
1286288680
1341093164
1315199260
1312054532
235159828
100983060
100769844
100773972
101101789
1090960527
1075746959
1348110471
3495467941
3502815917
3498620588
3498611340
4035482252
3030098600
3034309357
3027788527
3027764078
3039299054
3072857278
3072926858
4285148362
3756665034
3756927195
3756996779
3756984539
3756476875
3720341323
3720127307
3719074427
3584856939
3572019563
3563823471
3576406127
3609965687
3610948725
3594173493
3594247220
3594213404
3598661900
3581815556
3572374100
2498103920
2229735025
2229536370
2230583842
2230588194
2230596402
2247504642
2276864258
2259034114
2258972706
2275677223
2246367279
2222753839
2218559579
2268826059
2251987275
2520429899
2520416523
2520285449
3057169193
3057164840
3042484780
3025842732
3185213996
3176845864
3172692520
3208123944
3123194217
3194501354
3202894058
3202959546
3194636426
3127530634
2590650506
2573881546
2561303146
2561286702
2628395623
2628268757
2632458948
2624070292
2624079020
2640890028
2640890028
2670454924
3745097869
3728320909
3728386957
3731531404
2531967628
3085861868
3052319532
3052315436
3186078516
3185882676
3085219380
2800004644
2926029348
2791738145
2787478306
2788020066
2804827890
2704163570
2687369810
2758414866
2758357782
2766677270
3047696470
3081386198
3064600774
4142533766
4134472838
3593408646
1462644870
1429090958
1425938111
348083887
347891343
1440509903
1432157663
1461509375
1461583295
1463709070
1434345358
1442793374
1470976703
1470976959
1588458479
1589441391
1606213935
3757892911
3748982079
3744853279
3577216279
3577140503
3575599895
3714011991
3713930199
3722318807
3319662551
3302887383
3302575063
3302518771
3302549495
3302810583
3302880199
3294491093
3428709877
3479174517
3747080567
3730303351
3730177335
3730627895
3730621751
3730358581
3747213628
3755733300
3757761332
3724272436
3707302708
3707269988
3707270133
3707451383
3705282534
3705354726
3696839150
3424209406
3441117646
3459940174
3460032334
3464095582
3472417775
3472417199
3466092991
3466088895
3466293677
3487199661
3455989165
3430352061
3426045151
3441679487
3445685311
3479235903
3470828831
3470890269
3471021341
3488781597
3480654877
3476477023
3476477151
3476444623
3476440543
3612788734
3621183214
3587571439
3587501791
3587499725
3587565277
3623343865
3623196397
3614754541
3614754543
3609577055
3576092447
3576091967
3588678703
3588613183
3588518943
2506388485
2503238661
2503439381
2508092727
2516469614
2512309886
2544762494
2545737599
2524774231
2520575431
3594384837
3594508244
3609908116
3576354740
3715004340
3715069941
3715059159
3722927446
3747970070
3747900470
3747900454
3756811302
3756978198
3719221506
3718955283
3702112625
3706229728
3697850288
3697909648
3693780880
3693796784
3559652848
3559517649
3576429905
3580581235
3614012723
3622646583
3622646582
3613995382
3613996406
3614121430
3615170007
3321567703
3350871431
3351199637
3351058325
3350999957
3350471671
3354670071
3354661863
3354666983
3346099702
3346267606
1198644694
1198577623
1165031391
1165087583
1165136735
1165072175
1173394733
1173400877
3312695613
3312687453
3308689749
3308768709
3308572117
3291838357
3296622229
3304986549
3300792229
3300132261
3568592293
3589600757
3312768501
3346324981
3346312679
3346312567
3610623286
3610754326
3581326598
3581392134
3588730646
3588669206
3622739718
3622751510
3597454630
3597462566
3597644854
3597333526
3597325319
3597325381
3597329477
3597333509
3597323269
3614067733
3609807991
3576458550
3576655670
3564011030
3572420119
3568272917
3568141844
3568087828
3572278068
3563889460
3577721620
3711862292
3711880741
3709730343
3743182374
3742973542
3745202134
3745123718
3757772166
3753577623
3736804503
3737066647
3736958163
3741147347
3732725971
3749572979
3749704051
3716149617
3698316145
3706700785
3706308581
3707303412
3707299284
3698978260
3699072469
3699331029
3699199935
3699146751
3715923967
3749475838
3732764126
3741152734
3741184382
3741185342
3741185310
3757958431
3757040911
3748592911
3715026207
1600900127
1600871479
1596544039
1579766823
1579881494
1596601670
1332376902
1340757974
1307265010
1307168722
1290395602
1558816722
1558816755
1554753521
1571534832
1575589232
1567145248
1596500000
3744000032
3727359024
3727318032
3727381811
1596667170
1600862066
2045447762
2045447890
2024344274
2024349267
2024635985
2028760592
2020926992
2016732720
2014373424
1744891488
1744891488
1749085792
3896573665
3896573921
3896573411
3913407987
3913539059
3913538993
3913547697
2873358228
2940434324
3217192852
3217175989
3217233317
3217101991
3179289830
3180346470
2643557430
2679536662
2665905158
2665935878
2658046982
3731788038
3728642311
3742872901
4246189405
4233532765
4232484701
4232550237
4099274621
4111788031
4145312239
4145481199
4128638447
4149675501
4157806077
4153619917
4122104653
4122178381
4126238029
3589301581
3581173085
3564461437
3564494317
3564629485
3573016573
3589789661
3587555933
3621114751
3621057407
3604275567
3595886974
3591762302
3591796215
3742791143
3746985975
3713423319
3587655623
3589625687
3589600607
3623216511
3623220607
3623211391
3623207295
3749048703
3581405055
3581372255
3564590431
3562489215
3562358127
3570693487
3589629311
3585570269
3619116509
3755242973
3746883037
3746887135
3709195775
3713390463
3713521535
3721836350
2643960374
2681713182
2673332751
2673198879
2668951423
2668916079
2639604079
2639665263
2648639599
2648513773
2512131581
2512196045
2512343693
2545873597
2545742509
2549937829
2541541287
2541604054
2537479414
2537552998
2535816246
2535881750
2541643526
2550031879
2545903141
2543605349
2547797717
2549731269
2549799365
2516250055
2507931127
2507785590
2489893718
2489967191
2490099317
2491016820
2491020916
2487012916
2487078708
2508180596
2516507732
2550135877
2550000725
2522741879
2518637671
2535349751
2535331286
2505454038
3587650550
4124390374
3587462054
2512738231
2512773063
2512711621
3586174916
3586238276
3042293108
3042283812
3075966244
3075970341
3075986741
3176529719
3176431399
2635431719
2639748919
2639679238
2673298710
2656400694
2664789286
2660626486
2660692038
2662789318
2667050199
2675236327
2620706214
2620837302
2620837782
2625042390
3170166774
3170165750
3187466582
3179143543
3174949237
3179266324
3179233564
3179246364
4235929405
4236062509
3162324783
3162316590
3162445082
3170833674
3721740618
4287938891
4275434315
4275562313
4292343643
4292121979
4259087467
3160179947
3160178923
3172978907
3189764299
3189698761
4267636729
4267636456
4276059880
4294459129
4294454985
4252509913
4235802107
4235919739
4235858015
4236128591
4236144991
4252918783
4259181303
4259112663
4258590422
4249152502
4249153014
3720797686
3754345590
3755393110
3604463686
3598118919
3598120023
3598112119
2541213543
2549606245
2549479157
2513753821
2547306461
2538987517
2522840445
2522709375
2531079519
2533308255
2533300094
2540504686
2515342958
2498697214
2225550814
2225411319
2226410615
2230374487
2238746949
2270212933
2253694581
2253694693
2387975925
2388053973
2270579157
2237532389
2222856421
2222930101
2222864775
3296603527
3304793527
3321442743
3321369013
3354980821
3354976612
3353912612
3345524004
3345589540
2273287957
2248052486
2248067846
2248035094
2231249702
2357014310
2356948262
2356811014
2365199814
2226785733
2226665872
3296213392
3292023168
3292416960
3309203392
1115563968
1119232960
1119233488
1123308961
1110495395
1108381859
1124106421
1392542093
1392607688
1392676616
1364437513
3520178717
3522472509
3567630911
3585054238
3584983838
2515173678
2540339311
2541417711
2541413535
2507859333
3581568389
3563008917
3558675093
3558806263
3560379382
3564573046
3564573974
1433867526
1442151702
1442082070
1442081030
1442281799
1442236877
1476316597
1459471525
1459417253
1459413141
1456853397
1456993189
1450566629
1999954919
1966401383
1966472567
1966520631
1970780533
1970772053
1970773317
2004256069
4151738629
4151804693
4118139429
4160021031
4158973479
4159039015
4159166263
3078084375
3078575879
3078575879
3078571287
3078571391
3045004671
3045004382
3044938846
2516464990
2512336214
2510058998
2510058982
2514249206
2514318806
2506053015
2539607959
2539607703
2682222295
2682083063
2681796343
2650338935
2650339127
2650338103
2649355063
2645288215
2645419303
2649554215
2641153063
2671561751
2654921735
2390680583
2390647829
2522764305
2522481729
2518353345
3575191537
3560644277
3497672325
3497672327
3506118279
3505999767
3564719509
3581498804
3612897708
3604538284
3604804268
3604791976
4157402856
4124945129
4099386223
4101486894
4231499062
3156583686
3157369606
3157762566
3155669510
3038175783
3075929633
3084832545
3080637200
3063597312
3065564496
3086512101
3078121445
3174573031
2637829046
2621048198
2625244342
2633501926
2633763938
2628586546
2381197314
2414223362
2411077634
3485328642
3483168050
3483151139
3449596769
3353123572
3344878212
3327823492
3327821700
3327898032
3598234016
3594031264
4130898016
4131107072
4147816192
3879380736
3879382784
3879242548
3843590436
2769864996
2770008548
2753178021
2889486263
2893680278
2900958902
3165138606
3030920942
3047702318
2511078702
2511077646
2510561542
2225348614
2225369126
2225390821
2364329140
2355906692
2351777920
2369747328
2369158016
2402741184
2402742081
2402723089
2683347233
2679153440
2677056032
2677056096
2677061216
2647711456
2635353824
3744729761
3592423842
3592493218
3592628386
3593608338
1381121154
1375874178
302146755
307424449
292748352
283310080
279169329
278960935
284203558
813010470
808945174
808826374
825534006
926740006
930893414
937234022
902762085
1015943012
1015952676
484319524
486433040
478142464
408199175
404004870
402961430
419936262
486979590
488028422
1066830086
1050052981
915719652
922501588
909902028
910045372
926822884
893264357
880687062
886910870
882666166
882699174
899469230
916227534
916099534
916103373
1050337404
1046011948
1580737576
1580735784
1597718284
1585077789
1589300783
1606141567
1603855047
1570284231
1557898183
1557829063
3707405765
1576715589
1601946647
1584971815
1585246246
2122162222
2122036526
4286299455
3967531039
1819969737
1819969672
1815710856
1681432984
1731781288
1715036840
3860738728
3864924841
3892122601
3769374191
4037872974
4037941582
4037950286
4037893070
4037868526
4054641646
2997736958
2998895054
2998829317
2997719300
2993463588
3006046500
2955715360
2955597616
2955596560
4033495313
4041867639
3773302246
3764923622
3778882974
3816693198
3799912062
3804057130
3887613546
3858294346
3847808714
4112049866
4110993130
4115382762
4157325546
4154122494
4154090591
4160644127
3086904637
3623316797
3621223701
3620951365
3620947397
2538820053
2537648565
2537681317
2504126951
3720869879
3720869879
3704061911
3721813767
3721862407
1498692917
1530670117
1530668069
2067477557
2067402773
2038108245
2038126037
2046361493
2079895205
2063117989
987272853
2061087429
2061083205
2052957461
4200578084
4200511524
4213102693
3091089525
3695053013
3698986965
3701081715
3703140963
3703333411
3703333410
3699140130
2621232930
2487200994
3576607922
4130247811
4134436995
4142317955
4133995393
4134818724
4130612964
4111739436
3023518505
3023510329
3051625273
4121177371
3618383115
3618374090
3752591770
3752591786
