929936311
2003677879
2003680951
1965932213
1949154229
4096637877
4096196005
4100390308
3036047300
3036038980
3052758636
3048498748
3086280253
3086284589
3061101887
3999044923
3999044698
3994926202
3994922218
3993808106
3993871546
3994006682
3994005658
4010791082
3977769386
3960926638
1815500270
1819428350
1826768351
1843615071
1877046615
1851876695
1851878775
1726176631
1726176631
1742986582
1742994758
1710449991
1735619911
1735618839
1735611175
1701925413
1700876839
1692615223
3841021463
3841293895
3855903574
3855903190
3889527030
3889646742
3889569158
3858109830
1711216583
2113876951
2113745397
2113745397
1970549108
1953771828
2083529524
2087805500
2094096940
2110869032
1975536184
1975544585
1976625931
1976758090
1959974794
4101490570
4101817242
4110402490
4126533034
4160005290
4143289578
4133916702
4133990415
4129596431
4129596461
3861226541
4013335589
4013347877
4015505444
3982422832
3982377680
4250813072
4246618769
4229777073
4229258913
3965018035
3971435443
4256651650
4290215362
4277431490
4269040854
4264846566
4264894710
4264976502
4277555558
4290199910
4239905590
4239520278
3165954574
3031736846
3035931167
2759108141
2752888636
2753006364
2771880252
2771880300
2775900012
2805004120
2788520648
2787513033
2787509177
2791769001
2799960555
2812544491
2813662715
2780261721
2780161289
2766464267
2758145291
2758276363
2755130634
2759193898
2759195946
2784353578
2784347450
2808596234
2808596234
2808607547
2808472877
2808411517
2791658749
2791785724
2791703740
2791706813
2791780791
2791649726
3086430654
3086361502
3046582270
3046469374
3029663358
3031760478
3035934222
3035997710
2759112207
2759103039
2759098925
2759099180
2759193388
2770793276
2770784604
2804303324
2787525820
2791769276
2791772312
2799841432
3890356376
4125303000
4125171800
4125107257
4158991417
4155861051
4139247898
4139755786
4143955210
4135552266
4134371594
4130181146
4148146218
3829309547
2755571819
2755580138
2755641834
2759806442
2893896683
2902276843
2898017019
2763799193
2784767641
2817799836
2809467548
2809598620
4151509949
4149285869
4124057965
4124057917
4123026463
4123061263
4123043855
4123310094
4148463630
4148595982
4148593934
4148606798
2539034426
2539046718
2673211167
2639783759
2648176509
3187013484
3186939884
3187462636
3187458556
3187507709
3170538845
3178936191
3173760575
3207441966
3191713335
2923407157
2923423029
2923295028
2923221108
2923282532
2923348220
2909716701
2892939725
2892908495
3966721759
3966597855
3966593647
4025285231
4008509231
4009555229
2927419661
4001226829
4001288317
3983458685
3966681437
3966683085
3962560463
3962527743
3966574054
3983293926
4024710382
4025754878
4025820382
3992856062
3971889022
3988409951
3987394125
4004101965
4005078869
4009272677
3996688765
3996684637
4012553181
3828003837
3828021245
3828240285
3827765180
3827636652
3764664748
3814997421
3890488749
3887408319
3853988030
3836178654
3836207370
3836060938
3835997966
3831802382
3844385294
3878993694
3862201646
3862069614
3859988846
4010988014
4017251838
3992088575
3991019485
4024638420
4024508340
4016051636
4016075188
4024463861
3991007709
3974287711
3974288143
3974360839
3965774613
3961563941
3961580325
3982621989
3999515957
3999482135
4000796951
4000731511
4016456566
3982902998
3974520534
3974462198
3970202614
3971252214
3988059462
4025873734
4017475654
4013290582
4013286502
4017613927
4025933175
4003908885
4008101124
4008038660
4000637205
3996508469
3996643621
4000248613
3983529511
3975142967
3975137805
3975006733
3966618141
3983334269
4013747581
3996967021
2923229293
2927411309
2809053229
2767110463
3832468815
3832438607
3828317022
2888653550
2909559526
2943098854
2934716326
2934711734
2930517382
2812752326
3886420423
3886420420
3890622796
4133826892
4133756968
4146340904
4100204584
4108728569
4037413259
1889929610
1352931722
1352957322
1354002826
1366577563
1400271245
309752205
308736405
845607333
845210021
845209957
857792815
824238345
807530761
807596296
874706200
874706232
1952578840
1960876344
1956755769
1973599035
1973599755
2007144010
1466090062
1462190670
1462174462
1462178798
1428432358
1442080998
1974790374
1974991046
2008464578
1991680194
1995870406
2120384726
2116190454
2116268275
2116150753
2116283748
4280495908
4246736684
4229959468
4229971768
3156225816
3170053912
2629254697
2629109487
2629047022
2629591774
2629624510
2376648622
2405991590
2385091750
2385163446
3593380998
3593397389
3593135245
3609912781
3559622508
3563752996
1961602612
1961405957
1961405959
4100499989
4151032372
3874404916
3866009364
3861284612
3861283588
3861349140
3861156644
3878003492
3827750701
2758201119
2758757214
2892843894
2892790118
2917956966
2951509286
2934727958
2934924566
2951116054
2946948870
2946957123
2946957121
2934300496
2926892912
2922706292
2922702180
2922771748
2904970612
3966111188
3966635397
3966712725
3966581687
1818565543
1818501030
1826889126
1688474790
1705784502
648885382
650081411
649897091
918332609
922529137
645709089
1715313701
1715452967
1715387670
3861284102
3844509446
3828256278
3828272678
3962489382
3983493735
4008529637
4008447924
4008453556
4000080052
3999817908
3983175828
3966383501
3974763917
1827225503
1827221438
1828465134
1828465006
1820076078
1971072062
2013015102
1974285338
1957572954
1420702687
1420784585
1420612488
1420591576
1174176104
1467844904
3594431016
1446947368
1445898873
1445391359
1445449118
1446264974
1463091342
1461063822
307372430
317858239
317797797
308293029
320876021
287320517
270678469
274860629
283253331
279133714
10565170
10508066
10549026
77636898
94479634
111326466
111328515
1453563345
1453432224
1475394976
1429249504
1429439969
1998751169
1981988291
1981918530
908127602
639760866
639826914
1734532838
1738723047
1738786517
1738592981
1742795605
1667295028
1663100724
1629515572
1629564716
1680031533
1684149549
1692533053
1688354877
3852685599
3886347551
3870602623
3868493807
3868493802
3868633082
4007045082
4015433163
3977702747
4229331835
2081823615
2083929053
1815494109
1815414109
1819541597
1826631805
2091061351
2090996071
2041738198
2041607750
2073095746
2118184534
2113994726
2114321894
2136995047
2142946533
2008727949
1974124941
1978262413
1978197741
1979231789
1979236141
3858479407
3850287150
3816786974
3812531471
3795760399
3793524301
3792471757
3809183436
3809122012
3809394533
2719933735
2720855334
2725004646
2724988278
2725197302
2733514742
2750287543
2745567876
2746092164
2750365636
2716609988
2968265956
2964071532
2964267068
4037935124
4038870023
4106021894
3568610662
3562322278
3608447462
4279405714
2114108802
2114102658
2130880386
1862447826
1833018083
1817240295
1817306838
1685323462
1680957430
1697660902
1630551526
1666202790
1657871534
1655839934
1655839935
1655839885
1655911820
1653634444
584074716
592463164
623969597
606288957
606153765
606414119
619082022
749130086
1823966038
1838457606
1771349526
1809103414
1786034710
3933518598
3997015813
3997087508
3929978420
3929986596
3946497580
3946466860
3949661740
3941140021
3941143301
3932758277
4202176788
2054692908
2113417260
2092504301
4240312527
3703441550
1555974542
1555024270
1554832270
3450664862
3337417726
3337409118
3337601662
3622757103
3506300911
3573329319
2499324341
2509802629
3600385156
3606741124
3594174596
3593093269
3525968049
1915368609
1898587553
1894393269
1890269077
1890059949
1890117357
1923655277
1994958599
1919722759
573350918
573357142
539397494
1613139414
1613139911
1612893121
1612893121
1612737504
1612721120
1629499360
1663186928
593630864
593625744
597758965
664818149
664858981
664860021
669052167
656468229
656537877
623049013
622991653
622991637
610409733
543299335
568529687
597758502
580989798
581964662
581961182
579884190
852552863
851568799
869439887
869436815
861065119
846462623
846462943
845668174
853757278
920724846
400631085
392307757
392320317
375543053
1449227533
1449190717
1449190703
1449194814
1164211478
1156480838
1157529350
1151995394
1151864354
3299356194
3299354403
3433586993
3433718081
3454989425
3459220705
3460271313
3460218305
1316859843
1583132647
1583132647
1448906165
1981779164
1981721820
1981719796
1983815924
4131295572
4045836804
4029075988
4029072917
4028975733
4033698404
2959940452
2968263012
3014397412
2997686485
4071367109
4071367103
4072157614
3531089070
3510184110
3492685982
1345198214
1349404806
1357301190
1353036102
1889837318
1961140534
1952751906
1948366114
1948424994
1948420627
1965198848
1998751488
1998771008
1982939632
1982923172
1731331492
1701973477
1709378021
1621105015
1637902686
1637936462
1671487823
1675735375
1675854175
1634959855
1630582253
1611705829
1611701621
1611763015
1611826503
1697816855
1696784674
1730405667
1734606115
1726074147
1726056737
1726077233
1734605825
1730345985
1730409489
1730278433
1730204705
1717849125
1717914661
644696375
661473399
669866103
770562167
770701399
770701399
770697559
762308951
762174295
762174455
762174455
1835916279
1869478903
1735261047
1668283255
1668120311
1668120311
1668101879
1668095927
1668095415
1668028863
1676490943
1676507327
1672476829
1638857181
566164301
564124429
558694157
554495245
554499391
554695727
1629420583
1702816807
1836043383
1836010966
1827624407
1827608469
1685010076
1701787292
1701658300
1735211708
1734687416
1726233272
1654927033
1655711643
1672556938
1638937034
1621124106
1688267786
1684056330
1679927582
1684191550
1688386878
1705411870
3886317839
4025844493
4013335388
4013352812
4013320172
4010960364
4010960364
4006806957
4006675869
4006618507
4023395791
4023460831
3990041567
4258476895
4241691486
4241699610
4239480090
4239480858
4243806234
4260845594
2138261530
1580255263
1580266767
2050089229
2047951116
2119258925
2119689199
2136204199
2094195622
4241683334
3696378758
3562095495
3570694077
3565449196
3566528812
2492786984
3031750936
3032267016
3048062216
3081667597
3064890398
2801697854
2786952238
2786427950
2786505758
3860242702
4011254046
3977667439
3977323375
3960476397
3960472297
3964732137
3838904312
3834715000
3834723128
4103289112
4105640200
3568576776
2511613192
2276783368
2193588552
2193523192
2191438761
2526917547
2525794734
2529984942
3075248558
3038098862
2769794542
2769727326
3845566222
3879120142
3996298559
3996361789
3996251197
3996241977
3996176681
3996174185
4017213289
3982741099
3990997883
3990944603
4024495455
4024561023
4016227647
1869792287
1869857879
1836182615
1836182631
1836181607
1868810599
1852033399
1860553087
1726339455
1717692799
1717824351
1734597471
1684261471
1685310295
1685454167
1685384575
1685122429
1685454205
1709689213
1743243644
1727383900
1719008092
1718872925
1735650269
1702088703
1836172799
1836119550
1819402750
1819501502
1819505399
1818444535
1818313333
1818251637
1818262845
1826646077
1826842685
1860323609
1860585737
1726372105
1717954889
3865373657
3873757929
3873819371
3873820411
3873758939
3865376715
3865371610
3865567722
3882283370
3849770346
3833058430
3832933631
3765726463
3765795047
1617381623
1617382903
1617382871
1634032119
1633774463
1642294079
1642298143
1676921631
1658113311
1649733903
3797180767
3797410297
3866543097
3874999993
3858221753
3838925497
3837819592
3829428168
3829491033
3829486681
3989863449
3989858425
3992414569
3992381803
3988183803
3970352842
3971859146
3975987786
3979666250
3979666206
3979801390
4013351727
4013322543
4016391551
4016327770
4016310522
3990968570
3991099902
3992353246
3988159438
3988225870
4021577038
4004799958
4002902263
4007542935
4015931525
4011733121
4011729073
4015858081
1878274465
1872037284
1704271316
1708403008
1679042816
1679043328
1681271600
1618352673
1622542865
1623068161
1673266753
1939609283
1921779363
1921795746
1921808034
1921836706
1925506946
1925494214
1917166934
1648733527
1665511189
1632104213
1900470068
1879496564
1879463284
1611093492
1610948084
1615076852
1623525877
1640434167
1669794294
1669815286
1657110358
1648719302
1644454854
587588550
587593718
558155750
567068647
567070695
567076215
1640883573
1641014613
1641018644
1641006388
1641008437
1666186613
1666051541
1665658309
1934032343
1968066487
1951354791
1959223207
1959100086
1959034566
1975795398
4282728006
3730269702
3738658070
3734234150
2660363302
2660351030
2660740359
2664818439
2664756751
2664755742
2681729342
2677470318
3219113071
3178807533
4231577849
4231626968
4229595608
3961439704
1814031688
1813260552
1830103304
689318200
689121576
756091689
768673577
798163769
800129851
665981707
665260811
665059631
938216743
627964279
627964279
627947895
896384375
627948981
627948983
795721143
795721142
1869461942
1868937910
1726855862
1718467190
3878533750
3878532855
3845042903
2771317413
2754570148
2888631716
2888436148
2758678964
2767068564
2779659652
2780771719
2814321542
2814189958
3082560766
3082560558
2512137278
2646370318
2646534158
2646517774
2646521870
2511309871
3085729837
3221061724
3220865164
2950600108
2941617580
2937356716
2903622060
3977429180
3977433277
3960660221
3960728877
3973179695
3968985663
3985881631
3985881615
4006844943
2924581389
2920346117
3996643845
3996516901
3879011109
3882615084
3849126184
1634668664
1668103257
1676425465
1655511273
1655621883
1656133770
1656007050
1653911434
1649709450
1662292106
1662489050
1627820522
3775312746
3776356971
3759596077
3763761701
3765851925
3765712133
3760464949
3764662309
3764719655
1626738734
1622544670
3767931150
3766816586
3767278410
4035713290
4035909898
4035844874
4086233866
4069111754
4070093194
4139291035
4143485096
4132999596
3859325356
3876366252
3875927724
3858945700
3858912932
3993129956
3994183524
2922407204
2930830644
2930829621
2930813207
2928917014
2878519830
3955345926
3909110278
3892395542
3892452918
3893759527
1746603301
1752697893
1756892197
682170421
682113045
682104900
967321668
413723712
145276352
1491714000
1491714000
2024388592
4171871985
4171871986
4188780274
4290425490
4282036866
4279943826
4280092594
4246542754
3911002274
3910412454
1811232998
1790385278
1790316558
2058490126
2056336142
1501585930
1556128314
1543548714
1543551274
2093004842
2088806650
2143393930
2118294666
4131554441
4131815576
4065231272
3792561064
2718229160
2735076008
2802242232
2803029736
2815606380
2813373996
2813373983
2796596766
2787155518
2787151406
2803994158
2805108262
2805128998
2905828662
2905804150
2909933046
2943749558
2942765494
2925857206
2930051222
2795968758
2795984950
2812631349
2779045380
2767513092
2754929156
2755097092
2889290469
2889154725
2898005157
2896955556
3970762940
3971889340
3967166604
4247926924
2100438412
2133992396
2144543565
2140152079
1065378078
901832766
1421914158
1409464362
1409480762
1409480986
3561224474
3582122762
3615672906
3598894730
3733193354
3733193387
3737911977
3737653992
3754562280
3721339496
3704365628
3629392140
1479856184
2016448552
2031195240
1862379593
1845602379
1845729482
1845664202
1849858522
1849855434
1845659082
1845724123
1845552043
4009779887
4009894575
3976336045
3921807340
3918661988
3920693252
3920836612
3920832516
3918538756
4186973204
4186988847
4187083055
3914367471
3942679023
3942681998
3942689166
3942689158
3946887814
3947018918
3976641254
3959869154
3960456946
3960960994
2887212322
2897595427
3853632545
3870344192
3870318657
3864223937
3994181809
3993372065
3859156645
1715866285
1742146493
1742015389
1710504845
1710305231
1693655754
1689461322
884154890
884023838
1957753386
1959851562
1951459851
1947249161
1966316296
1995606040
2125891704
2126433416
2126200969
1525154189
1534006203
2034119338
2014782446
2014585710
940843374
960504134
968958414
998269135
998302095
1065657807
1069858271
1069850490
1070578234
1070594586
1071475226
400112154
1442462714
1440628202
1440615850
1430521322
1358954698
1090519242
1128419338
1120034846
1115809086
1116007726
1116003646
1116491550
1112261470
1091207647
1074442445
3234504908
3230376140
3498607848
3502802984
3490228520
3490556712
3542002200
3525224968
3527343627
3531473419
3539534393
3539665704
3535413544
3522715948
3495453664
3495477888
3494430336
3503134339
1355646642
1355583650
3511984290
4063658162
4129722562
4129723458
4129728578
3861358609
3794266400
3794201124
3815131684
3789882924
1633948189
1612980763
3760464426
3764658474
3768909866
4038000683
4106092767
4106159311
3568856197
3501783175
1153206439
1170004150
1170110934
1157513026
1090397698
1090397698
1090396722
1088168739
1079779619
1092367523
35603603
35556483
1111394691
306154881
1918213041
1984215713
1724165792
1736748640
1687457316
1685364268
1679877677
3827574317
3844552239
3978760495
3966174254
3970239526
4238608434
4238608386
3707054082
3694487810
3694651906
3707143474
3736502498
3736502418
3735453825
3735457920
3471111344
3391401120
3409226212
3694586148
3711363348
3715558660
3723875589
3723871028
3723993892
3723998068
3713504980
3713375956
3708141268
3741826757
3607553733
3595978695
3596027319
1936987303
1903443111
4029954215
4027914407
4032170117
4032716228
4057912836
4055671348
4089225764
4072448548
3535315501
3602428719
3585655166
3573022958
3564702958
3560573166
3559524590
3559532894
3614059342
3597282061
3593416460
3324913420
3326001676
3327951404
2543624748
2493293100
2493289004
2493350453
2493350691
2493286242
2623310242
2621426082
2620127394
2636806307
2653558945
2653557136
2653565888
2658804288
3753779776
3753697895
3719604006
3702831406
3715139646
3742402566
3741497358
3741493262
3741494287
3742559247
3742516303
3744858206
3748012902
3736543846
2662670886
2663133734
2663125606
2528908899
2260213473
2256042944
2268658048
2218453376
2356850560
2365253248
2361063040
2612580065
2600225378
2591832358
3660331046
3660068902
3660265534
1479161870
1479162894
947528974
955975454
954793710
686337790
686337950
745053598
745127070
606714047
623492287
657194173
590036157
588919977
587873513
575286825
579537451
579078683
579615242
579611146
646720010
916200971
1049102091
1036715273
952766745
944383289
415900989
407392125
944294893
945335215
947432895
426358206
409579934
418099638
150647730
408600242
408664818
1498196498
1246538514
1254471986
1322694707
3470163011
3397258305
3397258433
1231687105
1224416993
1217998369
1217932837
1486366244
1490560812
404227373
404251693
423162893
423141645
455651789
455639437
459903901
443135935
1525268407
1516878262
1600895414
1567276246
3699031238
4233802950
4107978198
3034301926
3033391079
3050168061
3041722101
3075276501
3071071957
4048377492
4048516757
4041172917
4041172469
4041047205
4049426597
4078722196
4062018752
4062111184
4066284144
4074672672
4070543920
4074549776
4074537232
4066148385
4068209703
4047168615
2960024806
2959760582
3035237510
4108980150
4109905574
4126699174
4151846646
4151129806
4117504718
3496814286
3496881999
3505327391
3505199165
3589023869
3355192445
3623183637
3606499605
3619062549
3585442613
4106003261
4106004253
4110061343
4097476894
4231694622
4248473054
4212688030
3927504047
2853757101
2866442728
2929591020
2912355036
4258726604
4258669260
4258670284
4120127981
3582212270
3582204070
3616938166
3621651590
3615424646
1446576270
1178280334
1467671434
1467656141
1416272700
4108950316
4108888364
4104694316
4108889672
3832062664
3827888856
3878306488
3861775023
3861779182
3861119334
3873447974
3869245478
3869454358
4138033158
2141511686
2146197511
2100051981
2083472396
2017331532
1478363901
1482566367
1490954958
1490844366
1574197902
1607751054
1591009678
1523376318
1250844847
1250844837
1317937380
1313735920
1310657616
1161721856
1143929600
3303442960
3567619616
3568604704
4103120417
3163596322
3166742114
3204620002
3054669554
3054750354
3054816947
3054788259
2786360737
2777967777
2763345058
2896616690
2896622610
3169231874
3156664322
3206995970
3190251778
3056936242
3057071906
3070101286
3065776102
2495088038
2495362190
2495493263
2499687567
2229214351
2229107869
2229136892
2279599948
2262755084
2197803532
2197602876
3262960168
3262968360
2470236715
2419955242
2419834474
2956638858
4030380938
4028338058
4040726202
3891831481
3866735240
3861566089
3794453129
3794623915
3794561258
2724473066
2732927226
2749767818
2716213386
2963669387
2963686377
2963792620
2963596900
2960453152
4033175040
4033826304
4033623889
4058785250
4075558114
3605398754
1449526338
1445331970
1445331970
1176843314
90973475
78390561
78394641
78526401
95301507
1337884291
1325288322
1315883970
1315817842
3324304674
3345260854
3349979447
3316420902
3450634542
3450385710
2376657198
2380855598
2301184302
2335852854
2335886598
2386203398
2394596103
2663023444
2662892532
2667086484
2671280788
2671421060
3711610500
3558517380
4095405044
4028295652
4032526437
4032497775
1912539263
1946094717
1920798941
1920807052
1914646668
1913598140
839725484
843842281
814481979
814423562
1888119306
1956309514
1958455818
3568937530
3707284026
3724060235
3757613769
3715662536
3694760696
3694846632
2621072296
2491031724
2497385645
2426145959
3516730519
3521002630
3554552982
1398613430
1398616471
1383927943
309801101
325525725
325525549
56910893
56948029
56665369
39955723
40086795
40085771
308451355
309757993
309824553
305569801
304521293
1378263500
1395556748
3492709292
3492777644
4033186476
4041579108
4037390884
4037337636
4037337653
2963596086
2980340006
4033637478
4029434022
4029565074
4029601922
4029611138
1903620482
1940312514
1940230147
1675988997
1646571556
1663347748
3810830372
3810978076
3815168572
3824077373
3824012959
3815535247
2720821903
2724999835
2733380011
2745979119
2712432879
2695848061
2700042253
2956946445
2956883981
2956880141
3028183844
4126022372
4142795460
3060729476
3060597388
3061383837
3065729711
2998494190
4072203238
4071155046
4071156774
4071156758
1919446038
1915229206
1933116438
1899626718
540673535
540673701
547227317
545523333
545264271
830473165
834682893
272707596
269627404
269623304
271722008
80883240
76684840
75500040
125831691
43469514
50235850
107842010
120365034
19444718
6927326
6922694
6992070
3059911
3055763
53387443
304607411
304432291
304439203
316144295
847538855
847538863
847539871
1401212554
1405404874
1408685834
1407608126
1105552431
1172595751
1172792339
1172713745
1206325537
1207697952
1188889104
1183465988
1187668484
1196037644
1159400988
70781228
70838313
343451755
813212794
544781386
538477770
555255290
571445098
571447914
571390506
571457050
572318218
641475082
908984682
1982468330
1995059374
1990865062
2007642246
1957311622
1420508294
350759302
484977303
480983735
481245927
481049127
1017409077
1021636117
744793917
762095421
762229789
762221597
758940717
756868141
772546605
772608124
772673644
772149800
1048973864
914753128
914361032
914385544
276883848
8833161
8800398
12731534
68252078
70308462
354599534
372440822
374401734
374401154
369124483
369229953
369229956
353501572
340918956
346227244
346042920
882910760
882912809
887107099
811605770
811928858
878971930
895747082
897319946
929824843
896352331
904910155
904904011
904903147
904772011
1072537019
1055888778
510627978
527282314
523088058
1059401898
891515050
878858730
350384699
363003403
364046857
399567401
315681129
302045385
302044297
306266249
306364873
331776873
818316073
819896873
813605387
812429082
275548202
275548202
271878254
271947998
288781510
322318470
53875078
41288355
312881889
312947425
295969344
279192128
279306820
279422468
300387852
334334476
309108536
304917801
841786411
841802795
859571290
809370874
876485802
880682410
348006330
347546271
345248399
345260687
64013199
34783631
34798991
38977422
45284022
112258734
1185998510
1185998766
1206968746
1181802987
1180951593
1180955708
1180787756
3328472364
3328471332
3324342580
3341177620
3236844036
3232629316
3232629381
1085080246
1086068390
1090267814
1077684646
1076631718
1076770950
19277966
36105422
36085838
304521231
304382221
304390445
308584749
325362735
275102759
276147238
338996258
336913490
339133634
339134418
402015890
384190082
379995778
379967171
383841105
383836449
375447585
375447589
376463397
353379365
335556661
335753492
339882756
348262916
345376276
345312828
1085626940
1136515789
1118677647
1114475150
1110216334
1110213534
1109692846
1382347178
1390702762
317087978
333865003
325476361
1902469400
1885662520
1885858072
1885780760
1885772296
1898285769
1898749577
1932296843
1932296858
1936622522
1911484842
1906761962
1906761962
1374119039
1348824399
1348959495
1365658965
1365724503
1365712375
1407661559
1407595991
1407587799
1390871031
1390687735
1382295031
1382311927
1399158743
1399277399
1399179223
1407575511
1407708503
1407712599
1105583479
1097194871
1097100663
1097166199
1097334099
1097258323
1097254227
1105711955
1374139253
1374004020
1374008084
1441109780
1432853308
1164294964
1197861684
1198356789
1198478390
1198067766
1147883558
1143619702
1417298070
1417333894
1423633286
1352313491
1369160337
1392287361
1383908996
1378140804
1378173845
1378300837
1378165159
1390682535
1369781735
1369904471
1369732359
1373955335
1407509783
1399321877
1399248133
1399772433
1466716449
1466724641
1164914961
1147801861
82444551
82445079
83367719
83373861
83684133
343718693
343907125
876448005
929863941
908954628
640581645
640581653
640594005
640069845
640086181
640053415
641147047
640951207
578028198
551879330
547819154
547764930
816196098
816261634
279718402
279719446
61662726
49194246
107971842
107515170
383290722
383301730
383302755
1046061137
1041932352
1044033728
1044033728
1044033760
1061072352
1027467744
742255536
620583828
633162678
633150886
636760502
624177558
557126070
539362230
543572662
547878646
547663415
547662389
564439612
597993740
1646573580
1646376972
1646304268
1647738940
1712767276
1712743212
1719083628
1710568164
1688670869
1692800654
1692801678
1692666814
1692666030
1692670126
1688411278
1974608014
1974608078
1435509006
1420829470
3571736846
3303501086
3303463215
3299277101
2225527597
2243939100
2258493260
2260590476
2264778628
2255374212
3324904085
3324908211
3464442787
3464242147
3464245538
1311002914
1294258178
1277604866
1277602819
1277603073
1214679296
1215793776
3377855008
3411815968
3393988128
3398181664
2592629027
2609504294
2577121382
2562248166
3640167398
3359410898
3625884354
3624315586
3624250947
3624198737
2013299040
2013364321
2026279153
2043076801
2051466368
2047265152
2047265168
2047859107
2051893410
4208208098
4204084674
3667342598
3667202326
3667136550
3667157030
3734265894
3734364214
3600740645
3602838052
3601367588
3605562236
3492316492
3492462788
3492474948
1344980800
1346033248
1880878692
1892215396
1892182645
1917340359
1443547527
1443560579
1581965443
4276011143
4272865415
4272869527
1554772926
1554644718
1558805102
1550346790
1546136098
1546136082
1546137363
1567122739
2129191137
2125123808
2125107328
1592426624
1584038016
1446759568
1597761968
3694750304
3707583012
3702331940
3584833068
3567526447
3568575014
3569159462
3567155222
3567183878
3506305046
3560475926
3577446662
3594170630
3592069127
3591934052
3590898788
3590868452
3523742116
3536468909
3532271533
3532267455
3616151439
1430921615
1142563214
1144726406
1277895607
1281958695
1282156326
1281637638
1147627782
1147468054
1147468086
1197914374
1181138758
1324254086
1321042839
1318888356
3465322916
3465322924
3469518188
3460078892
3593177388
3593111821
3509233935
3496652038
3500842246
3500854550
3500786742
3504895222
3492290726
3492290726
3510317218
3529180067
3536340641
4069314224
4069314180
4081368708
4078415428
4114001668
4113477380
3844909333
3844910365
3878599964
3878589740
3844903724
3829187109
3833201205
3833471607
3841860199
2768060261
2758543717
3026978900
3077441728
4143851584
4139656192
4139020561
4139045127
4139053830
4134990614
3593922406
3593915750
3728001254
4285832358
4101354893
4101412812
4101423820
4099916360
4099732072
3036472168
3053249897
3053354299
3026864458
3026864590
3027065310
3028053422
3036436398
2965259934
2965271199
2965316255
2986091167
2993431223
2452358823
3526102182
3530365094
3538233510
3534170359
3534126087
1390866439
1382412291
1378131987
1361354786
270967090
270966034
1952877826
1962838018
1962903619
1971305553
2000528432
1983160352
3862274336
3864503840
3889417764
3885222420
3885091356
3854625391
3770707694
3758108334
3758110606
3758425486
3759607230
4057926830
4087155879
4070378677
4072553605
3535154375
1399221251
1361341698
1076129058
1080369458
1080439570
1147556626
3295630130
3303993650
3299792130
3316567107
3333392513
3467479184
3467418000
3463248336
3325849072
3325830496
3342607328
3309253600
3577676704
1466767280
1399730049
1114007425
1122420609
1123533235
1123414435
1400156579
1365549543
3496010023
3496011567
3496079167
3504602943
3504757279
3504740894
3504806430
3521452862
3286572862
3286500670
3288073534
3254521919
3235123263
3234136119
3225767991
2151970166
2160358774
2177125746
2210909554
2194071010
2194077170
2194011378
2193937587
2193900727
2277790133
2277863861
3309659565
3309791149
3444015021
3427101597
3443813005
3439684559
3439815627
2370038606
3443780878
3477202206
3468800318
2395058486
2390864374
2390864823
2256909221
2262283172
2253819572
2235468420
2151582404
2150554116
2150521357
2154789695
2162976046
2175590446
2460807214
2460794922
2460778730
2457632938
2468184459
2501293451
2483465675
2483465691
2483476859
2483484763
2622679051
3176262681
3220268121
4210127992
4201862504
3681617384
3643869144
2551388105
2551394265
2618502907
2621648621
2646816509
2390831836
2390774476
2390815436
2390811124
2390811876
2260784229
2253442087
2267434022
2150501686
2154708790
2163093046
2162638358
2162652694
2163503638
2161439287
2161431343
2161422653
2153029721
2148840537
2148894809
2165803225
2198247643
2449927051
3523668618
3527791306
3531883210
3515089611
3230011977
3235258921
3226870056
3226742824
3226737704
3227273240
3226245193
3540957387
3608066250
3609102730
3608972682
1444721050
1459389370
3600712378
3621704447
3579732717
3575521892
2621189924
2621258020
2625189925
2646550551
2680039430
2394831878
2394882054
2398945302
2394886950
2394890790
2392662631
2392089191
2392089341
2396313557
2387920277
2383793557
2266484149
2215042487
2214770055
2218960263
2227347855
2244272573
2277815725
2252649901
2248521212
2518130012
2534840605
3575027981
4248222477
4285966605
4294356253
2125968445
1861522493
1846849581
1846837292
1846984748
1779880045
1779847405
706106857
727141883
735517659
802237387
802238431
802370463
769069983
1039471263
1022694043
1022702329
2096578265
1962359513
1421163213
1421159117
1437887181
1435795407
1440011615
1440007502
1475773710
1476309310
1459527974
1458413926
1450029175
1451208903
1463779527
1430225079
1413340327
4097698223
4235717295
4244110063
4239744751
4122279645
4260685789
4294238589
4285583469
4252102772
4252201076
4233258356
4233248629
4233576023
2622962198
2624929334
2633307702
2633306678
2629055286
2645569830
2645561407
2408849471
2257855551
2262055033
2253720041
2251688889
2268995257
2239640201
2231308937
2365129352
2360881752
2365072168
2355651368
2351722280
2351753513
3425495354
3442268426
3443050762
3373845834
3357119454
3357258398
3357184646
3363472006
3371869074
2292883874
2292883635
2376766673
2414575856
2389229664
2389500256
2389698128
2389593620
2389658228
2390547045
2390026725
2390026477
2396912717
2413728847
2413793615
2407387951
2273112623
2273014318
2239369750
2247758374
2247636262
2247638118
2230851686
2222536727
2239379463
2212116485
2194308356
2190468356
2190270772
2194460709
2269954149
2215428327
2215592103
2215531958
2353954710
2362408630
2361786022
2361786103
2286010311
3372332997
3674322381
3657672013
3657606477
3657674573
3657674623
3674322279
3674330471
3640856631
3624022039
3624275990
3360034870
3435533094
3432388198
3432908359
3435071173
3317434053
3317434068
3355203572
3346823156
3313334228
3313498068
3313498076
3346519932
3354908029
3354785149
3488900479
3480548470
3480536182
3476542694
2402745846
2406936022
2255665094
2261948358
2261947223
2257683253
2257617701
2256576805
2256576548
2260787237
2260791397
2277754095
2237023471
2216627710
2216626174
2216560350
2354976462
2362910415
3436521421
3436212189
3427826101
3422575029
3422772615
3439488391
3439486918
3322077894
3326538326
3334918662
3331248711
3332305604
1117319908
1121510116
1108931308
1125696492
1092142056
1074381112
1074447676
1079954717
1082060047
1350478863
1349954571
1348971529
3581250632
4158098648
4141325528
4143423224
1987424872
1983177256
1999970876
1949578045
1953828910
1953837102
1953767470
4101315630
1425410414
1475746766
1454832326
1453640326
1185714054
1202487446
1156370598
3296326118
3243926502
3260687074
3260687058
3269080771
2193249089
2193478128
2459738592
2459738336
2459738276
2479666612
2437711516
2416805564
3490038509
3490660974
4027454014
4028506650
4030096682
4051003434
3820288059
3818702857
4086073545
1908704392
1883537800
1879430025
1879143051
1879208682
4026684270
4030915886
4039371070
4040222734
3788814606
3822361358
3806235214
2734591694
2793322142
2793190079
2789004015
3056390895
3056423655
3006079335
2708217953
2691444833
2968326257
2963673201
4037414980
4054200388
3584437325
3584498509
1559497247
1559509543
1549023782
1492396582
1492397318
1492389902
1508130823
1525071877
1517719749
1511428544
1510183344
1509993888
1514186912
1514187169
1526786531
1476475751
1476541046
1480736294
1489122854
3632465702
3649049894
3649053767
3682626631
3414211653
3414211909
3418472309
3418470373
3393426405
3393425847
3389165975
3678572695
2671940767
2672014511
2638331055
2638675103
2487672717
2505493197
2508115679
2507953791
2541516383
2541249115
2541318939
2541449531
2515489067
2515358779
3572456473
3496962061
3513612349
3510458493
3510060237
3541549517
3545756559
3545735838
4057375454
4048986830
4047941599
4047813103
4047804653
4081354925
4081441949
4082038159
4145439647
4151734958
2004244142
1995918950
1995787559
1994415121
1986028545
1981834241
1042440192
1059254561
1059509027
1038534435
1034342082
1067961218
2074594178
2078660994
2071066754
2071066867
2045865187
2045783265
2045783525
2079335916
2060658684
2060654316
2060670700
2060539605
2068903877
2102454095
2085875023
2085804302
2085870398
2096167470
2096163438
2096294494
2094190158
2094517887
2094321197
2094333740
2102785308
2099115012
1864233988
790492180
790422564
772662372
705623269
726047925
726047895
726113431
692436183
692559063
688362503
688321557
689372213
674683941
678676789
694372631
694372631
795036471
787828535
787840823
787965719
787969813
788002612
788397940
786296660
803209172
803200980
769511285
769514869
769523047
761134375
761126183
744356151
752876343
1826618199
1822423894
1822292310
1703542134
1741282534
4148780278
4115234038
4028333558
4032520182
2969259766
2696761078
2696795830
2763904678
3032282798
3030181551
3034377917
3024420573
3037002717
3037027325
3070654973
3074571133
3083022175
3082891103
3218091326
3184606526
3175292190
3175292190
3183701278
2646828830
2676454942
2676348446
2659507742
2663697951
2656325247
2652130943
2585223039
2589359471
2597774575
2610296061
2614416589
3117454541
3092354444
3088293276
3088496828
3087448252
3087510012
3104157660
2869274252
2852577932
2852577996
2869322476
2940671981
2915306925
3969124517
3839105205
3830716593
4099213457
4095089793
1947608193
1951539587
1976710034
2006057906
1991460802
4142976834
4141918482
4142181666
4137983266
4138173234
4154892806
4154892837
4288983588
4247568940
4230795820
3962363180
3963590700
3963525164
1826002972
1821812748
1838589963
1859554314
1846640718
1846595806
1846669566
1712468142
1714565294
1735460782
1739655918
1671891702
1672940038
1672886790
1941384710
1907696134
1372922374
3520398118
3504079206
3230400870
3230402006
3230401998
3230412254
3230494206
3247439326
3280899534
3264122319
3264125391
3264063901
3263999149
3536633005
2517402860
3055386732
3055452220
2788864028
2788860700
3827999284
3962217012
3962208820
3828073013
2754134759
2754368423
2754352550
2758544550
2716600487
2746038519
2712545335
2713594119
2713594630
2696816134
2701074950
2698859030
2698789414
2693579310
2962014846
2978792014
2982991454
2974604143
2974726511
2748233837
2749282397
2732505164
2734602316
2789192780
2789183564
2923335772
2921263468
2854121837
2854187877
2839229159
3900388087
3899331223
3907719815
3907588999
3907532183
3908576423
3904382119
4170720439
4170720469
4170720325
4170786053
4170131205
3696125445
3691404855
3691400743
3691466295
3695660822
3712304454
3620033990
2273596870
2257337814
2257395046
2261585254
2261652518
2261667878
2257510454
2258608215
2526916820
2528940276
2533131492
3074197732
3073673700
3208026596
2939599348
3994461252
3994460357
4011253959
3979817430
3963040678
2889168806
2825653158
2829847462
3116112806
3149736910
2610899790
2610899790
2308908558
2308911631
2308768557
2310800172
2310800228
2310800380
2310333084
2306122412
2285221548
2350092205
2348992919
2348992967
2365712398
2411816974
2390943758
2391993358
2257753358
2260107550
2263187759
2263646503
2264695271
2398991543
2390602901
2386330805
2386334885
2653797541
3727600789
3744377029
4281772485
2100738373
1966455133
1966401757
2000020733
2000118015
1967063207
1950285990
1954480294
1953432050
1953432306
1424822834
1420637731
1420633637
346891797
78458373
78392836
74194436
209454596
209196340
209248548
209232181
226079045
1199146447
1450149839
1450151582
1450154686
3597515454
4134387390
4134381230
4130120430
3057431278
2789061614
2789126639
2789138927
2793403439
2801781807
2801695007
2793352463
3078563085
3078563613
3086816813
3053192749
3053192749
2512127549
2495354237
2493265021
2426151037
2159812700
2159816780
2164019276
2164051404
2155661789
2155731437
2155731437
2172516589
2201868543
2187262159
2187261327
2195648911
2194596799
2194531246
2195519142
2195513254
2203896726
2166180807
2149473029
2148956948
2155278100
2163729940
2226578180
2226496308
2226434860
2231141932
2355923565
2351729391
2351799023
2638200575
2671703007
2669601247
2673795274
2648629466
2648535290
2648196586
2505656810
2535279546
2518637466
2520742282
2520672394
2533358730
2529023114
2529022106
2532241642
2251186410
2251219162
2267476298
2489774922
2498146842
2494018366
2493822766
2493822822
2494870886
2490670567
2486476263
2487090421
2487106693
2485009541
3021872309
3028170215
3032429542
3032298222
3032244990
3029624542
3029659342
2496977615
2501167565
3574942173
3608492252
3608227276
3608290756
1460810180
1473380852
1468142069
1468035541
1468032324
3619745028
3352488196
3344365828
3310799108
2239121684
2230603044
2159306532
2157208108
2157244972
2157236776
2240070185
2241119853
2279395055
2273102510
2268863166
2267888318
2200911294
2205037758
2214473918
2209816766
2178953406
2170556574
3223438542
3240270154
3240274186
3542264074
1377937418
1377871882
4066478090
4075260938
4066803722
4129718298
4129726510
3056590894
3039716654
3022925078
3161333559
3169783525
3165392557
3166449325
3181127325
3180095117
2676286877
2676016285
2639299775
2637206751
3157521627
4096976331
4096944073
4096926297
1949447737
1953699353
1953564169
1953506569
1961894939
1425226794
1425263674
1961920522
2113177866
2127857930
2128451850
2128317770
2128250330
1582993818
1580888987
3728351919
3694797486
3694797487
3707445935
3703051175
2627473830
2361143398
2359566342
3433308166
3299091734
3299177766
3299230767
3299230748
3336979724
3324429576
3325003016
3324872536
3325005720
1177333145
1177333145
1391234490
1403880634
1403695258
1403695243
1945821433
1400496168
1428021545
1411294761
1411296811
1948105227
1950136842
1950124554
1954515562
4256871805
4290424924
3199905868
3204370644
3190714532
3190694048
3074302369
4148047523
4122749602
4055636642
4038855334
1907624598
1945384326
1932796046
1395925199
1396170828
1396039692
1127593224
1127516985
1131711279
1140640063
1119877398
1119546694
1119547846
1119535502
1136296886
1106950071
1165666759
1198438725
1181714433
1449953296
1378657316
1378656292
1378721844
1378873380
1378803812
3492424932
3492416436
3496676020
3500744356
3500750564
3500749540
3500684007
3500679870
3517457326
3552330926
1383910586
1394460890
1396676826
1363064842
1363078154
1345236747
1349488393
1353488185
1353508665
1441292635
1441272270
1424622542
1420428010
1554649834
1559896682
1576545834
1601710603
1316546827
1316591627
1182500939
1181321355
1181279370
1181270154
1173275034
1152303770
3299791530
3303989930
3296518830
3296520102
3309072295
3346294167
3287705543
3286685639
3253636422
3522140470
3572275494
4109154598
4126128439
4126062597
4159609860
4150625284
4146368532
4146393124
4112592932
4246869092
3156352740
3166113444
4236524204
4253297260
3197381180
2662623757
2663180815
2663164439
2666375974
2653735206
2654784518
2654891015
3727568071
3710790791
3698199943
1554910854
1554843318
1554854566
3701744294
3702792623
3698385005
3693126697
2619386120
2619386376
2619386376
2661390872
2661464584
2662512137
2662519307
2662744554
2667315370
2683830442
2506757294
2491035022
2491034766
2222468286
2239245486
3346805950
3326033038
3325439118
3325521038
3275091342
3278940558
3283204549
3248655172
3517352708
2431032068
2422646276
2422641172
2422702644
2430898724
2430919205
2430886438
2423010086
2418806054
2418804966
4029548710
4034812086
4043237510
4059998342
4069961095
1928758149
1920369540
1914799029
1914757605
1914724709
1914709287
1914907943
1923242279
1923500323
1923533105
1923599361
1928133633
1378673665
1395581121
1362031747
1345193090
1345193906
1357844130
1352998562
1353006754
1352937186
1369714370
1369714262
1373912422
3521609078
3521534294
3521468887
1365528023
1365536213
1365536213
1348892629
1348883412
1357271924
1365603172
1365537580
1361343293
1361342781
1365531945
1365530937
1357146393
1089267993
1106176267
1097792843
1131332938
1131266510
3261911518
3261395438
3270828526
3266635246
3283523030
3282472327
3248922517
3521555444
3546595172
3525615412
3525623092
1378133044
1378349108
1378250804
1378295860
1378099236
1361981548
1349399544
1420693067
1420691978
1420642842
1353513514
3504646954
3508841274
3508594506
3559051978
3572646538
3700556458
3700630189
3700434348
3700435428
1425017060
1411385412
1344408004
1344417220
270673284
19063173
389063095
374382818
381719650
382769186
317765666
317827106
1390520371
1122469891
1114541059
1114293571
1110078338
1126843026
1349141154
1424847522
1420608178
1420608486
3568078118
3500980263
3496781877
3559188501
1411897365
1411848397
1428563084
3580232588
3585213100
3585229476
3568333476
3567313508
3563120148
3563121156
3571509764
3588450821
3605150279
3596750550
3592816374
3592750566
1449406702
1449140350
1466163214
1466147854
1461758991
1444980799
1444980783
1446029350
1444133958
1444053126
1443021238
1443259062
1430659766
3570279058
3567126162
3233746594
3232242594
3232246690
3236441042
3253480310
3253497718
3253501815
3287242583
3278821123
3278817091
3278231377
3286562801
3278237168
3278306417
3244727377
3311896657
2271590481
2280106245
2271656725
2267519541
2535755301
2540477988
2532093472
2527979056
2527819280
2531802656
2452102625
2452098209
2418674867
2422869122
3500803202
3232628866
3232497826
3232507303
3240422823
3274477511
1109699399
1109764871
1126673157
1105632773
1369874180
1374068492
4050034492
4049906476
4150569788
3890723604
3890659093
3890716471
3878467366
3844927782
3844346726
3827696038
3827696038
3831891366
3837070754
3851696562
4120127634
4155779458
1403268546
1407528387
1130716483
1130724610
1114528002
1181636867
1181694259
1181493539
1181498675
1315853587
1315590914
1332401926
1290454982
1290391174
1290390422
1290394022
1290332582
1156082086
1147694502
1147694503
1164473783
1198093747
1198216595
1122719697
1122762705
1122762193
1123016017
1131405141
1130749781
1097326423
1105649495
1105649238
1105714039
1080327015
1080310629
1080310068
6757636
23469316
291902740
291844388
358883620
358900020
69656893
69595951
69506862
69511983
87341887
123583293
1188858684
1183418204
1183482572
1200259724
1167782536
1155162760
3428542123
1276668586
1280866794
1215875306
1509738602
1522321418
1521986570
1526177802
443973659
439529485
993177613
2065076228
2064101600
2047124897
2047143331
2047110562
2047094182
2118467494
2110144166
1954946726
1954941574
1418136198
1418996407
1421097637
1348737700
1076104900
1076310852
1076290308
1076359957
1076138277
1080069408
1080072224
1088661552
3303254032
3349653760
3332816128
3332822721
3332817539
3265708690
3267282594
3539771042
3531381154
4064053474
4062676998
3810961414
3781601285
1617341444
1613085748
1613020196
1613020196
1680260132
1680252196
3827732004
3828338213
3849176823
3849180927
3849125615
3849121775
3849083839
3857664767
3891223261
3891232669
3891029405
3882640541
3882706077
1710191773
1709659321
1709596091
1709604315
1701215707
1835492427
1835361370
1818255450
1826709530
1826877722
1826865690
1818482202
1818361370
1835134522
3991009850
3990936186
3991994058
3983599242
3966822026
3966890938
3967009195
3841048745
3856777465
3857171576
3857120284
3848727565
3848727565
3982945317
3983013159
1869038903
1869037847
1780945367
1780889527
1780946597
1784745637
1784680101
1794138020
1857054644
1854988788
1855054660
1838211589
1817240077
1813046799
1681096319
1681005294
1679956910
3839887790
3768847534
3769828493
3767739596
3771739404
3780143372
3809536268
3864259364
2796727076
2796728116
2796979972
2796978951
2813690422
2708767270
2688336486
2686207654
2688485030
2688423590
2687250086
2691444662
2699823238
2695370882
2695567506
2695526450
3769302034
3769280514
3769214979
3786189056
3807353600
3794705920
3794699776
3861299712
3862316000
3862172064
3862176929
4000586913
4021631155
4021708929
3988158849
2897673089
2895556289
2895488519
2897520183
2910119463
2939479591
2921621031
2921672493
3995473197
4009165868
4004840540
4006943820
3990301773
3965593677
3839769439
3837680351
3837778639
2763824847
2767492815
2759099087
2771419871
2807223935
3063086958
3063048678
3080071654
3050637538
2486962418
2487028946
2491028674
2499421378
2495226946
2512004418
2259299586
2259418883
2259259137
2263649872
2255273504
2255284768
2273114912
2220743460
2162059556
2162109733
2178170661
2170294071
2172388151
2172457767
2155753767
2164195367
2161901686
2152464582
2152469702
2160883910
2161109326
2161092974
2169420655
2182019917
2183027533
2189316940
2192429900
2193412972
2193404396
2193400300
2197594605
2178716071
2170388918
2170524086
2166330806
2165939126
2199509750
2198747863
2181970503
2181966343
2186160391
2207132695
2173575175
2156797958
2156802054
2156855350
2157710626
2161921315
2161954149
2170343765
2203955660
2187170188
2195559320
2195699641
2187311785
2187311787
2185083819
2185075131
3242113163
3224288459
3224282123
1076535305
1093313545
3261705512
3257445161
3257445165
3256396077
3255352605
2454291725
2445968847
2424997839
2961868431
2962929335
2696724135
2698821351
2685710055
2684652071
2684652071
2701310503
2684529447
2685594407
2685589863
2755119607
2771864055
2775012823
2774742007
3882038269
3882038141
3881906972
4016059676
4024445212
4007733276
4003936380
4003928316
4003943624
4003745992
3999551688
3978445000
3978452424
3991075432
3986877289
3986745834
4020283562
4020282506
3978330250
3978461322
3978477722
3979535274
1832051370
1777459946
1773197871
3991993150
3966789902
1684039950
1684416990
1684933262
1710098062
1635451534
1664615070
1731732142
1719149486
1739071910
1739538662
1705296902
1705281542
1705289990
1709484294
3848780550
3983457031
3966679557
3962209812
3911877156
2839052836
2870518308
2869487396
2852775268
2852803940
2858287588
2877227495
2834235862
2829980614
2829985730
3903786994
3903588834
3903592678
3953409270
3940904135
3933662349
3929451660
3944122764
3909331900
3896617644
3896552109
3892360895
4010836698
3994075898
3927077615
3927057007
2853380655
2859479599
2884895531
2846097499
2829847643
2829588570
3098220634
3098163403
2579114187
2377722059
2413313355
2396528970
2396730330
2409247722
2409247727
2409518063
2275197351
2275200423
2279401637
2252118245
2252245189
2251212869
2267966465
2234392837
2222863159
2224894503
2224829167
2224300719
3298042539
3302253481
3290203049
3290205624
3558771080
3557730760
4094601224
4111312904
3881674761
3864897545
3862406155
3862335499
3861282825
3861283627
2787562027
2926994030
2935296750
2926843622
2926847982
2926851246
3061122238
3053329566
3030268298
2493389451
2493454985
2224827080
2226924248
2226923484
2226925789
2226467037
2226450687
2226163951
2230354414
2221966831
2220988919
2216802775
2217859543
2217957703
2234652935
2251430151
2254578951
2262966535
2392994071
2392920359
2393911589
2393908517
2410687781
2412779876
2280672100
2280705012
2272369620
2272496628
2272497653
2272378869
2272374711
2272374711
2272377767
2272364967
2539751927
2519173591
3057031511
2805377287
2805377303
2803805975
2770251575
2753476159
2753463854
2753463854
2753486638
2889739566
2889668927
2888092031
2892352383
2917650303
2917652191
2918666975
2918544351
2910086047
2910086591
2893897135
2892843198
2892454046
2892462238
2892201118
2917324190
2917324190
2950850526
4024528735
4017106271
4000327967
4000524574
4017228606
1734479742
1734412286
1743004606
1738875327
1738870975
666173621
932446357
897843333
344204487
75556870
71338242
72583426
5410054
7516422
31908110
44450061
44957964
44830184
41708456
37514152
303590312
303624104
307806600
307806345
307789963
307806443
305750250
289285354
271459790
275653326
284058190
280842798
347922990
347398958
133476638
57973822
309631038
309823807
846629133
845056333
845057420
576689292
1667006604
1614708876
1614712972
1614193820
1614261740
3761548141
3828673071
3849636654
3865382698
3999610170
2926325770
2922127374
2943296798
2913871662
3098414638
2830043838
3099343510
3097291470
3097012943
3181161100
3181161100
3176970940
3040709260
3040823948
3777891996
3777380012
1629629869
1629498542
1706036398
1706245342
1689332750
1957701646
1419782158
1151428622
1155652366
1168329502
1202932702
1184255886
1183200142
1183195581
1183130028
1199845804
1196703912
1194619064
19253496
19388696
19097864
19097864
287538440
287461641
367153417
367083785
351289625
350277931
341959979
341962027
342011147
275953931
275941643
324111723
306423211
306357131
306353035
38241162
38045610
38571946
1120713706
1137617198
1137356046
1104913670
1083810054
1085924150
1085990678
1085961731
1085947584
1102646960
1131941792
1110969760
1110973600
305671328
303836324
302785684
17703300
4587925
13697491
15733043
14705971
14740787
14801203
14932243
31653121
48427265
40030465
40290053
41865157
39603109
39611309
307559337
332437931
869373323
919769483
919777674
911385034
928030762
1062249514
789620778
789698602
1058215995
1060255754
489825034
501359182
480379598
413139646
143671982
226548390
230746534
255912102
247691398
110241926
110245255
129135556
62046724
31556132
18916132
2138404
18918452
18982912
288397345
319854627
319195138
286182594
286184834
286152386
332288706
328094322
295466595
294413923
869035879
827128935
827120997
827180525
860869629
860812253
860742621
827126649
1900852091
1900914491
1884269355
1892661867
1892666107
4052322971
3582630539
3586833035
3611930266
3612189370
4132418202
4132417978
4140806378
4141723758
4141654063
4143767597
4265467928
4248756296
2084494424
2084456568
2084182488
2084510616
2088712856
1978628744
1743603337
1726268043
4007969433
4277527273
4277248552
4260405804
3161777684
4234440196
4230295044
4230362627
4234548962
4239131810
3182167202
3215721634
4289529014
3723365574
3710807046
3710708742
1546447119
1546447117
1546452764
1416593268
1417052148
1423396788
1423396788
1413873076
1430779316
1463981444
1448259969
3595743555
4143101203
4158692643
4158700323
4158962467
3043343155
2808527153
2804856113
2788077873
2804859185
2804564275
2770993507
2775255010
2758282722
2758285734
4108859830
4109052374
4126030022
4126095814
3758046662
3741267398
1457272134
1183589190
1183584966
1200362135
1200583316
1199892148
1187292836
1174711972
1174714276
101164928
117876544
84321536
1488144
3587121
2525203
2525187
2529539
20351235
41340355
39208323
39125907
315888611
383006691
383004643
935603175
893664215
893410807
1027638647
1061388599
1052938519
516005911
448831542
440443942
1509992483
1510193203
3640834065
3624065297
3636648512
2558676480
2559984128
2562671109
2561167927
2577983015
2611523110
2615712046
2607319150
3123230847
3123223647
3140071501
3191513165
4267368653
4267319485
4127989935
1979989166
1912998062
1897269670
1887308438
1891502790
817760846
280836622
1083973134
1079780910
1129063214
1108160878
1116214702
1132987822
1099433902
25956268
25960364
25444268
21292476
121078204
20165116
19112220
18981148
287416596
287421460
291607605
320966685
304322573
303204365
302417933
302417933
839813380
852404260
1918680164
1987879108
3598631052
3597549740
3715051941
3698143911
2490118830
2499618478
2495556238
2495425198
2495367854
2495404719
2495388349
2499583628
2541528716
2658968205
2659099581
2520179183
2520662062
2519598126
2536115230
2485791774
2498373902
2494184205
2494241292
2628270604
2359831068
2355640872
2218343976
2235436844
2271084669
2257981662
2257920174
2258378926
2193376430
2197605566
2188233150
3257882814
3257817230
3274598607
1126591564
1093035020
1093018636
1076307213
1143422222
1144462094
1144265262
1146898990
344755758
1418232350
1435149134
1435141064
1602855900
