1454909122
1392256706
1392386754
1391338099
1387135507
1386676755
1386484257
1373905701
274735389
275907849
275926283
276269531
273975739
274512299
286042538
302811530
302744970
302694794
1443546010
1467929450
1961538094
4104823342
4239106870
4239041286
4239098127
4188569661
4188579112
4196989224
4196928296
4213901931
4180282090
4180283050
4188668906
4171759962
4171767818
1487413322
1487413321
1235758152
1235810664
1265142120
187275768
1329174984
1327207880
1293648264
257590152
400196536
1473938344
1459135912
1450747304
1584118968
1466613149
2004532637
2000330639
4080701087
4080713471
4064192351
4063147271
4063150375
4083478821
3782046005
3765314389
3765315549
3773774765
3773569453
1625819565
1895303583
1903762831
1903834511
1936339422
1945071982
1940676910
1940710718
1940171798
1944366103
1910947093
1902556421
1886294788
1882100500
1883214388
1631556404
1631554853
3811428645
3811112997
3811080231
3811465239
3815134534
3815113670
3823501982
1676087966
1672753854
1674585774
1941974446
1934633150
1935030463
1937120413
1912407197
1912538557
1906198461
1906132637
1908201101
1944625861
1944625749
1919460149
1915265845
1915265845
4080006949
4050583341
4058962239
4037986590
4037986638
4054833630
1911422398
4050640318
4046312895
4047361535
4029538805
3761102901
1613754641
1882182400
1886253616
1885958688
1885877792
1881685552
1882144272
4084088064
4071557312
4071558289
4071492738
1924021378
1388192898
1392321714
1377580450
1377572258
1383871926
1383867318
1945904118
1944872822
1944970518
1945087238
1944950790
1944885302
1936500774
1936501813
1936372757
1898610708
1899659284
1899675696
1897484576
1964512032
1968767520
1971196453
1962881591
1962812950
1962813958
1421740878
1419586014
1418996110
366243214
398778766
373597135
369398729
302305785
302305641
839177577
822511657
1615759721
1625205241
1623103947
1639230410
4092890826
4079780362
3794768410
3811238458
3811189290
3781829418
3786023402
2712338859
2712145080
4055378060
4051183756
4044892556
1360673164
1360661916
1360932233
1373572555
1375616282
1374628158
1122773055
1122888735
1114616838
1114411015
1114153015
1115201575
1392214309
1402635729
1352306049
1356500352
1348110721
1343981969
1343789473
1345892257
4034571941
4059729623
1944626807
1936504375
1919924023
1915729175
1647164439
1651309591
1651375159
1668184295
1630419111
1613634727
1613630903
1618872213
553584277
569116373
598486581
850161201
850192945
850194195
854390019
841805827
858583043
825151507
808375619
812568451
820956035
820988547
1894603651
1886222723
1886157219
1886186919
1902962663
1676469103
1659691541
1923932693
1923933733
1944974885
1944968743
1903025943
1898962199
1882119175
1882113031
1895748867
1891561746
1889386803
1893484023
1885085078
1880897686
1897674935
1897806263
1935550871
870202263
853483157
851260053
850145941
317469333
334242549
334291941
871151461
837588273
837653809
837792052
300851988
292464148
288335381
288128565
271322679
271321911
284039462
284047662
296626494
330049550
316943631
316962063
308630799
305517647
305417454
320101550
290461871
827590831
810814893
818218941
835061405
827725709
828782469
829190119
829222887
829209959
862829399
862830455
862830455
862828341
871216437
871216405
1903148308
1903148308
1903139124
1936103733
1936112437
4083612199
4083564070
3546691110
3613792038
3613720870
3597406246
3605533734
3601349686
1453865998
1319774223
246032652
250153460
170404004
170405012
171586756
188362820
138240276
137814804
477274645
483557974
479298262
478192357
2021699556
2042669476
4215322980
4215315244
4215446044
4282564156
2941691420
2942206476
2809906701
2809710381
2818098541
2943893869
2938708431
2939888079
2906334159
3829014986
3841601002
3837266282
3770419310
4089186526
4070406286
1927243918
1377771662
1377644685
306122892
305009084
309203876
296616615
1353004706
1420050038
1151348246
1151347206
1147169566
1147464510
1151642430
1168943934
1186770198
1186503079
1186498981
1324894628
1312500116
1277831556
1277832580
1279141828
1143875397
70000423
69999911
69741861
86568396
115998620
117022620
116952476
104371612
104437148
103395796
86745365
2793733
15369473
11439361
15640848
1089251616
1080600865
1076538321
1365946241
1399492225
1391101569
3538522803
3538530979
3530073059
3530072547
3525898611
3525899363
4066962535
1919708262
1919908070
1936640502
1936641462
1903089031
1903096263
1903157701
1903010132
1902948404
1898746916
1932319780
1915546677
1915513877
1915645188
4067317012
4075702036
4071245620
4054402612
4037572116
4037570124
4037668556
4037729981
4037598894
4041764782
4050148782
4062758062
4062954974
4062901534
4063159558
4063093766
1915085829
1919414325
1944547637
2011591447
2012624406
2010451510
2000951922
1967917746
4056816546
4039796918
3499785366
3499809927
1356514693
1348093828
1344230100
1344021093
1346118181
1358700839
1890320423
1891373103
1358707743
274470927
269289742
269355806
358496798
123351822
133837578
112722698
127402265
92848616
76058024
76069292
80260012
4762012
5941645
324713871
307921294
306086286
305562014
303468950
303346598
302293926
306488231
869047735
853314039
1926859127
1929034103
1927981367
1919593543
1932192839
1898603975
1881810373
1881802709
1885996773
1894254180
1890334244
1974216484
1974220572
1436825356
1571042829
1571059231
1566598702
1545629486
1546652990
1544825870
470105102
340202830
340136399
340136397
352743880
285598200
285709800
826710456
864328632
1921288889
1925483163
1917617803
1918796746
1916703178
1378766970
1382953322
1986932202
2003446251
1971005931
1977092587
937232731
366812235
351543631
351760655
350417727
343122479
342925863
365994791
399553894
381721830
1388419302
1380030630
1376094374
1376159878
1377732743
1365175431
1904139671
1887239589
1886185389
1894556653
4058555261
4058554685
4058554413
4050178084
4029207588
1881750580
1881815348
1881807412
1894390308
1890191909
1890389719
1908213382
1943873414
1934435734
1917588886
1925990294
1389121430
315379190
391907638
388634630
359278598
1441492278
1957426470
1957335591
1957335669
1957212892
1420333964
1416147332
339322000
339326096
339475536
271252784
1881860384
1886309153
1890503443
1940839170
1924045635
1928236995
1382909379
1378668979
1378673057
1382900133
1399808421
1375548901
1375473123
1373375843
1375485235
325856563
326069523
309224451
309227587
325992899
57557442
24069074
24068722
32313906
15537699
11284003
11283235
15477619
15612355
7211395
7145875
23860115
57422775
48501685
49615677
48582973
48623913
316974377
308586793
291809579
291866635
829917259
1932953995
1932952969
1932952457
1932952201
4083585692
4083589804
4080001701
4079806117
4079773607
3815601574
3815593382
3807200486
3803010166
3802943510
3807130638
1651254287
1664033823
1630420269
1630412605
1617828829
1626282973
552344479
820779935
821825423
821823199
821301983
820322911
820323133
816259885
816194349
279193373
279194381
301214221
292968971
292951818
301400859
301416731
282542345
282935577
6078761
6071593
6065449
6261001
21924105
323913995
308185099
39828683
39695498
52396174
18776462
4064134
4068230
3027634
7222178
11350434
11280739
44852533
44887301
44861700
40675616
36481060
36486164
36540420
36602053
19841157
19808645
271467175
351142567
346755751
346629790
480783054
481045070
212609838
216541486
157821226
443231290
451555338
183054602
178782474
178790702
179839278
177742189
198909868
197861284
424235940
425251244
421048764
488219064
488153496
353141144
336437144
336440216
269986744
274184856
284400265
837978762
1911981706
1375634058
1399767514
3547258990
3530383406
3530368054
3262065671
2184064261
2205029648
2175670048
2176652832
2176583204
2159808036
3300667172
3433834788
3446475239
3446474918
3441772710
1294257318
1295090870
1158918286
387162510
386113934
369206158
910271113
935436953
398718619
356679578
272787962
274098234
293001274
300337210
31770654
56929294
52728910
52854982
19824838
19825606
300843719
330204903
329812961
317238241
308849041
309303681
321822085
1936622517
1936556709
1944887973
1944888037
1944887909
1936515860
1898772228
1882019604
1882084644
1886262565
1894658341
1890398511
1890391358
1894588174
1910972174
1365712654
1394940686
305405214
322190622
289352966
8260870
14564694
77475155
94268691
126743825
114864144
106467344
37388288
36339968
36340544
19563216
271287985
271272627
271399570
271395506
272444322
335292518
314337318
314369063
314368007
318562311
303869973
303988757
303988739
320786691
287228851
276775587
283984563
351106963
351083907
351209859
485432198
485440150
485305078
485239334
484977190
497559078
514335286
1051288126
1051321087
1051243437
1052291500
920166824
924362920
924432568
924579992
857667992
591281112
863902297
870780443
870585114
1902383898
1349325115
1357852971
1353412905
1084806461
1136189196
1117310476
3263744573
3263949367
3263852070
3259638054
3323600934
3243917350
3235561614
3231350926
3231351182
3233320377
1080605608
1076406696
1076406664
1361750152
1344971912
1344988360
1344947544
275723115
1349395247
1349394975
1349452303
1357842190
1357209406
1369766190
1470409006
1453631758
1454243086
1592640782
1584362334
3727684223
3660509742
3682591278
3682361902
4191970878
4187549470
3684233007
2593701165
2593708332
2600001308
2591620620
2587481868
2587542828
2591704108
2595837165
2593662094
2593729670
3403361446
3397007526
3359246502
3358198166
3362406278
3362405894
1210591746
1210591751
1210608389
1227385143
1231678758
1240134918
1274725634
1272627458
1264108022
1339565030
1335373797
1167621804
1167776700
1150998956
1366989228
1362660540
1394187404
1931132300
856272268
856196509
587761071
587760047
589201663
1647218719
1647222847
1915741231
1919777836
4067301676
4075690284
4159584540
3589159708
3572382492
3568180740
2629763588
2627539536
2359128723
2360922786
2360922786
2356711074
2368379538
2385164930
2250959810
3324668354
3324652738
3328905362
3269988514
1118511282
1085153411
1085161601
1085129140
1080853988
1076137324
1076145452
1076144396
1076275468
3579148
3575044
272008469
1349817637
1349821735
1895214375
1911470887
1945017909
1928304129
1915589120
1915601408
1915572752
1915499105
1932338151
1898848678
1886260398
1957497006
1957501118
1957632158
1420589262
1420602574
1420600654
1416205086
1953084199
1953084005
4104823780
4155155364
4134183808
4131124096
4130947969
4131083185
4131076003
4083758563
4058777058
4037805414
4054590790
4087964998
4075513158
4067124679
3542832599
3542816245
3509269989
1349203428
3504932196
3521713940
3521658372
3521658389
3555221015
3618397494
3534353430
3534382094
3534410766
3538600974
3622536319
3622345965
3085474220
3051925160
2784542360
2717497048
2709107208
2973479432
2973356604
2973250092
2973504300
2705195501
2709390766
2713587118
3787065786
3786938810
4055382218
3556260042
3543693386
3543854346
3527060746
1379577161
1377411548
1377354204
1389150425
1385021529
1385087435
1385091419
1373534074
1350462314
1350556474
1350498682
1350301914
1350106314
1349055690
1399379146
1383058843
1383003563
1400825259
1367299487
1348206991
1344078239
1360990655
291386287
863904679
872354743
871117735
871113701
837034853
820261149
274994461
275001133
274754351
274791998
283351614
1889771070
1906349582
1403037198
1386721038
1386722415
1923464300
1919204588
1915026668
1915548892
1915679944
1915680121
1903084843
1894630718
1886183182
1882062606
1898757654
1902943798
1902956390
1946082807
1946080405
1943983253
1902040213
1904112769
1899914439
825111623
829232419
820786978
820520738
1890068262
1894266647
1894268423
1886023175
1357543959
1374309077
1392135877
1390300805
1457327751
1457264615
1457272102
1457268006
1476142382
1442522430
1558847774
1555702110
1555571198
1553490349
1557722540
1415101932
1411161596
1413257372
355838092
288860300
857127308
856857988
861050804
1935061941
1943442069
1928758007
1919190631
1919723303
1647099687
1646640407
1646639111
1650890759
1650907159
1667651687
1630419111
1613634727
1613628853
1618871189
1618887317
1626161812
1621947092
1621927548
1638704700
1642897948
1634529804
1613525513
1613509129
1613369915
1617567530
1626016042
1621633066
1621637370
1638414586
1638430858
1676194954
1659404427
1652392105
1648341417
1648333289
1647292728
1919853356
1919853356
1936713509
1936719157
1898896663
1898863639
1936608279
1928256818
1925111090
1925172278
1927070775
1918649351
1913420871
1897673879
874393991
874394247
889062071
883692198
883176174
1018457647
1035266877
1052092733
913745980
909486108
909617164
841393292
841384076
841863357
858665135
808334254
544158382
548222638
548223662
548224702
816588510
816587530
816587018
812638218
808357919
808426815
808295231
1886165565
1886231133
1894681229
1895729805
1937691279
1916732047
1916338846
1915425430
1936208870
1890071014
1890067559
1890067543
1353195525
1353277445
275701765
288264205
288199949
321166637
308590893
333888269
333887949
333891999
310169007
326951343
289227150
288281054
271503638
275689766
820814887
820815911
871151635
854493251
854497475
846105729
841646213
842645687
841511079
841769127
825041319
812524007
820917095
820843059
816583427
283911939
283911937
284114707
284039681
284064257
284064449
334396033
1391348355
1391396482
40698498
40436402
40448738
57156134
279454502
346563886
346564654
78129215
78198815
124418063
103736333
103710796
124747980
99910116
81043813
72656357
68462053
70690753
3584961
3588545
24560067
25149779
25006355
23958833
23969059
1399695651
317696307
317634821
309300997
1382909781
1382859061
1378636085
1378693477
1446846949
1446585765
1383673255
1375342007
347998087
348002182
77988486
77931494
82061094
1144286502
1144319278
68987183
106739981
109677324
109742852
110790916
110742836
249064545
236528866
236598434
1327116450
1277047170
1276514178
1289145986
79530690
1153015766
1152954342
1152951271
1152951268
1438290908
1433961468
1144567268
1144569140
1413019956
1413118256
1346005296
1345998097
1350452481
1358886720
3506099648
3556412864
3538652624
3538650064
3530150480
3538506292
3538428452
3538428463
3535284074
3535288682
3556247914
3556247786
3547871370
3547917450
1399382410
1366000010
1350205834
1350209962
1346019498
1345888430
1882763502
1882767694
1882049806
808373038
812575535
837708069
602814725
586038725
846156173
847200413
576540845
584847533
593232111
542900347
545009979
813638187
812525099
837758507
334245387
313355787
313442059
313298187
313298187
317491659
305051803
309246091
305052811
305049739
305131659
304885950
321728686
321790894
334373542
867061479
867170819
850246145
1655488017
1655483936
1651287856
1630449408
1613672196
1613664004
1613744101
1613632934
1613574310
1613500578
1617694882
1626092962
1621835682
1622817458
1620650643
1889020545
1939401344
1385884032
1390062656
1379590144
1378439217
1378365473
1378361377
1382817829
1366192421
1357794829
3506358797
3568994828
3568929292
3573062172
3619203644
3602425384
3606622760
3606823465
3728396845
2654720295
3057147939
3057218722
4160377986
4042937474
1895715970
1887313282
1883180930
1882147474
1882151858
1617754274
1626138790
1626123494
1642896455
602711055
590140447
590173247
590230591
590230573
590227245
569249324
565135916
1622985228
1639549448
1639684680
1639492312
1643687560
1663600264
1731916440
1698308793
1614422699
1614684842
1618355178
1621164138
1621098538
1621111818
816850954
816867338
282110025
272869580
339974540
356703372
391562381
374751631
376848830
1449583086
1449568062
1457962782
3605315367
3618416165
3618416428
3601760524
3601568028
3602424108
3598213420
2518159852
2518288300
2539276965
2476399527
2476394918
3000551862
3540568199
3507008646
3507134598
3491422598
3497677718
1894466222
1902650094
4083763758
4079614494
4083723022
3815549711
3815614729
3815673097
3815739657
3815608600
3811410728
3777811240
3761787693
3761766957
3761913390
3765054254
3840870702
2762746158
2762549278
4087953486
4072223950
4070105230
4070080654
4070080685
4070289836
4074415524
4078546340
4047026580
3777608068
3811228868
3811224644
1664021524
1646556183
1646748710
1646673190
1651380006
1659832942
1676479102
1676426190
1642868622
1642933646
1626160543
1894582175
1895761823
1912538807
1910847159
1910777815
1944350549
1944448821
1927802645
1923596053
1927649045
1919194389
1919194389
1919202365
1936176189
1885789407
1885752526
1881541774
1882590638
1883181038
1887256170
1894526506
1890070043
816327179
816327241
816328393
283656121
271066537
271135145
272331197
271107487
829197775
854363599
853846215
854042823
845588679
845589959
841395669
858232821
858161783
1915126327
1646695223
1647158567
1651309863
1651374119
1651497255
1936644886
1903066950
1903050439
1903036039
1903101847
1912407463
1911307687
1911303399
1907191255
1907289543
1890499847
1894685703
1894620183
1886173223
1881976101
1881992997
1630467700
1663980276
1663959732
1668089525
1668028069
1642872231
1642862767
1626085566
1626160350
1626287310
1886348366
1886220575
1902932759
1902966327
1911404071
1945091879
1940757815
1940757509
1928248325
1919851525
1915657285
1647222005
1647303845
1664998567
1669287343
1904100783
1912477669
1894588965
1894523440
1886134800
1349329424
1357718064
1357394720
1353200417
1353331459
1353330947
1101661446
132711750
48856406
40467742
40402255
48766431
65554875
329808299
334101931
334210491
309043595
304710027
841712011
305037707
1382973865
1391239661
1391240301
1382829087
1378688031
1430205503
1416245551
1420436079
3567919855
3702145775
3702018799
3702056559
3697838910
3626543882
3626822410
3710479114
3744099082
3731550986
3735716106
4272587066
4272455787
4138238189
4142443708
4130912396
1981528204
1914353804
1914371212
1933194396
1899626925
1887306415
1894646526
1890518654
1890336366
1890331198
1894542158
1894541647
1886313935
1886307981
1887323791
1887393463
1895585447
1895584167
1894572519
1894637623
1894768693
1894752565
4042109756
4033199676
4033329725
4100323871
4117101087
4268104222
4268100110
4269153806
1593115614
1590755502
1590890671
1603481773
1557356717
1958994092
1950385300
1946192069
872458261
890284054
890288150
1999879174
1898090758
1881326151
1881326277
4042703589
4103369440
4119883488
4119883728
3079729089
2549214035
2549213494
2549116278
2549185654
2515694710
2448838994
2432090450
2431107954
2963666914
2963587043
2967510371
2975893537
3005254705
2989722624
2989679872
2989647616
2989708836
3008435748
3083875941
3046129383
3045265302
3045262722
2512458898
2505061554
2505069746
2500973970
2501047747
2507335617
2515789633
2515664657
2515598625
2515594273
2540825651
2541155347
2536920131
2541110595
2507556179
2516015073
2511722464
2515851232
2515859444
3077887828
3195395908
3061313348
4135021173
4134874853
4128517863
4145034983
4145091518
4115861918
4124135615
4124102823
4124103911
4124097735
2001775943
2001775943
2004008199
1983040775
4130524215
4146220071
4150492199
4125261079
4104281927
4104378054
4108375774
4108382958
4041274095
4058052517
4054968229
4059292037
4050838977
4046636529
4045424101
4045432279
4045565895
4091690967
4087484375
4087548823
4087352214
1944074686
1944070574
1935748271
1935871167
1931689167
1902191823
1902583885
283586580
283463732
283427092
275026228
811897652
811908924
811973405
1885837599
1885771806
1936103454
1919326478
1915650638
1915585230
1915601662
1999459055
1999381221
3857458661
3853266148
4121901280
4122877120
4127075520
1977492928
1969174224
1960645361
1893536497
1373467379
1910498674
1910357090
4049373299
4085024851
4066220355
4066294593
4066295617
4066358641
4061984097
4061417699
4061401314
3794932898
3811710114
3856797090
3835891106
3835764146
1956659094
1956671366
1906372550
1910548423
1944102741
1918940501
1919137028
1914872852
1914822692
1394672677
1344409877
1344409875
1356990227
1352795922
1352732178
1352932146
1084500770
1088761618
73815810
73811714
86491906
119898706
125276787
125039219
125040499
89380307
89249011
89187555
122807523
123200723
114803905
116901329
116888049
116896097
108388465
108388433
108388419
125199427
91620691
74843954
74782258
74790451
83179043
81012259
9709299
9709443
26232707
64079233
57788305
36820915
34862515
39055779
39051763
66183443
65139475
23192371
2123555
2189105
69293873
74663203
80987443
97772819
97776962
97633602
124897234
125032370
125039538
122810803
131195315
131195313
131314097
131305905
125015888
87269136
354524944
358722848
367043872
1440851248
1466152193
1462207745
1596310355
1596445666
1596355554
1600529378
1610032098
1588933106
1588859331
1588932803
1593258177
1329017921
1278688515
1278688547
209005859
213200163
213198083
78976259
94700803
98894595
100090707
100094833
133652833
125133153
104165873
104158673
121069009
121068993
91708753
99964241
78935411
78931315
77948275
31839731
90559987
86365682
120050130
120058354
124252658
115732978
115691890
132600114
124138803
90582321
91696401
74788112
74726672
82056497
82052401
98910547
99471699
91066706
124752210
124694866
133149042
116380019
116257265
133035505
124747248
91127280
86998480
70082000
74208753
74216947
99448306
99448274
99439986
91050354
99610994
132576114
262665075
262534001
249951088
266728816
258473328
254213456
220724561
221634001
225768915
158644211
166832115
166962129
167097329
158700528
192385520
192131569
175354353
171160049
171020787
171037170
185824738
151201250
155264482
146810210
142620018
142677267
143873281
160650496
166806784
158450960
154259761
152302435
190047075
190014450
181621714
181617106
189989362
190002675
155397587
163654993
146812785
146812769
146898801
163665731
164746562
156352850
156336594
188985842
197370866
193176563
176411633
176280561
198301680
190053872
219405808
219405808
202505681
206632305
223401331
223475058
223470930
223465746
223592722
89379122
131326242
131326323
127005041
110477648
114804048
123198800
85458256
85425489
85294417
68451699
74790386
100612082
95361011
95240659
132989395
57496017
53473745
53457361
57652209
66040819
66041843
401588211
401457107
393057603
388863315
388822327
388838453
388838437
354893093
342310179
480720675
480711538
212144706
228930114
262157122
262239042
266596722
266499443
224542067
225647953
225525072
208945008
216350577
216364913
233101139
233096018
224756050
224891250
258454002
266842610
115847666
115716338
115717297
124239024
392599728
1462213008
1462090128
1444985776
1444982688
1981933488
1981903764
1981879223
1982009766
1994596774
2007048610
1973449190
1956707830
1956685910
1960880455
1965074885
1713551813
1713550661
1713550085
1713537285
1713406243
1730192418
1679928354
1680006194
1680001074
1680002066
1814221842
1831007699
1869837745
1850824113
1859377073
1859387312
1859387312
1878122448
1868619205
1835072981
1835072997
1835269477
1835269479
1869706551
1869702423
1869702423
1869689141
1869689141
1869689141
1878209333
1878201973
1857228533
1857227477
4002511559
4002441927
4006670023
4283688518
4250071622
4241670726
4241736302
3971076718
3975174126
3973087207
3964676551
4227869141
4244717045
4244772343
4282517335
4291957575
4291913542
4287685974
4253082902
4253072438
4257332278
3989019927
3980562199
3980562197
3976306453
3909135125
3942770961
1761770545
1763056673
1746275361
1750205475
1760756771
1754465331
684921875
969092355
994258179
977414913
985815553
717474352
713132592
713075296
717269856
708880737
721463393
721533121
721664195
721590482
721590498
721606882
688019682
687999458
692194275
700582643
700648147
700529235
696265299
696330835
948120065
948120065
411253249
411122177
411056641
142670385
142649888
146844528
138524992
138590544
134453457
138647793
138664403
138598898
155376610
188931042
172153810
440568770
440634306
440441810
448834034
448834002
985905473
977442880
973314128
973314096
973191265
989981793
956394595
939670627
943853522
952241906
952176354
947927779
947923683
1484794817
1484929345
1484929345
1220679936
1212353280
1212227360
1220619808
1216429616
1216552513
1216421457
1216379505
1216445043
1229183955
1258539971
1258539458
1258413522
1224797682
1228991970
155249635
146893810
163806034
163739986
163715442
188881171
184686595
184698883
167988563
172215635
180608963
180608963
172071891
172080114
172010482
188787170
155232738
138455266
138459362
138520802
138586322
138591298
402820162
419597378
419662930
423856226
423737697
968997216
1002551648
985774432
708950096
704755776
704756737
704687138
704767010
1778639906
1799503970
1765999730
1749095794
1749106018
2025921122
2026048115
2022836801
1486031424
1486031424
1484856896
1216362176
1216358080
1216374480
1216407504
1237434320
1271119825
1531092945
1510117329
1510182225
1510186065
2047065169
2047056977
2046934129
2046946419
2046831714
2046829794
2046895586
2076382690
2038632434
2021724098
2021731010
1484942274
1484970307
1484900673
1489034320
1480615008
402679136
402814832
402806352
402804336
407047792
415309392
432021313
432037201
432043107
432039010
432104802
423851346
423845330
163798483
163666417
163674577
163805649
155442113
155311057
155254513
163686001
163821171
193169011
193175283
198295251
173120467
169200083
169167025
169162913
169289889
190197217
198389217
198389203
198262594
164708114
164707122
164706866
164707090
198273298
198437139
198416403
198412290
190024706
190024770
190028882
458471538
457291890
457291890
436320355
973318241
973322337
989977696
989985888
989981792
956426592
675510624
683891696
683760608
683702769
683698643
952183234
994195906
977406930
1044580946
1044585074
1052981810
511909426
511708722
444598802
448797458
171981074
172108546
1245850178
1254238786
1250318914
1267190338
1535482434
1535420755
1535420512
1540139232
2131536096
2097973472
2131671280
2131667168
1863231713
1862588643
1862584547
1863141601
1867385312
1766726128
2043034448
2043030080
2026056256
952314384
952252928
415382016
415312385
411053651
1484799586
1484812130
1484844403
1484826947
142719297
147037121
138664896
138632144
138615777
1212234723
1229142498
1329732066
1312967122
1312967106
1321454018
1317050690
1317050738
1250007154
1313052738
1309063234
1309603906
1330305090
1305102418
1300908146
1166612834
3315083617
3453496160
3447208544
3308804720
3306871408
3310017264
3293108944
3293109184
3293366721
3289237969
3423042033
3427154929
3435543489
3368430273
3364235859
3364301427
3364235891
3368499778
3376745282
3406121810
3406252354
3410492738
3418744146
3414466930
3414466915
3419189347
3419181153
3679294560
3679361360
4266559808
4262366016
3993864784
2919602768
2852624960
2853548612
2853483108
2853679725
2853692014
2853565422
2855557094
2877048294
2884388326
2846475774
2846478847
2846487004
2850678220
2842224072
2838097352
2838231544
2871712104
2875902328
2876229976
2876103000
2943220056
2943221080
2909787480
2909786456
2909786488
2909794665
2909271401
2909134189
2909134719
2909659007
2909659007
2909659007
2892889983
2892889983
2892857215
2892847997
2909625301
2909616565
3982834097
3982834097
3982834065
3848616336
3856743824
3856735408
3852671120
3886168208
1872902272
2141333891
2007182210
1470114498
1474309090
1474308322
1440757858
1436555490
1436621010
1168189635
1168124352
98577344
86014960
69229552
69294560
69433568
90339569
90339521
90339649
86210880
86014320
86014304
86014320
86210896
90405201
90274161
90306915
90438003
123926851
123926851
123918658
90422098
90291058
90290546
90290547
90290547
123976019
107198739
107133203
107199249
107068209
107002145
102807585
102807585
103020593
102955011
102930434
102926338
107120642
107382802
133007714
99195250
99195122
74045650
69826802
69941746
69942242
69938786
82523746
95147618
95147603
96058945
93895232
93896512
98153808
85700688
68939856
70987856
70856784
205075556
204159844
216939109
212802165
498063943
380476101
380411589
921481669
841789685
1915662484
1915662484
1898885280
4029649824
4029546145
4029627043
4096735906
4109122210
4121705122
3064208354
3064215586
2527340562
2527340546
2544265218
2510743553
2493949952
2494995008
2492762800
2492770976
2425662112
2421467808
2419083936
2419067557
2434797223
2434866598
2434999534
2984453150
2476942350
2476747790
2275420170
2275420170
2275481610
2275612682
2414024762
2304968762
2301758490
2287081227
2294425099
2290296379
2290099755
2294287983
2302724989
2302708701
2302785932
2298592652
2298586508
2332140444
2332140188
2315363004
2315363004
2651039384
2651041496
2650974760
2655172904
2520967208
2538784808
2505197592
2505197576
2631011592
2633106712
2630948136
2563772713
2295402793
2295403305
2295338543
2295346798
2294296302
2311073726
2311069078
3384834198
3384862870
3376474262
1229043862
1224841366
1493416134
1526966470
2046994630
2046994630
2046995654
2047061062
2046934343
2051260373
4215455316
4215537172
4282646100
3755138676
3750944356
3214081637
3213938535
3083885910
3083922694
3042114846
3040009534
3039989054
3040003342
3040068878
3037779215
4115725695
4114676975
4257279215
3184557287
3183693015
3176352966
3175271878
3175280342
3175263862
3150087682
3151078914
4225017602
3151340822
3151336487
3143418983
2841441381
2837242989
2837312749
2837365997
2874592767
2882984830
2877750142
2877684574
2881547086
2873125838
2874376190
2874329071
2882716653
2851324909
2849259980
2840881100
2836686796
2836819924
2870373093
2883025647
2849336063
2849336926
2849367566
2882917918
2884994879
2885455149
2863967292
2868176924
2853500941
2870332429
2836810879
2837339630
2824746990
2833192894
2828805558
2828807606
2829000615
3099529141
3170700933
3187424909
3178506959
3212061407
3210161134
3218243566
3218099550
3151035678
3151029566
3151205438
3151205407
3113325836
3117743372
3100966684
3088972332
3091089964
3091073636
3091074789
3105824678
3150718390
3133433054
3129304286
3129300174
2592370126
2613342174
2579988350
2572570462
2572568398
2573157710
2556224638
2564613230
2564150398
2576780366
2643896655
2681729021
2681528060
2673102548
2373387972
2352350916
2352357076
2352095200
2352159008
2362652704
2360486929
2377524226
2394365954
2258907186
2258912034
2263106530
2271495842
2234828710
2239092150
2222318725
2222238852
2218036356
2167507076
3241326660
3240273988
3257051221
3258116119
3262311447
3337768983
3335651413
1178599732
1161823008
1146164768
1146231344
1280453120
1280518672
1309703792
1309726673
1308857281
251831235
214016451
209823187
209828176
79804528
1142012144
1194572016
1110637696
1109542016
1109803152
1122976224
1118777952
1118642720
1118659120
3282887169
3236751106
3236801842
3228544310
3228536086
3505359702
3505359606
3501169655
3521969621
3531406517
3527175333
1379738789
1379803285
1379807377
1383465905
1408631457
1403388593
1403458193
1101357761
1088742083
1080354387
3223707410
3224357650
3228555798
3304061750
2225994550
2242705718
2263678262
2259478326
2393891575
2394944167
2394813095
2392617639
2390509223
2671560103
2671756455
2670650487
2670453779
2670322691
2670306323
2674502931
2649357059
2649319938
2372483586
2289703426
2289703730
2380925218
2376731698
2678670386
2678710291
2678628593
2411238832
2414380976
2368243348
2351470228
2485905044
2486838948
2486840997
2491035047
2511874214
2511865990
2516060294
2516064390
2272950406
2281373126
2410342150
2410340886
2397884966
3462939175
3462952759
3744199717
3744195621
3677076516
3677076580
3676937668
3676888452
3744006020
1597564804
1597699972
1568339844
3724214149
3590061973
3590060981
4126784429
4126711277
4150828381
4134053135
4129858591
4129862717
4134262061
4134199085
3060424237
3060423295
3077266039
3169418870
3169803830
3169670662
3034920454
3169089046
3164895014
3164880230
3215211751
3751812321
3739290752
3727887488
3711114432
3694345296
3694279696
3694541057
1551264514
1555851778
1287514626
1270774274
3405392386
3405319682
3401057826
3468244258
3468239906
3349693537
3316171952
3572008068
3290991748
3307773060
1462348980
1462346916
1462346996
1428939796
1344943116
1344939271
1344932374
1349126694
1357519590
1420311222
1420307078
1202196102
1320927622
1319800965
1323995237
1311346732
3458768940
3475546412
1546170156
1550363180
1550428732
1550384668
1546241564
1546273292
1550471944
1467629833
1392165978
1409207550
1408076014
1366071726
1361878430
1345111438
1345311182
1363071182
1400795358
1383997695
1383997679
1381967342
1381837806
1390246571
1390205883
1392312203
1409074571
1374454155
1374458249
1886364073
1953473513
1970186217
2003740029
2003800093
1987022877
1987047455
4151238943
4113494847
4117165615
4117162539
1702361642
1744099610
1725221066
1725746314
1717420170
2002604186
1964978362
1948135595
1948135851
1885213359
1895436911
1890256429
1890336269
1907109389
1369990668
1370023688
1357632776
1349046028
1344851564
1345048236
1345257125
1350549175
1350342295
1912373638
1929285766
1919856774
1919856855
4134446195
4134511667
4130186289
4130186273
4113425441
4096648227
3828178979
3832484131
3840607202
3857319603
4159309459
4142601859
4143527570
3070045827
3070176899
3086823041
3053223633
3053252400
3036475188
3031232052
3047993140
3081612564
3064312852
3202733093
3194273831
3191095398
4262805734
4279660774
4246102518
4234048118
4242462294
4240170566
4244237894
4244220482
4235786563
4229491779
4229491923
4246467825
4145956085
4129178039
4133373367
4143859607
4143924915
4143797941
4156389045
4156384981
4160513781
4160513781
4152125303
4152129335
4152121142
4160574758
3622794550
2549052726
2550093078
2516534598
2516522438
3573495766
3705618390
3722387191
3757907703
3757915895
3489415029
3464248629
2390504500
2415735860
2382324756
2361128196
2360977156
2360913460
2358816292
2379804196
2412272229
2412453605
2412388071
2412381671
2245656806
2228814070
2228801686
2228794550
2228788386
2220657842
2216463509
2216672388
2265885828
3322866820
3322834316
3592300940
3531483820
3534650028
3534637739
3534511786
3534026666
3529802154
3542384858
3508904206
3223839494
3223807494
3227921922
3236313634
2163088162
2154711330
2272184338
2531953666
2527764482
2527694851
2527629584
2527629664
2666037472
2671414516
2636830884
2636740836
2552772836
2552904676
2557094503
3183095366
3166249670
3182965462
3181917094
2544390566
2548617383
3597193365
3592986756
4130923660
4147669132
1966827660
1948969980
1684728428
1688914476
1689029132
1709501960
1734386440
3877671192
3877868076
3877802540
2909984300
2907733516
3175098884
3170975268
3167893028
3165787940
3031565604
2493580343
2493570070
2644805654
2648999958
2671610070
2537527542
3055204598
3188374914
3188369282
4262096769
4263133056
4195944864
4198119840
2066360480
1768827089
1822833666
1017519554
1017186226
1017122466
1018177206
1016129158
478192261
1484816788
1556459988
1544008468
1545583124
1546631700
1412147764
1969998388
1969891877
1466575847
1446651302
1446641830
1465778338
1432240306
1422688386
1959574722
1955371266
1956424482
1706863139
1722460672
1995087360
1982498304
1982497536
1982578720
1982336032
1982343200
1713911840
1659504737
1923746240
1923747456
1923756672
1940595328
1441473152
1416168064
1424819107
1420640162
1554787298
1554786662
1555839270
1551644966
1551644934
1498819846
1532962071
1532769063
1532777271
1497953046
1497949014
1497933782
1497935346
1497939442
1507368434
1507433970
1507497430
1574614407
1566225797
1566220181
3747192757
3730353573
3730357668
3730545876
3596325973
3596325973
3598439719
2508117286
2491340598
2490287622
2490254918
2490320726
2498708854
2498581862
2511107175
4121715941
4125910260
4117525716
3576190412
3577434572
3560601564
3560601340
3564857076
3573116629
3573051349
3573050711
3589930327
3590059095
3623507415
3606794711
3605746135
3605615095
3605623783
3622434789
3588872037
3563976564
3565027076
3565027076
3565027088
3565025073
3564955441
3560825651
3577738098
3581858258
3615408578
3607020994
3607020738
3598568658
3598482659
3598478563
3598478823
3598394871
3623565303
3619362423
3585675863
3707319827
1291335443
1282946867
1282944803
1283009843
1283419411
1333525763
1316674883
1585087937
1585086849
1316716928
3457713312
3457721760
3440947104
3692752624
3692746432
2623160849
2495431203
2494358306
2494357794
2494350370
2494350434
2489896166
2485750998
2502610119
2537221319
2520444359
3594153415
3598413271
3598415863
3623450599
3623449589
3589895125
3589886805
3589928789
3589928821
3623482741
3615092021
3615096183
3615217015
3581662583
3581670742
3581670870
3581923798
3581892054
3615315446
3613349366
3613349335
3623843287
3623712247
3623708149
3623708117
3590289365
3581532117
3581532149
3581474677
3581519735
4118396695
4118781207
4118776087
4118649141
4118649141
4151942197
4147875857
2000670721
1967075345
1967075635
1966813475
1898591074
1978273762
2007632514
2007644802
1454054018
1454976899
1454925207
1589174741
1610146245
1291370525
1291469085
1286230285
1287336237
1488454955
1492660011
1482370874
1493900282
151723002
151731147
155729803
139996619
148391422
150532590
142205422
142336486
259760614
242921798
1325044550
1321112322
1321109315
1186367347
3331628385
3327442405
3608980973
3557666717
3490627469
3494829711
3503180702
3503034286
2438733230
2468090286
2470392030
3548327950
3517845534
3501076794
3500963113
3500993336
3505187592
3240921864
3274672600
3258891416
3258900620
1111449740
1125396876
1096221628
1087767212
3297932013
3566393069
3572611917
3564153613
3564153103
3621890319
3068639501
3001519885
2993653273
2989462125
2989204205
2990273197
3007009453
2973442991
2977445295
2708999342
2976451734
2976515206
4050269382
4092421334
4092357719
4059004179
4058971411
4042186499
4033861187
4033803841
4033803857
4058863333
4083965925
4067195365
4067195237
4067194997
4067195989
4075580741
4075812103
4092515607
4058957111
4059005219
4041789731
4041793815
4041990919
4041921039
4058661663
4117304623
4117244203
4114102315
4147710122
4147775882
1936345482
1944801162
1923634058
1940444042
1906963337
1912234665
1887068904
1883038248
1881989672
1613279016
1617672488
1642694697
1739102267
1722456074
1718262794
1713930314
1848164506
1848275370
4012520107
3991548585
3836359336
3837276840
4103612060
4120391628
4124584204
3589941260
3563788541
1424497135
1357852086
1349414806
1349371526
1345110662
1429000838
1462363078
1449846210
384459842
518661122
535503922
527250722
2100037410
2083353126
2087633447
2113717815
2107414287
1037870861
1061990157
1045147148
777715212
777682460
777674537
642401577
1716077865
1665746411
1632195978
1896402314
1896728970
1901054394
1900870842
1900823738
1901592730
1910051082
1891250955
1890198073
1353327145
1353262633
1357396521
1344809513
1344817465
1361627465
1126746249
1178324105
1188741257
1120588169
1116402105
1116468137
1116464047
3347833775
3347636654
3347637670
3352884390
1192877222
1193000087
1192927429
1429905477
1429905412
1362657308
1361612844
1395436588
1396549692
1430173980
1431739157
1440139797
1423105559
1423111703
3570582067
3561456226
1363650546
1397141442
1381416386
1381403842
1379847378
1379914930
1916753074
1916604562
1916735667
859779239
863970215
868024999
834470589
817640169
1891377769
1895575099
1894590987
1357670922
283961930
283966154
283662986
333989514
308822922
1391149466
1391129066
1391124522
1365827626
1349050398
1349050382
1349111838
1357762606
1353401645
1353386804
1354439284
1356405476
1356339876
1346927524
1363996052
1393484228
1393467713
1125548291
1125548803
1125155618
1393604130
1397014050
1455726114
1451740706
1452199686
1453260102
3606703350
3613973735
3580681463
3560952981
3565073820
4099848092
4114982588
4148470684
4127500252
4132742620
4132945261
4065779565
4067942190
3010821934
2977920798
2986235662
3019850014
3002679598
3002650926
3002655022
2998521919
2998649869
3008929100
2971265484
2971323340
4028299916
4045306516
4045355700
4082908836
4091294629
1943802295
1943867543
1910448342
1904091378
1904018546
1887181874
1887202354
1895623954
1893707266
1893571090
1625066002
1620871730
4053572146
4154239265
4137462832
3860632576
3860643840
2787074528
2805596576
2772043680
3769241264
3769240193
3769305735
4038597286
4059572646
4051183782
1366899854
1375211654
1358696582
1089405894
1088869170
1348772626
1348772370
1344578322
1348900099
1357289217
1353096704
1374068224
3508963840
3542583857
3542600289
4079307751
4062973350
4075556006
4071363750
4071567494
4071501959
4072542341
4076818837
4068238244
4068237988
4050412260
4050613188
4042122181
4042023413
4042024038
3505215526
3496888614
3492677910
3509460742
3526238726
3538887430
3534565662
3601609019
3601346601
3718788137
3437770793
3358263337
1211779976
1211820681
1279191689
1279057551
1283244687
1307886527
1339466159
1321640359
1313317287
1581687217
3737302512
3737360368
3755188208
3721510624
4249927392
4283469536
4283477872
4266698577
4274106705
4266102820
3189100580
3207872557
3106278425
3106282507
2837850411
2879881002
2880784170
2860798746
2860840778
3196869961
3192703305
3188718408
3189434968
3071961720
3038398024
3027976777
3036627530
2965357418
4040741226
4031279466
2957529418
4048029130
4048161178
4048165291
4123666603
4124731577
4126828681
4126045321
4159979657
4149264521
3607151017
3573736301
3574752045
3562237749
3564186373
3571919623
3571853830
3584954166
3584691990
3619161438
3619169662
3619172718
3556274670
3547886062
3527397851
3527333257
3525154184
1376034200
1380224440
1380222392
1397142940
1363584988
3562448860
3562464989
3565090783
3573536639
3573339494
3572823398
3571836278
3588744502
3580359958
3613906199
3613914391
3613914935
3597006135
3596997943
3598046495
3614962975
3614958935
3589797239
4126658943
4127048063
4118659455
4118663551
4127184765
4127192957
4126930813
4118345565
4118347613
4114218845
4118542205
4118803837
4152227197
4152226173
4152217951
4152349023
4152349023
4152357375
4160747007
4160747007
4127184383
4118664575
4101887327
4101895519
4102026591
4102026623
4118730623
4118792063
4152219485
4152227807
4152195039
4135417855
4135532543
4152301439
3749524286
3715969334
4244469046
4244503862
4244421926
4244486450
4261394707
4277908737
4200182529
4196049409
4196041408
4196057840
3929719456
3912883936
3904429024
3904425056
2830685204
2895667204
3159891973
4229701639
4094567622
4095617190
4099873190
4038986662
4054780590
4088269454
3534096006
1387606662
1120990086
1110487462
1110483174
1394648103
1378004019
304277523
304273427
321308673
308729856
1382475780
1382468884
1384115477
1447030548
1449129588
3604799021
3586969135
3565997615
3567242767
3567176207
2545856029
2667359533
2667357228
2665254956
2664202380
2656023436
3020875404
4094609036
4095659661
4030615231
4029468078
3765229742
3773622442
3823955098
3807291594
3798902986
1651485903
1647295727
1647236335
3810936303
3760605150
3773199998
3773191726
3768861230
3773067806
3765199374
4109165374
4121751851
3870154041
3870226745
4004100152
3999832120
3928533032
3929704488
3929706504
3927887880
3944632392
1746809288
2017071848
2084242092
2087520941
2091649765
1956977406
1958034142
2092186590
1553739214
1587291598
1318834638
1317712526
1317774014
1183359662
1447600814
4144531374
4110977454
4027222190
3762981007
3779766669
3809390476
3792615044
3793654404
3795747476
3794698980
3794584548
3794592869
3815038069
3781577941
3781582037
3781586133
3781651621
3781516775
3789900263
3785836919
3785838358
3789890054
3781435910
3777241606
3760529950
3760656942
3764717358
3769370990
3769370878
4038002847
4037949580
4038060172
4054166660
4049961348
4079453012
4079464740
3810894116
3794117924
3794248993
3794186515
3794195217
3794141729
2720334372
2737058340
2690912804
2699301404
4037286172
4037294109
3500423230
3500480534
3617994758
3333303366
1181614274
1177206978
1177272754
1199223794
3321537523
3304760257
3296440256
3291056960
3576273744
3609836528
4150897392
4138315505
2796132065
2796070817
2724770213
2720563623
2737340583
2704248999
3777422503
3777357031
3781545447
3823361397
3806591317
3798067477
3798001973
2724327228
2724716061
2741427725
2707873359
2716321407
2716124910
2716094190
2707709374
2707713214
2707548414
2707683838
2699217406
2699221855
2699226447
3764514127
3781225567
3814780031
3814841598
3798125822
3798097343
3798097855
3806551743
3823194111
3823198173
3789581789
3772804317
3764481237
3764550901
3831647735
3831713791
3856756479
3890310910
3890314878
2799729182
2799757854
2799757854
2816539167
2816735775
2808348191
2774793759
2774589215
2774586751
2808141055
2774779134
2774746366
2774686910
2757942702
2766330862
2699221755
2699098841
2699094729
2707483464
2707484440
2741095720
2741226808
2741230877
2741107741
2808177727
2808247599
2774680895
2808235839
2816696127
2799916671
2799793791
2799794141
2799728093
2816488605
2782934173
3831573661
3832688029
3831643037
3840023225
3772931769
3768667801
3789608649
3806390217
3798000971
3793874203
3793812763
3793812794
3793845610
3810745706
3881979370
3890433514
3890435578
3890476538
3890345306
3890279770
3890279706
3856790810
3848529178
3844341050
3844209946
3844340090
3848468842
4024584555
4024584555
4024502553
4024449289
4024446217
4016254265
4016266299
4024523835
3991141499
3986873451
3986857343
3987980111
3991973453
3981487628
3977297436
4013145644
4013080108
2938355244
2938227500
2942421293
2942421055
2909001791
2908932414
2908932414
2908938014
2908946207
2909011743
2908811071
2908810623
2908802559
2908868095
2908932589
2917321213
2917293053
2950922205
2816697309
2791383516
2808094940
2908754108
2892038329
2900495803
2900498939
2896304506
2896259354
2896193802
2913265930
2951081226
2934416138
2926019163
2927067752
2926945000
2920604412
2939478764
2939475948
2905916780
2910047597
2908932159
2942560318
2942433598
2943612990
2943547422
2943810582
2942719063
2942784727
2942661879
2942399727
2883732974
2883735294
2851298014
2851170910
2851138142
2851138334
2851141950
2951796799
2951797789
2943483165
2941510925
2937251165
2903700973
2903622893
2907786735
2910014975
2918349823
2917391103
2913061503
2913061469
2918251341
2909859141
2905730373
2905861477
2910047717
2909884389
2918403775
2910027423
2909892510
3983568286
3983567038
3991947454
3991128255
3991067901
3856858204
3856919884
3881954636
3877760844
3877859037
3877863167
3882049263
3881914030
3856682926
3856664510
3856676238
3856672142
3848285583
3848351231
3856818159
3890368367
3886239517
4020264717
4024444687
4016318223
4012123407
4017057071
4017027114
4021274666
4021274714
4022323402
4022185418
3992825806
3983914718
3979851518
3979867822
4013029294
4011939310
4016131567
3881897469
3890296317
3890443613
3890380157
3856878909
3856910653
3890346829
3890277196
3881888716
3877695484
3844274156
3827455996
3827455485
3831715837
3839905789
3839893243
3831589595
3831589851
3848371195
3890268667
3890268251
3873496139
3873500171
3865177354
3881952538
3877762362
3877762362
3844339050
3848428906
3848427371
3848492923
3856872827
3856741755
3856735609
3990953305
3990961497
1843476825
1843607896
1843476808
1843476812
1844657500
1844673820
1844665612
1777433868
1769071885
1769071901
1769071927
1769338167
1752562727
1760943143
1761082677
1760984341
1769365255
1769365015
1801391671
1801264935
1784422183
1784429879
1792556311
1809399047
1809415446
1809407286
1809435942
1775881526
1775885654
1775807830
1767418198
1767488470
1774893782
1774894806
1766522583
1867120375
1867055095
1862852071
1833524583
1833655783
1833647606
1833514454
1841903063
1842036087
1703615861
1703610869
1976114068
1976056708
4115217301
4115218359
3611893663
3620298142
3599334798
3599758814
3616535870
2545939774
2544754750
2259017790
2259021850
2263216218
2523231466
2520106218
3593981163
3614890233
3581339720
3564632072
3563571464
1949207816
2099943192
2099950104
2133439000
2133373496
2116596328
4264092520
4280872936
4281986024
4248460248
4126854088
4122659720
4122922393
4122858938
4122276250
4059091370
4050665898
4029764522
4029813694
4028771982
4028836558
1885416063
1893804607
1893735231
1889801247
1889800223
1910767675
870584378
862265370
862266378
326374426
927272250
927157562
1061343002
1027866379
1027661579
960536331
994090827
687980507
687980507
688111515
688125595
688125594
721549242
725734314
725864875
801362347
801345963
767800731
767800729
752070041
752003993
1817422745
1817287321
1678805657
1678872219
1681102491
1679995582
3827475182
3961693167
3961709423
3982614823
4016293157
4007841076
4024588564
3982719236
3965811988
3965809972
3898701108
3907088692
3907024180
3907221268
3907190533
3915840257
3949452081
3933248289
3941636979
3941702978
3931223490
3931218754
3927044962
3927036514
3945919330
2872275810
2842776935
2850114916
3923839092
3908241488
3908249664
3908250688
3908117584
3904053456
3901894865
3901895923
3901914610
3922942962
3956529746
3950246466
3914579458
3914378754
3897599506
3897599778
3897685794
3893548898
3910321522
3910323539
3943845329
3943910608
3947977968
3956497632
3956493536
3918727664
3918609344
3901827905
4174589521
4168310369
4235282273
4234233121
3965844785
3991051585
4020476225
3937507651
3941710274
3933318130
3929123810
3929124322
3996376546
3996372962
3996241906
3996253939
3996249841
4017352433
3983597281
3991985137
3975211345
3966822673
3967024435
3965902131
3965898547
3965968179
3982613811
3982613779
3982547267
4017354946
4017290386
3948070306
3931358626
3941843362
3941848531
3933461827
3932416769
3932285744
3932220192
3932220196
3957382436
3923821885
3924873485
3916493071
3914458911
3910397759
3910335271
2824063847
2826029927
2826260343
2901755346
2892452306
2909234070
2909234102
2909225910
2950907830
2951864214
2951801238
2950756822
2950748375
2908870861
2909007053
2909005148
2908845421
2942517741
4016260605
4016191453
4016254911
4016126903
3982498215
3990886839
3990953367
3986767063
3986777287
3990971847
3991135683
3991137747
3965975921
3965835632
3965770000
3965843728
3965909776
3965909808
3965964080
3982614032
4016242193
3999456819
3999452722
3999517490
3999324466
3933263906
3958425634
3958429746
3948017938
3948145474
4010994194
4010998370
3996371554
2926627826
2925578739
2925578611
2925582705
2925779313
2925783409
2950818097
2950752561
2950744369
2942552369
2942500145
2908940755
2909006323
3982576819
3982576819
3982707891
3991035315
4024589747
4024662483
4024527187
4016138519
4016138519
4016139031
4016274965
4024589909
2943501909
2842719957
2842748661
2825977845
2834356735
2834418047
2918304118
2951993686
2943609302
2926832070
2926702039
4017352183
4017348071
3992178151
3975400823
3975346455
3965970435
3965839379
3915479075
3949153331
3949088023
3949092629
3932319349
3949035237
3957346021
3924838837
3924883605
3918588055
3922782359
3921799383
3947096535
3942837079
3943890711
3943890743
3950116647
3950038311
3916483895
3899742519
3899881783
3899816823
3899804663
3925035767
3924909815
3958464471
3956307927
3914360277
3914362357
3914390645
3914455093
3925071925
3958630677
3958630679
3958569751
3948084823
3948076759
3913406199
3913340599
3980457911
2907723686
2907788710
4015146422
4025632150
4025638302
3890441374
3890309278
3856685246
3990976762
3991136730
3991136603
3991138075
4024565531
4016109323
4016108298
4011975002
3978553198
3982673774
3991064558
3991129598
3991010654
4024495391
4024499229
4016110617
2942496025
2942496056
2942500152
2942558072
2942389112
2942389112
2908871480
2917260856
2917228056
2917258776
2917266973
2908874269
3982550845
3915439469
2841693437
2841757951
3924019327
3925002303
3925006399
3916687439
3914590671
3910331359
3916626927
4017245103
4025568191
4024487935
4007710207
3941719327
3958501151
3950112527
3912297759
3916556655
3915630959
3924019567
3923986943
3925003101
3958565709
3948145485
3947949917
3947920765
3947912701
3914366975
3914555391
3914489599
3922927359
3924828159
3924844447
3924843935
3916528783
3916654815
3922979069
3918780669
4019374205
4019379535
4023576399
4015122127
4010829535
4010833582
2905832879
2918369711
2914175215
2914240637
2913074189
2917199109
2904681733
2904747829
2904743719
2905787175
2909915943
2851195703
3914432343
4010884951
4011014133
4013103021
3882944429
3849323951
3857714591
3857722519
3851430039
3851495574
3851679894
3885214150
3887180039
3886131461
3890261253
3877680389
3877672213
3877885223
3877795631
3877781039
3877768814
4025551614
4021304286
3987761627
3987794393
3971071225
3969104985
3973160201
3960511753
3976245001
3977310025
1863577577
1863514607
3979532719
3983722927
3986934253
3986947549
3986812173
4025527565
4025527565
4017143053
4011896077
3978554685
3978492719
3978480431
3915565607
3915598391
3923856183
3990900503
2943381462
2943446998
2943578038
2910014390
2784168630
3857914518
3838913430
3838847894
3838847382
3840944534
3856890047
3890378943
3890437333
3873565909
3873499461
3873499397
3881888029
3877693725
3877894525
3877828975
3848460655
3848489327
3856878079
3856751103
3856759262
3856677342
3848350174
1700870622
1701001726
1701001718
1709382134
1705187830
1705187830
1705056726
1704999366
1704995270
1709189574
1709259206
1709439318
1705245046
1705089398
1705031942
1705031942
1709226502
1700903430
3844192791
3844323895
3844323877
3844315685
3877804580
2804058916
2804058404
2804058404
2804074788
2804144420
2804144421
2804144429
2774780205
2774780221
2774780221
2774780285
2774911485
2774915549
2774923741
2774890941
2774882749
2774882751
2707782077
2707913148
2707914172
2716040636
2783016348
2816554396
2816556444
2816552348
2816551324
2816551324
2816551357
2816551101
2816543996
2783134940
2766296396
2783078220
3856754253
3856673487
3856673774
3890231726
3882031278
3881978030
3848457374
3848459470
3848447246
3848316173
3848315708
3848319788
3877745452
3877884732
3861082908
3861066525
3861003567
2808231982
2816870638
2913929406
2897098910
2897098894
3165545934
3165282766
3166299078
3187205094
3220759527
3204014567
3195762023
3195762039
2658884951
2658884951
2540535127
2507111895
2508084423
2499691719
2499757383
2499761495
3590157687
3590088549
3590087525
2516444021
2516579317
2516566997
2516567509
2508178901
2508182997
3581933013
3581670869
4150916439
4150916447
4150850943
4150850671
4160353391
4151965055
4151963935
4151963935
4118540607
4118803263
4118804351
3053418367
3053279231
3053278719
3053278687
3044890079
3044898783
3044897759
3044898813
3053287421
3053286893
3053286893
2516415997
2549970397
2541581775
2539484631
2506086391
2514474983
2516580327
2516449143
2516449111
2516448535
2540564791
2540433687
3078353239
3078353239
3044791799
3044791799
3044660727
3044662783
3078192607
3078186463
2524673375
2524673407
2549699967
2549700383
2548791069
2515162909
2515191325
2515257149
2515072893
2506684269
3043555197
3044669277
2503989213
2508191197
2508027389
2508023037
2514318583
2513925367
3587657958
3587657846
3587666038
3587667286
3587667286
3589766486
3581804502
3581802455
3579697111
3579696071
3579827015
3579827031
3613259127
3623675239
3590122869
3590323677
3581924829
2507921372
2508183516
3615347548
3615347581
3598579519
3598579503
3598578990
3598574894
4135449918
4160738590
3623867742
3590321503
3581928927
3581933005
4095727053
4095726045
4102018557
4118795759
4127192575
4127192575
4127160287
4152195039
4118639487
4118639487
4118623103
4118622703
4118614511
3590263295
3588167135
3588054349
3590159709
3590160349
3590193117
3590193117
3623740893
3623743965
3615281661
3615347189
3615486453
3581858805
3581859701
3581933431
3581801847
3581801846
4118672758
4118672694
4118803766
2516548919
2516417877
2549972341
2541583732
2541705044
2541705044
2550092628
2550125172
2545939061
2545939063
2545734502
2548876654
2540490094
2502745214
2502884446
2502884366
2503896326
2508090631
2508143893
2508135732
2541690132
2541688084
2550084404
2543678324
2543678196
2543711189
2543645622
2543637422
2541536686
2537342446
2537414142
2503933390
2503933390
2491346254
2491346255
3590192477
3581926749
3615479133
3615356383
3615356383
3615487359
3623875967
3623474543
3581531519
3581538687
3581538655
3581538655
3581506903
3581506935
3581506919
3590059365
2516572021
2550126549
2550126532
2548037572
2539648981
2539509237
2541615077
2508060663
2508060118
2508056054
2508026358
2508026358
2508018046
3581890942
3590026623
3590059359
3589928285
3581539677
3581738461
2541616605
2541747709
2550126077
2548028765
2539509085
2508060445
2508191293
2508157485
2515489325
2515366461
2511155775
2515302255
2515293550
2506638702
2540258430
2548814926
2548753614
2532041807
2523456639
2536035695
2536035711
2537225565
2537225549
2541677901
2541747549
3044922877
3045053949
3042952661
3042955735
3042963799
3034575222
3034575718
3044923238
3044931446
3044927478
3045058038
3076388343
3076363517
3076363357
3059594333
4133475357
4131378205
4148163647
3074385023
3040816494
3044949870
3028158078
3036612190
3032290911
2495428127
2495362591
2512135967
2512217375
2545808767
2545538559
2545481135
2549667247
2541274557
2503525789
2503595421
2503734685
2503669205
2502616535
2506810743
2540299639
2540434711
2540434709
2540369173
2540426517
2540303733
3077174645
3043620213
3044930941
3028154205
3028285311
3028154239
3044931455
3044933503
3044900343
3078583767
3045021127
3045020119
4118630902
4127028142
4127159214
4127183806
4126659486
3891590042
3883197850
3883263482
3849385339
3844133659
3844141579
1696817675
1696813594
1696679466
1696618282
3856727338
3852524858
3852520778
3852568010
3856696779
3848308683
3982590971
3982726123
3982730217
3982664683
4016218987
2942482281
2938283385
2938299753
2938238313
2938164073
2808103720
3848471336
3848475448
3848347960
3848347960
3848485928
3856861224
3852683368
3852695801
3886213259
3887263114
3887248778
3882976138
3876705194
3876709290
3876709294
3843121903
2775589743
2775590717
2774548237
2774542601
2766219579
2762151979
2896644459
2898184571
2914959183
2914561871
2946008847
2927141693
2923210045
2922161469
2921840429
2921774893
2921512748
2922565420
4017344300
4017343868
2908867965
2908867837
2908966143
2908900606
2908898814
2892125694
3974330206
3974328158
3974197118
3974168446
3974233438
3974225247
3975413069
3983731789
4017286221
4012103709
4016166957
3999390061
3999488829
3999417951
3999416907
3882046170
3881837226
3848282794
3856667322
3839886266
3840938938
2783977914
3857737114
3856760154
3852565770
3852597514
3852528906
3856723210
3848332554
4016174346
4012097882
4016226794
4016226538
2950874346
2950952186
2950819290
2917395802
2917394395
2950947803
4017218265
4000412569
2922402745
2921547177
2925682153
2950880488
2946751544
3986947352
3974341896
3965821704
3961627400
3961627448
3962692904
3962690856
3960723816
3977435369
2943502825
2926726649
2934065113
2934134745
2934044409
2933974777
2951802617
2951802619
2951806975
2909863934
2909929342
2908970878
2908903294
2908968830
2908833790
2917160447
2917225983
3990977951
3982584989
3982583965
3983763645
3992082621
4025634041
4025736665
4024692043
4024560907
4024544539
4024565051
4016111387
4011978521
2938338841
2939313709
2905742892
2909867820
2908753196
2917141820
2896628796
2896577909
2897113439
2898256847
2914837134
2912741278
2908548542
2937911726
2937388206
4011283630
4013048058
4013048010
4017254858
1844601290
1844655066
1844459258
1842360042
1842364330
1842356122
1710300618
3857780170
3856731610
3852557787
3886087497
3886071048
2795543816
2795541768
2795549976
2795610424
2795741496
2799874344
2791477544
2787545384
2787541289
2804335913
2804337961
2804337977
2774977849
2774912313
2774912313
2774916409
2775047481
2775047545
2808601977
2808609145
2808469885
2808469885
2809125245
2809133437
2809002365
2809133437
2809133437
2809002365
2808994173
2809125245
2775447933
2809002365
2809002367
2809125247
2808994175
2808994175
2809133439
2775579007
2775447935
2775579007
2775579007
2775440255
2775571327
2775579007
2775447935
2775448447
2775447935
2775579007
2775447933
2809002365
2809133437
2809002365
2809002367
2809133439
2809133439
2775447927
2775578999
2809133431
2809002359
2809002358
2809133430
2792225142
2792225142
2792225142
2792356182
2792356182
2792356182
2792356182
2792356182
2792356182
2809133398
2809133398
3882875222
3882875223
3882875223
3882875223
3882744183
3882744151
3882875223
3882744183
3882744183
3849320791
3849320791
3849189751
3849189719
3849320791
3849189751
3849189750
3849320823
3849189759
3849189759
3882744189
3882875261
3882744189
3857578877
3857709407
3840932191
3832413054
3832413054
3832544094
3832413054
3832413054
3832347007
2758605183
2758670719
2775579005
2775579005
2775448445
2775448445
2775448445
2775448445
2775448445
2775448445
2775448445
2775448437
2809002869
2809002359
2809002359
2775447927
2775447927
2775578967
2775578999
2775447927
2775447927
2775447927
2775447927
2775447927
2775578999
2775447927
2775447927
2775578999
2775578999
2775447927
2775447927
2775578999
2775447927
2775447927
2775578999
2775578999
2775447927
2775447927
2775578999
2775447927
2775447927
2775578999
2775578999
2775447927
2775578999
2775578999
2775447927
2775447927
2775579007
2775447935
2775447935
2775579007
2775579007
2775447935
2775447935
2775579007
2775447934
2775447902
2775578974
2775579006
2775447934
2758670718
2758801790
2775579519
2775448447
2775448447
2775448439
2775447927
2775447926
2775578998
2775447926
2775448438
2775447926
2775447927
2775447927
2775447927
2775447927
2775578999
2775447927
2775447927
2809133431
2809002359
2809002359
2809133439
2775579007
2775447935
2775447935
2775579007
2775447935
2775447935
2775447935
2775447935
2775447935
2775447935
2809133407
2809002335
2809002335
2809133439
2809002367
2809002367
2809002367
2809133439
2809002367
2809002367
2809133439
2809002367
2809002367
2809133439
2809133439
2775447935
2775447935
2775578975
2775447903
2775447903
2775579007
2775447935
2775447935
2775447935
2775447934
2775447934
2809002366
2809133438
2809133438
2809133439
2809133439
2809133439
2775578999
2775579509
2775579509
2775448437
2775448437
2775448437
2775448437
2775447925
2775447925
2775447925
2775578996
2775447924
2775415156
2775546228
2775415164
2783804284
2783804284
2783837052
2783837052
2783837053
2783837053
2783836543
2775447935
2809002367
2809133439
2809002335
2809002335
2809133407
2809003391
2809003391
2809134463
2809134463
2775447933
2775579005
2775513469
2775579007
2775448447
2809003391
2809003391
2809003518
2808968446
2943316222
2909630710
2892853494
3966660854
3966662102
3966662102
3966336342
3966336846
3966434894
3991600718
4008377934
3999923790
3999857995
3999857787
1718154475
1718342875
1701762251
1684993227
1685058795
1684821227
1693208811
1710043291
1710109067
1701720986
1701721790
1701658302
1710046910
1710177982
3887021726
3886888590
3869586078
4139197326
4155794383
4155827149
4126466860
4118061372
4101481788
4101486397
4118263101
4118263101
4118271263
4152280351
4148153695
4148161913
4148129769
4148133881
4118760921
4127016409
4127016441
4127028731
4127028731
4127023582
4160578014
4135543294
4143968638
4143956350
4143829375
4143771967
4152221983
4118537487
4114282247
4114282261
4114339637
4118533989
4118370149
4126701429
4127028567
4127151447
4127151478
4127151446
4124923222
4116535126
3579672438
3613226854
3613227007
3621607421
3604568029
3740881373
3740914141
3757699533
3749705181
3716019709
3716015597
3716019565
2642277757
3179148637
3179148637
3078477149
3078477693
3078486015
3044927487
3042965470
3042793438
3042792958
3026014702
3028119790
3053408366
3053409407
3053417823
3590155597
3623841629
3623878525
3615475709
3615343453
3615322959
3613188447
3613258047
3613258799
3621647407
3588224319
3588158751
3571447135
3563059039
3563058639
3563050463
3563046389
2505954805
2505963509
2539648981
2541737685
3078608599
3078484727
3078419431
3078386150
3044888950
3053417847
3053417847
3053282677
2515891581
2549437949
2541049309
2538960349
3613357535
3613390302
3581928926
3581932894
3581932926
3581801854
3581801854
3581793630
4152350047
4152352031
4152220959
4152212855
4152212861
4152343933
4286559613
3212302205
3212301141
3178746647
3161806647
3159717666
3159648034
3167773986
3167778082
3216102434
3065368627
3065430033
3069609153
3059123392
3059190912
3172440304
3174422752
4231354592
4231362720
4230294944
4251133345
4293007235
4293001858
4293072530
3722458786
2649767650
3719311074
3717213906
3750766274
3750781906
3734041042
3602108551
3623022725
3589464196
3560166788
3560163796
3560065484
3559029196
1344367612
1356884973
1906532093
1940013769
1944142537
2011222729
1474356201
3621839723
3613449515
3613456687
3592481069
3525371917
3529767949
3538080013
3550630669
3517059677
3500282591
3500282623
3563067374
3558869102
3558885486
3575863370
4116965450
4125206602
4121013514
4120945930
4120941833
3588261657
3579889453
3710054189
3710021159
3743559271
3744608087
3755157446
3750974866
3750905235
3749889155
3754163331
3753962626
3721455766
3713067238
3713202662
3711097143
3575828231
3613580805
3605261845
3600936484
3600875300
3601911780
3606105596
3597721005
3614627245
4095919549
4096950733
4096951629
4096900365
4230266653
4230261565
3978602797
1864755501
3999726893
3999685919
4277012303
2147354575
2147423935
2102867623
1565863845
1574186401
1574186401
1569985712
1570063489
1572327553
1576448451
1562817859
1562817794
1562876178
1596307762
1596254499
1596254499
1600416097
1608916449
1608910243
1575355283
1559364498
1550915570
1567635426
1567632738
1574988082
1604347922
1604413490
1604484433
1608668480
1566724928
1550992192
1546797904
1545876832
472132964
473182052
477113189
475085693
491985629
490949581
524507599
525556063
466746743
433187862
433189894
426898438
422695958
422823206
426964258
431154978
462600033
462657361
1536210880
2076229072
2063645152
2030090720
2063637345
2063768417
2052235219
2052235207
4262632770
4261518690
4009794914
3977313762
3964857842
3973240818
3975333862
3975202790
2916134903
2916331349
2907872005
2941487876
2939205924
2939201828
2939205924
2939263292
2939403532
2937306396
2903760172
2903756068
2903691045
2886913575
2889338406
2754928230
2758068966
2758036470
2758040502
2774817687
2774882711
2774882743
2775021975
3831708051
3831572883
3839965619
3839965619
3839965618
3840092562
3840092562
3835898258
3835898242
1692608962
1692477890
1692477890
1692477907
1709259219
1709390273
1705195969
1705064897
1705064769
1709209923
1692498243
1692531026
1692531026
1692530994
1692514674
1692515186
1709424466
1835188034
1835179842
1830917459
1864405283
1847636259
1852018979
3999438097
3999439105
3999513345
3999316785
4016093985
3898670629
3898668597
3898925621
3895751189
3895882325
3895877621
3895871973
3908061409
2845886689
2847000819
3954376131
3952256963
3948126787
3943801427
3943752419
3943756769
3945812449
3950200288
3933342160
3950119376
3915528336
3907074272
3902806496
3902801393
3903926723
1756570051
1760781634
1811017074
1794226530
3941832818
3941832771
3941701697
3931159809
3926961425
3926961441
3927097121
3996303137
3996294691
2922618402
2922499874
2921582374
2938359590
2774584166
2758069238
2758039990
2758105494
2758105495
2758113719
2757966259
3831708083
3831708083
3839965618
3839965618
3840096658
3840092562
3835898258
3852544466
3852544466
3856738754
3856673730
1734421442
1734552531
1734556147
1742936561
1705072881
1688230097
1688238273
1822484547
1826744643
1818421826
1684208178
1680071218
3827431986
3831609906
3839990050
3839924258
3974142002
3974142979
3982669059
3995248385
3995268625
3995260449
3995192097
2925579041
2925578545
2875250993
2841702197
2824955701
3898831381
3898831637
3899864949
3899723237
3908044965
3908126901
3904063637
3901945985
3901943169
3921782147
3921715667
3914445651
3943953203
3996246817
3995333409
3995260721
3995225968
3978513376
3965737440
3974121824
3902818656
3902887761
3907085121
3949191745
3932350275
3928153459
3950102883
3915434083
3923826721
3923900465
2884873217
2859642113
2859640577
2855446321
2922569505
2926825249
2926628131
2926627106
2926696738
2808339302
2774649830
2758069238
2758040502
2774882710
2774882710
2774890935
2774890935
2774628791
3848354231
3856742839
3839965590
3839965586
3839961490
3839961490
3839977874
3839977938
3839961538
3839961538
3831572946
3831572946
3840097267
3840089075
1692604883
1692473809
1709210051
1742760387
1860298819
1860435026
1877195794
1877064722
1835056146
1818277938
1818474546
1818409250
1818401059
1835244849
1847827729
1847770384
1847762224
1847778596
1847773476
1852033316
1851902244
1868617789
3982622013
3915642173
3898791229
3898853375
3898951679
3898957503
3899087551
3966065343
3991231167
3991239327
3991267999
3991269015
3991007127
3966789015
3966789077
3966789109
3965933029
3982642660
4016181204
4016193408
4016188032
4016122544
3990887328
3990883760
3986699665
3986695573
3986712007
3990957507
1835233219
3961744323
3961645937
3965843745
3974137888
3986786352
4020475904
4003638528
3999444224
3996364545
3996229139
3996360242
2921586210
2787368482
2803944230
2758069238
2774817718
2774817174
2774882710
2774882742
2774890934
2774628790
2774628790
3856742838
3856742838
3856759190
3856755094
3856755094
3856755158
3856755158
3856755670
3856739158
3856739286
3848350678
3848354774
3848354295
3856734711
1709251063
1738610903
1738619079
1738614983
1738614855
1637902343
1642100743
1625323799
1625389335
1633761585
560151313
557005569
561199409
603068704
596838433
595658769
595593217
595593217
595871745
595974165
566753541
566618373
558648069
554453781
588073525
592338469
592344869
600826725
600630101
600605149
633897369
635015577
746427289
745390009
745388729
740670104
740540040
740554376
740456072
740434376
741483000
754065513
749871211
749806619
749810762
749933898
1017271770
1034016202
1038124490
769688778
794920075
1063490970
979549626
979628026
979595258
975253242
975185530
975250234
979571498
983699758
463679790
464531494
430972950
160440323
155194625
155311377
155442449
155426625
138649425
138526577
138461025
138525537
138656080
138590528
407026496
407091984
402897424
453163520
973257280
973249104
2046991984
2047057504
2046885856
2046883808
960591840
943814368
943798000
943734624
943734112
406928672
415447056
415382528
411180032
146938880
146935041
156372225
156451857
164742257
164746353
166974545
166970449
200508497
191071569
191209329
191217521
191233649
188218995
192413299
460713715
443936755
441839603
441843699
441843699
978712563
977659891
977593331
977592803
977577443
1002743267
683976099
675588001
939833267
940046227
939980179
944174515
1011244467
1019616402
1019616450
348527698
348535858
281418802
281412882
281478402
281363714
272975107
273014099
289902065
835161569
868584944
1673895888
1648734160
1644539856
1644543856
1644535664
3792018976
3792150049
3792148067
3792082531
3793223266
2721382114
2787134434
2774551478
2774555574
2774612374
3848354198
3848354230
3856873910
3856865718
3856865686
1709259158
1705060502
1705060486
1704994950
1704996038
1704996034
1688235202
1688267074
1688267074
1692461314
1684142338
1684256786
1700968466
1700961330
1709350179
1709416241
1709293073
1700904469
3844193815
3844193846
3978409510
3978548774
3978548006
3982737702
3990962486
3990974781
3991106364
4024636216
4016248600
3932241160
3932241176
3940620600
3941010712
3936820488
3953992968
1778131224
1761358105
1759260953
1759326489
1759327577
1758274939
1754099195
1775074779
1775107530
1775097290
1800189898
1800188826
1783477178
1779413434
1850708394
1850724778
1850602922
1715760570
1716338138
1716469210
1741045098
1637227626
1637221482
1637287259
1641284937
1941964232
1900021208
1900223964
1900240380
1883446780
809582076
817905117
817905119
809516375
339820310
335626006
339951378
482557234
209788194
209796386
142818611
142814467
146877697
138509569
155442625
155442625
138649041
138526129
138461104
138525616
134396304
134396800
138591120
423869360
453098416
973323984
973258433
973250499
2047057906
2046934882
2046868770
2064694562
2031220066
1746072930
2018702691
2027050273
2021870880
2025868560
2025880832
2017685248
2014510848
2014502656
2018696960
2018692864
2029241600
972276992
963887360
993248001
993248017
993219441
993219169
997398369
2078613345
2078629745
2074434897
1806562769
1790833089
1795010945
1792913809
1784521109
1783473077
1779279861
1779279855
1779281903
1779216235
3926699883
3931955050
4015837034
3990669306
3965581050
3965576090
3961353114
3843887546
3843494318
3881173166
3891658918
3820355814
3820368082
4055244866
4055245891
1888953345
1352086800
1356152064
1347763520
1347943744
1901567312
1900383728
1673825760
1673829856
1648664048
1644477776
1644543760
3791896112
3791894048
3791828512
3791885856
3791822369
2719219233
2805005859
2757806883
2892024691
2892089683
2892093779
2892101971
2892098003
2892229107
2892225011
2909002195
2908998099
2942556499
2942564691
2925783315
2925783314
2925783314
2925787442
2925775154
2791426418
2808203634
2808215922
2808215922
2808215922
2808207858
2942425586
2917267954
2917235186
2917236210
2917236722
2917366770
2917358546
2917358034
2917235154
2783018450
2783018450
2816701907
2799859091
2799858069
2799854036
2800972756
2808304476
2808288092
2774741528
2774541880
2757764664
3848290104
3856666392
3856731400
3886224649
3869447177
1990399051
1990332619
1990340811
1453469899
1470247050
396498059
94573707
81859995
81868187
81864091
90269083
98657787
132216059
132378845
132378845
132370909
98824669
224523101
220296061
220428093
224617789
224619837
233012287
233004087
161570071
199316759
199357206
182579990
183628599
183759735
181662053
190048225
156495856
156499952
139583184
139581392
156354512
156357585
189919601
189899105
198287713
231973747
1297323891
1280546417
1548850769
1548852816
1544658452
3708919412
3708925556
3608408692
3612562164
3612541684
3620799228
3522171881
4038070762
4038070506
4042593514
4041686234
4041571530
4041538778
4033658010
1668070794
1718402954
1713684106
1713684154
1713477306
1713631914
1730343594
1679975082
1679958698
1679958698
1684087530
1692410858
1692410346
1692411386
1709207006
635469278
635468127
635533663
635533663
635533655
627145047
627177815
627308919
627308919
627308919
627177847
627177815
627177815
627177847
627177847
627178359
627178359
627177847
627177847
660732277
1734474101
1734474613
1734474613
1734605685
1734605685
1734605685
1734572925
1701002047
627252031
627260223
