627964279
627964279
627964279
627964279
627964279
627964279
627964279
627964279
627964279
627964279
627964279
627964279
627964279
627964279
627964279
627964279
627964279
627964279
627964279
627964279
627964279
627964279
627964279
627964279
627964279
627964279
627964279
627964279
627964279
627964279
627964279
627947895
762166647
762164663
627945909
627945917
896381373
896381885
1970124725
1949155253
1949154229
1948629941
4096114613
4101422757
4126602927
3084314351
3067434590
3067442958
2549447950
2541575486
2508020783
2508016703
2499533855
2650534991
2679890255
2683957599
2667303294
2658894190
2658899822
3193550702
3210339710
3178884447
3175083087
3175087197
3158310269
3158269933
3160360677
3168683767
3168229111
3168023382
3168018774
2647924790
2639606838
2639672438
2639674450
2648055122
2647789394
2647721586
2647676534
2646636118
2646663686
2646729222
2646860310
2627204727
2627061365
2633271268
2650048484
2642183676
2674689500
2670507468
2654856652
3191795196
3191795181
3191795181
3196052735
4269659358
4282237150
4148031711
4152287614
4160681790
4158117678
4157921086
4157929247
4149606159
3059210015
3059074365
3059022893
3059088428
3075988540
3075949596
3038135636
3042857685
3026088661
3051311863
3051181815
3051108087
3176933334
3177000918
3176619990
3185008502
4258651510
3164405014
3184325910
3184325694
3184042094
3217678463
3209425103
3206042829
3206047229
3172689389
3185211117
3164227309
3166586589
3183234765
2650566351
2640080511
2640150382
2673835366
2673831254
2673701894
2675790871
2675823655
2684154917
2684204081
2684269568
2650711040
2575234048
2558444816
2558086944
2558017056
2558017121
2566397543
2650279655
2646087350
2646111926
2646143910
2646406566
2650578327
2675219847
2668927365
2668673413
3205737925
3205672261
4264734037
3862070631
3865280631
3873607878
3866284239
3866285263
3878771853
3845143741
4096798125
4096927725
4108716029
4104586205
4104397645
4104397645
3567527751
3567728343
3571912439
3572856567
3572889303
3589666375
3623195143
3606417925
3606024717
3597505053
3597514557
3597514557
3597385593
4146977643
3039681003
3039682027
3039622523
3027038475
3027030283
3035615499
3052335935
3048141615
3081754479
3085751653
3085759861
3078485333
3078608213
3078477269
3044925917
3045025277
3045029373
3045021663
3045021663
4118632447
4118640638
4127028734
4126963198
4126954719
4127061087
4127061087
4127194397
4127186205
4118273821
4117233437
4117100381
4146952021
4148130647
3615380343
3623748454
3623813414
2516390198
2515297559
2515297559
2507007253
2642273557
2684344085
2684339733
2682242581
2682242677
3716011765
3699201751
3695007447
3694933503
3699126767
3697025262
4233437438
2086088798
2086016094
1548831966
1561360638
1598089438
1589815502
1589807310
2122483142
2126741830
4275273990
4275274295
4285776421
4285751844
4285670004
4281737940
4281796340
4283697061
4258014375
4253820078
4237048990
2022517982
1489841374
1489841246
1489976446
1490910494
1490826574
1238656783
1272211231
3411213590
3411205430
3376597798
3384855350
3363896850
3364136514
3431380674
3448697747
3453928867
3487122593
3461962912
3462076592
1310603408
1310603648
1312177600
1328955200
488781072
488715556
471889188
476118324
1014028565
1014020375
491825958
491830054
524409702
524476374
507666374
507666326
516112294
511717286
394280357
360725948
360717756
339810732
336665004
336595356
353466828
890366412
926149901
926151951
924955919
1063367999
1071879471
1071876415
1072925503
1039264575
1030810174
424802878
424901406
432168782
465723358
465772014
532686254
528498111
528498077
528563644
532889004
520175020
520166812
486668748
1023523084
1024571421
760461341
760330271
762427671
794003734
785615126
777235734
771861879
771882487
1040391607
1057103271
1036131239
1015167911
1015036807
1015036806
885013382
886062470
366034358
368123366
368066038
401632598
527498502
527555862
527670286
527604742
535009558
534878487
534887223
527559221
491814436
1011949156
1010962420
1010966004
1010973172
1010842036
1010842004
1027684741
1061239173
1044470151
1044405655
1052825086
515937278
1069650750
1070708526
1037090606
1039186222
1039243566
1072929086
2146543902
2144443150
2144583198
2136143390
2136135294
2101483247
1564679855
1547706023
1572872103
1572943013
1568895157
1568927893
1564594373
1547796549
474063876
475113476
471050244
473147396
473102597
473102597
1496505095
1534217991
1592919878
1586562038
1586504167
1585456033
1589650085
1589651109
1581258405
1581266597
1606430629
532880885
499194999
364919870
365963327
363870285
363940173
368265693
353630653
353434012
486594956
486668684
1027864924
1027865885
1058274589
1060349245
1063433533
1063425327
1039252799
770746654
760265566
1027718110
1027840927
755227583
654466493
658642365
658649517
668082604
668084204
667959293
902838989
894442191
873483854
355550990
359842074
368238874
1471210522
1203018782
1335146558
1335736374
3451500598
3455819062
3454698758
3437933318
3438982086
3367666567
3434780561
3720056736
3724054432
3748171680
3727199908
3727478772
3727687636
3728698820
2117414132
2115251437
2119185645
2136016047
2144470431
1037188511
1016086495
1020280791
1020280599
1012006678
1012118806
1014215446
946909974
703631894
735096374
1800448566
1795209958
1795267558
1778621414
1778555301
1795349925
3921868708
3923134452
3906422612
3905974068
3905974052
3897568036
4245699365
4283636503
2119311170
2127699442
2122515622
2139161766
2105613446
2088844422
2092968070
876640389
876706005
873557204
873479444
892343572
892552988
661833533
670228271
670084911
667986206
1070639390
1069594846
1069653182
2109902014
1975684543
1967361439
2084695959
2084761302
2085809702
2100751910
1836515110
1844952342
1743830278
1739635974
1741722999
1733330933
1728086964
1728160692
1694590396
1694576060
1694644652
1682061484
1708275884
1708333293
1706101199
1739728654
1874010894
800125454
766566926
752919302
1819326230
1819393846
1817426278
1825749350
1842518502
1875299286
1851149126
1850895943
1783836165
1783637540
1783643684
1783635756
1800412972
1766856972
1775310876
696473644
696502380
700513373
692120909
687927109
687996421
721674005
721673509
721574949
725825573
734214199
734214223
734140495
700586335
700651903
683752799
683679070
683679070
683687294
968916350
964721534
1002536798
985759583
985890127
985890141
1002700157
994180461
960560621
956430813
939653599
939645391
943823326
675518975
683903359
700619135
700685663
734240607
792956895
792827613
788639485
788574205
788642669
788781421
788789284
654407716
654400564
620977205
625102205
616714215
612555750
746707638
763402902
767613574
759224966
755093446
755195894
688090598
675491302
675491302
683884019
683883473
683883473
679696849
696514897
730048581
734112773
708885765
704748871
721657335
721525734
721525478
788634358
755096310
688119511
721608279
725808917
1807938597
1803613223
1870722087
1874914310
1866525710
1862400078
1862458366
1862453998
1870842606
1837292199
1820417669
1824552645
1816160197
1678108661
1678243749
1696062887
1733396919
1725139095
1720944887
1720944885
1657907316
1649454100
1644211468
1660986636
1661068572
1662219628
1662129644
1664225261
1676020719
1671629807
1706036126
1706064846
1703963470
1703997198
1699770126
1695624990
1829842206
1829989742
3981597166
4019374502
4019423670
4019497861
4019235716
3984699332
3980498756
3960510260
3962607396
3961640485
3961679399
3961663014
3961658150
3991079206
3986753846
3853715542
3853727814
3851495622
3834653894
1702898886
1702964359
1736668295
1736859013
1737838465
1718881937
1714687735
1714765414
1983065894
1995645990
2008235054
2142334014
2142300174
2142283790
4287670286
4290877663
4291004831
4265840031
4131556767
4144402358
4144476086
3037195958
3158761446
2899726183
2901809447
2900699429
3185584388
4259395844
4293074772
4267708148
4263513749
4264578967
4279332262
4291882150
4286638550
4253051342
4257229646
4250089998
4252121887
4234361125
3706128421
3706128421
3701672981
3706784775
3656416263
3645959174
3679561750
3687032886
3686905910
3686905975
3687053815
3661814757
3661810413
3661843117
3661708989
3674222301
3674222287
3644932095
3645062511
3720494191
3716365421
3716185293
1572927949
1572919693
1564510605
1560382397
1560513453
1560473535
1547955615
1564732895
1564999167
1599601151
1599597023
1593276877
1593670620
1610447852
1610440428
1568628332
1568628284
1568495373
1496086285
1495590205
1533930797
2070789181
2080226333
2080217116
2078251068
2069805372
2069805853
2069863180
1796053516
1796062996
1796194069
1795620133
1762032933
1762016551
1766203239
1766727410
1766792850
1766604418
2043428486
2076982679
2072721589
965425332
965417108
970659972
962148484
427359684
423423188
958196980
958201333
962461013
961470229
945217047
953604631
955611687
947157799
947157799
961894695
994498869
985857285
977468677
977403137
973143345
977329445
708892965
717478245
734222693
692140501
943946183
943880663
969079222
969144758
734067094
734058966
734058966
734255478
700643703
700610869
675510549
671119637
671153013
687995879
692305894
700694438
729857942
729848198
734042502
725670278
688085399
688011701
688011685
688012261
692206565
729947109
729824213
729839941
696580357
700833540
693534468
672541204
741681716
741677860
739711269
750852389
763365495
796923974
1065433286
1052998086
516144582
532782550
1069583846
2139131374
2139129214
4253057855
4253127229
4253266488
3650331192
3637633592
3629212216
3625128489
2554465577
3099723881
3096578153
3100723449
2555496649
2551425481
2568138377
2583863945
3728913035
4274176666
4270048170
3197157546
3201351854
3192933614
3205589070
4279429390
4279430158
4279497790
4283625534
4258451470
4253204558
4236493126
3703600630
3695192038
3690997750
3695323095
3703715285
3716285921
1568736752
1572893120
1564762432
1430577920
1142421248
1410766336
1412865536
1412861696
1417645840
1971096864
2004663584
1718926385
1717996565
1852214291
1852216339
1849135155
1849004067
1846845479
1863704615
1813304103
1816446766
1825361774
1825364958
1825373134
1833757135
1766713677
1800333612
1800337708
1791937324
4006464316
4006411036
3998018060
3997821468
3997945405
4010528317
3842760239
3842633263
2908278382
2909588350
2909588351
2909591935
2909665663
2909534591
2909534591
3983137279
3983137279
3983145470
3983505918
3983505662
3983505662
3916126462
1835751678
1835759806
1844082878
1844082846
1845389470
1845389471
1843390877
1876945821
1875770332
1858984732
1858468380
3997559324
3997559324
4014336573
4010266173
3977694767
3982481967
3982281255
2910636918
2909588343
2909600119
2909665655
2910714359
2910706167
2910845431
2910579191
2910579191
2910845431
2910706167
2910706039
2910714231
2910714231
2910714231
2910706039
2910714231
2910710263
2910714871
2909657591
2943207927
2943212023
2943212023
2943220215
2944264567
2952784255
2818570623
2785016701
2785016703
2776623999
2776497023
2776484223
2943207807
2943211902
2943351166
2943220094
2877159807
2877282807
2843736567
2843572727
2842024437
2825378293
2842163701
2843081207
2843081175
3914721751
3914721750
3914721782
3914848758
3914848502
3923105974
3956668567
3956799639
3956734101
3956734101
3956734356
3956734676
3981965908
3981826644
3981769268
3983862324
2910182181
2909129525
2909129013
2909129013
2909133687
3983006583
3983006582
3982874998
3982883126
3982817558
3982883094
3982981174
3982972990
1835489334
1836021822
1836021886
1836021887
1836013695
1844336735
770594911
770594911
770660439
804247893
787470677
1861089653
1861089621
1861220948
1852799573
1852791381
1852791381
1852537461
1852406391
1860794967
1860794695
1860925767
1877670215
1877670215
1869339479
1869339479
1835662295
1818885111
1827265015
1827265014
1751767254
1751874630
1747677254
1747529838
1751658602
1751920746
1760301291
1793792505
1793800921
1793809112
3937131224
3936991960
3937974984
3952649800
3901268553
3905528650
3893277546
3893264746
2819605610
2887568494
2889664623
2910833021
2859358556
2859367004
2867812956
2867846781
2867724031
2867652350
2884429822
2850879486
2834126334
2825868794
2825870810
2821684698
2821553626
3899471322
3900454362
3908908506
3906938074
3906938074
3905907915
3905906891
3922160091
3917998489
3951557515
3934755723
3938828170
3930382986
3926188686
3925992430
3942830958
2874327847
2849096999
2851196209
2851203345
2874273041
2874275089
2874405169
2873315617
3946922293
3913371957
3913380157
3896605981
3896604953
3896604985
3896998265
3905378648
3922184649
3922713033
3922586761
3914129549
3913605279
3913674991
3947286766
3955409254
3938632487
3938632243
3930183191
3930121735
3925929487
2852252463
2856573291
2857748843
2866661755
2866760155
2866637275
2866669003
2883445211
2883514875
2845754346
2847918058
2830485486
2834683391
2826302975
2822110719
2822102522
2906126842
2906126586
3984030170
3916913114
3925301722
3958602075
3941824857
3941825816
3998444824
3998317848
3998317880
3998318392
3998441016
3998633500
4007026188
4009156173
4009090909
4026387295
3983395151
3966753103
3966761311
3966630783
3966630767
3966630783
2892890111
2892890111
2892890111
2825781247
2825911775
2825911775
2825737727
2825679342
2825679338
2825155050
2825215482
2842130939
2884073979
2884073595
2863134809
2864183385
2861952008
2860901640
2882003721
2839995179
2835792426
2835858986
2903887722
2905919358
2939472222
2942654814
2942785886
2934406014
2951707518
2951740286
2951609213
2918055805
2917990236
2892890076
2893938684
2893938684
2893412860
2893404668
2893404668
2893380092
2826271229
3900014045
3915214239
3915345311
3915377055
3948935359
3957324031
3956275455
3939498333
3939429149
2865688085
2873617941
2874535477
2874469925
2874462055
2874460535
2884749687
2876496215
2874403159
2874403159
2840848759
2840853367
2824067959
2823937367
2823945559
2840722807
2840721791
2840975743
2908215679
2910321023
2910804351
2910669183
2909620575
2909363679
2910453215
2910449119
2919230975
2917001727
2916469215
2907031903
2907167071
2940726655
2873617759
2873617759
2874665343
2874661247
2874526079
2952087935
2817989981
2817994205
3891734013
3822532605
3791067133
3791069181
3774156799
1626610175
1622415486
1620392062
1619343390
545532942
562310158
562881614
600609871
592288975
592297183
588102911
571316479
571316479
571447407
570857517
570857517
570866732
571407404
638516268
642677804
776633661
786046221
718936909
721099597
721100765
719921151
736704414
736835470
703149966
686372510
686374558
686374558
682179230
682433178
683490010
680798970
683945850
675556714
675293035
1749104235
2042764905
2072190584
2071993928
3665885768
3665869320
3665864968
2592128008
2323692568
2323758136
2340656168
2340607016
2344770857
2344750383
2345078575
2413103662
2413055550
2413092414
2681585278
2683803262
3216479838
3119887966
3119816270
2826214990
2822019663
2822093407
2822158973
2820578157
2820585837
2820598125
2837441661
3911187549
3948903899
3948903931
3932126719
1784642047
1784625535
1784486013
1792874621
1794972797
1862212701
1857961055
784219215
784235599
784223566
788220238
737892830
695811550
695942550
691748230
673914262
673783734
679294646
687158974
682833566
680736398
680738510
679489242
947923546
947923546
947923547
968949593
960536537
692164057
1774302680
1774302552
1774304600
1774304088
1765915192
3909204536
3942750744
3942882840
3942815272
3942815272
2869072424
2869347113
2874525037
2851423727
2918647293
2893487541
3833011637
3832749495
3832749495
1615935894
1624320406
1624320150
1620256982
546519254
563165190
563358726
596913158
596909062
601639942
601607223
592174391
592009527
591944055
592009591
592149367
583695207
584023909
583827285
583819093
600636893
600702429
592312829
592304637
558750175
558750175
558889471
558627327
558455167
554260862
554375551
558578047
566901551
566897455
562768447
562588183
566786823
566811399
566876438
558471446
558471446
558471446
558471222
558611510
558607414
541830454
541703478
608800119
608931189
608885604
621443956
621488692
655043124
772418100
776612388
785066548
801652500
663230213
629684037
612919127
613023319
550099671
541645527
554228439
587845623
571198837
583714165
579503477
596227927
566797919
541630047
537692767
537889535
537828079
542046831
567245423
584006239
571423311
571424335
638526781
575480941
579674221
579674285
579604623
580440207
582516879
846049727
846050751
841858239
841857215
841857215
841333183
845593007
870759342
837218270
820959182
1894774222
1886189022
1898773871
1932393839
1915608423
1919810917
1919809381
1944975189
1911402757
1894756613
1894692101
1885771573
1885708071
1885666855
1902509863
1902640439
1936193911
4092066917
4092427509
4050615509
4050533829
1903048135
1903065047
1936422903
1944671223
1944613623
1944712919
1911158615
1911551863
1911397751
1894554903
1902968071
1898249293
1898313821
1630010476
1667693933
1676074349
1676133749
1675908423
1667560775
3815236886
3815240998
3815233319
3790067511
3790075415
3773298183
3773150727
3781465630
3781465902
3810843950
3811367982
3811432510
3782146366
3790535486
2700009023
2700070429
2716714524
2741811020
2725098972
2726204916
2726217204
2726286740
2738880436
2705325797
2688548581
2691684071
2691497982
2699361646
2699361326
2716137518
2707748927
2741435711
2737237277
2720462621
2720384829
2720319279
2737098543
2775047982
2775501374
2758789758
2758625886
2766985822
2767060511
2809003807
2792224095
2792154207
2792156247
2791626999
2800736487
2817444199
2762918519
2767116870
2767126342
2759650591
2759650607
2754402343
2771245111
2775500853
3849242677
3857635636
3849320757
3966761237
2892851991
2892982806
2892913174
2892974710
2758564454
2783730422
2783730422
2716621494
2716621750
2712427446
2712435094
2712435094
2716629398
2716694935
2750380949
2750380948
2750380724
2750233269
2750163863
2741792662
2741796246
2741992662
2750343198
2750408734
2746083358
2746083359
2746198045
2750330892
2708396300
2704203596
2704203740
2704269036
2704264940
2708459244
2716720748
2750216732
2733435668
2725050644
2720847924
2720856116
2721052708
2704209956
2687424564
2754533652
2754509063
2754509590
2758756902
2758560358
2783730422
2783714038
2783714294
2750176182
2745981334
2745989526
2746022294
2746022295
2746087813
2750282116
2708470164
2708470196
2704144852
2704271829
2704271717
2708400164
2750347556
2750413108
2750413076
2741893396
2737691412
2737752628
2741951013
2716793397
2716727861
2716662549
2716653845
2775374101
2804799573
2804938869
2804939124
2809067812
2817448756
2817448244
2817521940
2809002004
2808937556
2775440500
2754600180
2754534869
2691596167
2691649206
2708229798
2750176934
2750185142
2750180278
2750163870
2716608990
2699901310
2716801334
2733521174
3807325441
3807192320
3807125520
4075556896
4138467424
3064468720
2527729856
2510960835
3303676354
3303738050
3299426034
3299550898
3299418790
3299356582
3299355567
3299350957
3295168940
3291011516
1161602444
1192665484
1175626188
1446158600
372416809
925933871
925941050
896575770
567515450
563263787
1637005609
1641454856
1629389576
1629389384
1628172936
554222248
1627932329
1627934378
1628228522
1674574250
1670298986
3818831114
3818691850
3820793098
3816599322
3812408890
2738853434
2738784106
2738784106
2738810218
2704203114
2708457834
2716858751
2716854653
2750414205
2750283613
2741895005
2737667935
2737134975
2737134951
2741459303
2749856119
2712107863
2779216725
2783279877
2758105351
2774915351
2774915383
2808477733
2816604453
2795764020
2795764020
2799950100
2791438596
2938431764
2904942900
2888235828
2888227604
2888223349
2892810982
2909559542
2917948150
2716621750
2716081078
2749635510
3789896086
3857004950
3857004950
3857004983
1709652148
1621571764
1621571764
565131444
566048916
597178500
596125828
847775876
315141508
307866932
305769777
841590065
845784115
845775922
845775922
1663667250
1631292626
1612352962
3761940034
3760891394
3760895506
3760754466
3760762663
2703797029
2741668116
2724890916
2800458020
2792001284
2792015628
2922111756
2939745052
2939740965
2906252847
2905392686
2909556326
2783727350
2817285878
2817267670
2800555990
2800562582
2800563635
2800563377
2800565424
2800565424
2796517553
2796517553
2796451971
3886955907
3857329538
4108992386
4100538006
4100533926
3026988966
3035113382
3030921638
3030921391
3031986413
3048785100
3048770628
2543365132
2547559724
2537073964
2503530284
2502559308
2485788236
2486057708
3027111661
3049000429
3048748415
3015205134
4072333582
4072395018
4076388650
1916282154
1916280106
1914182954
1931099402
1662660042
1674255754
596381578
562843530
834981770
1884128650
1909372042
1905960090
1939514602
1924834809
1924837212
1919479356
1915282988
1932060205
4047172101
4051353877
4039016485
4038886437
2967243815
2958863367
2971447046
2970471950
3070905886
3083472430
3213498414
3196790830
2593667118
2595756142
2612608142
2582308239
3102385805
3102381700
3899166340
3900217988
3896027844
3912805120
3944327936
3927681792
3927617296
3927879200
3946753572
2906572324
2905460261
2892779237
2892783541
2901172149
2900647861
2900696501
3974446487
3966057879
3965794710
3974310294
1826761142
1826760886
1839282326
1855994006
1857285255
1857217607
1857201154
1789961474
1781575426
1865461522
1832106534
1764948518
1763892006
3957509926
3953298726
3954282262
2878377734
2839604742
2835409479
2835544807
2836552421
2840726437
2851278245
2845838493
2846194909
2846289013
2879907893
2879776821
2868181013
2855595013
3927239751
3927403975
3944113903
4010940079
4017227437
3986771629
3835711164
3836763788
3838869132
3826265740
3826265740
3826400940
3841072045
3837200877
3836496367
3853273102
3891063822
3873760270
3865485334
4007833654
4024598583
4016079134
3979404558
3979407118
3977411438
3977403242
4015147370
2796703082
2796767050
2796635978
3874498250
3876597386
3876597419
2807184296
2811382184
2778025128
2777992408
2780070984
2783027208
2774769929
2770575643
2938216762
2938478638
2939675694
2937572398
2903918654
2908637486
2912876846
2948586286
2948357663
2948362829
2952557261
3172229837
3172295332
3159758757
3159772581
3170323637
3166162049
3182881985
3187076288
3210061120
3071333632
2805060912
2771580196
2775774564
2910025717
2909890295
2910023359
2910060207
2775699119
2784022511
2817576795
2817584907
2809196299
3861933835
3861933947
3862068586
3862056043
3866248299
3806807131
3802584075
3802591243
3802588187
3873756187
1734661135
1680145487
1681288655
1681272831
3828760237
3832940205
3971221229
3987752685
3987755645
3987792392
3991953928
3977273864
3977257736
3977458537
3964803049
3967946665
3985066409
3985099161
3986024843
3990137291
3981487179
4015100954
4017197082
3996168202
3996164122
3996180522
3996283242
3996275178
4017242602
2914141162
2914206714
2914079562
2901436235
2890950473
2886758264
2756869992
2765508456
2767638360
2763902792
3858558728
3883708168
3866926345
3866082587
4000251194
3996113962
3995913322
4012688890
4013248970
3979497979
3978478059
3991060845
3919807277
3920856885
3918577157
3910200835
3893422595
3893525027
1746016995
1746013095
3899722151
3923773591
3957332119
3936430229
1789012149
1790081269
1787943111
1787885895
1800465223
1795222086
1795414758
1795349478
1800575334
1804765222
3952314662
3952118022
3989874950
3977293574
3976313398
2902645734
2903694246
2907851174
2813544870
2812659958
2812663893
2796022020
2946885892
2942593284
2904894228
2888122228
3961929716
3894820772
3911323045
3923774887
3953155254
3953188086
3954293846
3952131334
3918589190
1744891202
1744992738
1744976354
1744968099
1744964003
1825704353
1838287280
1857162624
1856128960
1789051200
1788912384
1785767696
707833392
705735473
1779669283
1779603490
1783797794
1855097890
1855114243
1859249219
1866589635
1824942055
1824917157
1824919469
1817448365
1830035375
3849595879
3891723111
3887516471
4021652231
1840556293
1823516933
1813425925
1813430021
1813956165
1813988069
1815365537
3962591143
3990932967
4020276583
3954216759
3952123398
3922783750
3910200838
1745910374
1813125542
1813121190
3966961830
3991079095
4020373685
4003625140
4003654100
4003704580
4004556292
4025527812
4012943877
3979393541
3962739239
3962747431
3962755943
3962751975
2892123042
2900446130
2900720563
2900455315
2900454803
2766400979
2766400627
2766273555
2766273555
2783181827
2783112451
2774723859
2808282387
3882343795
2808401379
2808372465
2808372369
2808569233
2808485265
2808219569
2783119025
2783004339
2766175987
2766171731
2782949203
2782949127
2782981397
2812407061
2799959316
2799951172
2799953732
2799953908
2791429860
2808104613
2770355879
2703233974
2703237558
2707501462
2707493014
2716021910
2711841974
2695067878
2694924414
2711714830
2715936014
2716067086
2707579727
3781313517
3848471021
3827369453
3827369389
3827504573
3831571917
1684087245
1684021581
1709269327
1709306943
1705245759
1705171999
1709366287
1701051663
1730275151
1730401103
1730396927
1700971503
1709425647
1709199871
1709204959
1709270239
1709403518
1709374846
1675877726
1642153422
1642158030
1633777630
1633941502
1709691887
1743245821
1726206420
1717694788
1713500484
1730400564
1835128100
1818258724
1818257700
1818323717
1835498247
1801869063
1785615127
1794065175
1793671479
1811476775
1777918247
1777919269
1769533237
1801149957
1780112965
1779334852
1783625460
1792006116
1791870372
3935084004
3935091956
3951865308
3951869404
3947151197
3943020047
3943167518
3943101998
3909243438
3910357542
3896510246
3896509782
3904967766
1757508822
1753347318
1753339094
1774451918
1807936975
1799531471
1799797727
1799723503
1799657967
1795487999
1778515021
1778578461
1778570285
1783808045
1783873829
1800529207
1765861175
1749155639
1749114679
1749244727
1766021431
1799493943
1791167795
1791036755
1791038807
1791042903
1807836631
1774218583
1757440375
1753348455
679729655
679598535
700545479
721447367
721497543
704783847
708982247
729943526
730025446
729828566
729835718
725674182
721545670
1795357686
1807932134
1770183398
1770117877
1837170372
1824583364
1816195028
3963748324
3963870692
3972255200
3972242912
3972120560
3972118209
3963737795
3959543506
3959682802
3959613170
3892510434
3896761314
3896625650
3905014210
3905027266
3905152194
3913474114
3948040514
3943829762
1796342034
1764955426
1752374562
1756433698
1756437778
1756441857
2022780160
2022921472
2027148544
2046021632
963874896
963870832
997430385
991163603
993260755
2050217139
2050217121
2054411425
2061746337
2057520528
2125674368
1053896320
508571344
507522785
2126523875
2127652322
2123494642
1991490758
2008456582
2008456834
1970702018
1966441026
1966441042
1966912099
4097630944
4097073888
4101320672
3831893488
4100853184
4109317328
1957437664
1956913201
1420165122
1420166146
1424234498
1411655986
203762482
203844402
258370322
183729922
179323203
183550403
171163987
171102578
173191458
173253922
180399138
1522575394
1522575394
1539418114
1505926338
1484948673
1484947888
3632452513
3628155555
3623879330
3623887586
3623887458
1476404838
1485057318
2123709527
2123761868
1455294604
1450969228
373037208
373124008
389443256
892737160
879821449
896533130
904926122
1034969450
1068556586
2141250858
2145447198
1604362014
1604558622
1605549629
1589034556
1586937692
1523900372
1510274544
1493529072
1476816992
1543909472
1544687713
1548882240
1550984000
1492260672
417484356
467782228
447794020
1525738300
1525722428
2062591289
2054202731
2054206827
1783666155
1779473915
1779547642
1778630138
1782775290
1799517050
710021946
722669882
689115434
957428010
940653614
943728686
683681846
679704887
964876039
998429190
461537862
461415138
465609698
453027298
1526757410
1258297378
3372423202
3418765346
3415112994
3684332290
3652862467
3652764224
3383272148
3450380980
3454580396
3710421676
3745024940
1597540780
2134555048
2134550936
2115939464
1859420301
1859158095
1850769422
1848680510
1848811566
3994198318
3914523182
3906093631
3897691855
3898022601
3897907929
3908885225
3903642089
3919874280
3936650440
3932532937
1780981897
1781768345
1779605673
1779605673
1778640299
1761771497
1749180008
1758594616
1827799576
1826624008
1818239256
1818239288
3974173992
3836878634
3834780410
3851573898
3885300362
3868494474
3799813002
3799746442
3798635146
3798508186
3794313899
3811095211
3811218153
3811238889
3811237997
3815339061
3815265333
3823727732
3823778932
3823778932
1676295284
1676293237
1735005493
1735264021
1743717909
1743607301
1739417111
1675912735
1633973519
1633975630
1631025598
1633082286
1637276334
1620564670
1620369055
1624569743
1618276749
1614598365
1630466157
3811467309
3794609444
3798809892
3807320868
3870231348
3064938004
3081646604
4239270412
4239335944
3166507531
3164279354
3166199402
3166207978
3170420970
2641923290
2637933706
3711673482
3711606926
3709526158
3709526431
3713721775
3588113847
3588113591
3588113813
3590280597
3590321541
3590322069
3580753813
3513644471
3513578999
3547133415
3547198950
3509581046
3509581175
4033869175
4033860983
4042127153
4042127121
4058904337
4084069649
4067284275
4067415347
4067415379
4134524275
4159427955
4159428467
4125751155
4117362515
4117362517
4117362549
4150916913
4134401297
4134397233
4142789921
4142789925
4159657267
4159593843
4117712242
3580698102
3580706262
3580837334
3614382070
3622770678
3622795090
3589109570
3588585282
3588519763
3571771251
3705988961
3722831845
3722958837
3614950868
3614557524
3614569844
3614569780
3581015349
3581146421
3563582741
3563582741
3564624981
3564625237
3581402583
3581402583
3614957527
3614824019
3623219799
2549473847
2549462581
3086464821
3187121460
3186990388
3186999092
3178610228
3212170788
3195486773
4262925111
4262732078
4263260206
4265345070
4265279534
4277796959
2142900553
2092573129
1553556937
1419303369
1421445257
1421576603
3568999339
3572079531
3563888570
3610039194
3610006458
3576574890
3563992046
2499683182
2499682662
2499617046
2499634487
2499796277
2432600901
2444135116
2998778572
2998708941
4068261631
4064073451
4064020075
4062970411
4063105322
4063178794
4067176490
4088148010
4055643194
3515094043
3229944841
3247244300
3297628932
3297636864
3297636864
3431752496
3431735588
3436986861
2356855210
2222624170
3328870842
3328870794
3257842058
3257711498
3526147018
1395437386
1932305675
1932370265
1915658457
1915658489
1915670701
4063150245
4080943527
4111954342
4115953382
4107599462
3834952230
3851921974
3887507975
3887573509
3892162052
4017922564
2939986212
2906435621
2906509349
2906275943
2771255526
2804812966
2804812198
3891202726
3886877367
2813139639
2779070085
3047648900
3047614400
3052856640
3036009777
3043292961
3034900003
3035489826
3035518514
3027179090
2485917170
2485914850
2624326882
2632845410
2678986754
3735432194
3736019970
3471651075
3471397120
3471560736
3454791712
3429495088
3430543616
3426344720
3424184932
3306941044
3596286532
3606760135
3606661830
3539488494
3539518446
2457395438
3531137263
3529105647
3536511197
3536416901
1405632663
1104089270
1078866086
1141780902
1141260222
1142295438
1448910
5512134
13953479
299149765
55881175
374645143
374649239
376864902
377389254
1451131094
1446936802
1465168226
1977394726
4103904807
4106063469
4104109677
4238125597
3185356303
3172790030
2669573438
2671645758
2638087198
3173911582
3186494766
3182299438
3183298862
2646395213
2644303176
2677859656
2405188056
2367423464
2369459180
2352617444
2381977441
2411339555
2260211986
2260233474
2264442115
3323502787
3457855617
3459953025
3459946369
1329236609
1277921939
1546246834
1546255014
4230609894
4243127534
4238927086
4238929135
4255902796
1958276172
1954049996
1949839100
1949963964
1882855076
1614419876
1618613669
1624835254
546845826
545797190
814239766
815317271
819647237
813359872
809231872
272625204
272620068
299878884
399493523
382093442
382884994
374490242
1312964738
1312907746
1321214818
1317020454
1317020438
1333813527
1300750613
1301189933
3716778861
3704130413
3692596205
2081991677
2031660367
4183531725
4258963661
4250579148
4246634732
4279648428
4145417644
4111871668
4111870628
4153748140
4086570669
4088661647
4088663691
4070839707
3538298031
3538302366
1399289246
1399084542
1382335775
1382341910
1382345750
1113941014
1114579990
1110323222
1177432086
1194210070
1156453126
1152254662
1152303750
3299708581
3568085924
3573328804
2487003756
3038554636
3072240140
3055463948
4129202716
4145975836
4145988173
4112401119
4282135206
4265357478
4267967718
4272161910
4272304150
4273348615
1607868421
1565925380
1543923460
1547882004
1569901420
1569835500
1603586524
1519709389
1518642381
1523032287
1515647067
1579040827
1580990523
1563951147
1547382059
3707382378
3703188186
3434809994
3434613386
3434612362
3434623642
3484971674
3468358282
3467301886
3467149806
3471352175
3475546221
3743981629
3744047368
3745162056
3745162056
4279938760
4292525032
4288252648
4120414889
4124613307
4112121483
4114433931
1899446667
1899364543
3556126895
3537248428
3537313940
3539281092
3526779973
3531011333
1390855975
1386529575
1386541358
1403314222
1352982586
1357373483
1345736747
1413351737
1411254809
1410009625
1007356477
1011751437
1019623951
1066410575
1003500495
448790687
448811183
465612965
465608868
465608852
465674388
448898436
1606663620
2143469060
2139273741
1975704127
1976752686
1431494190
3558329646
3558260782
3558793270
3558654023
3561813191
3586966756
3616197860
3599424740
3733609537
3465157955
2396661571
2390369827
2323194402
2339983906
2306462323
2583279171
2633613123
2629410243
2627251331
3701056931
3579376039
3608678823
3592159663
3592291773
3609083821
3609078701
3583982505
3585898971
3585407241
3619457033
3601841176
3601769500
3601768476
2532220956
2658070588
3728658733
3745387503
3711832750
3692954366
3695052382
3698722314
3707047434
3706719002
3434097450
3434163002
3432008458
3436248906
3436221390
3453060095
3453469183
3486958047
3352740061
3331775653
3335908519
3335908518
3327550598
3256238214
3260530870
3285631974
3247878702
3503596078
3495207471
3493113401
3510475272
3541993992
3546254104
1927072024
1925991496
4149085384
4112388297
4112409017
4112442281
4125090731
4124894127
1976878991
1978976143
1609846671
1601571758
1584799142
1584803238
1584866790
1584738342
1600458806
1567035414
1558524934
1554785350
1287415255
213706725
1285333732
1281143524
1292665460
1277002244
1277138436
1147121428
1157536565
1152817461
3305027845
3319708613
3445526405
3747579781
3604841365
3596387237
3598483941
3598488037
3594364389
3611223415
3611223381
3615421813
4152317431
4152317431
4152317399
4152319453
4152319485
4118633949
4118116863
4126507007
3589636063
3589619271
3580106247
3747878455
3747881254
3756859430
2410618914
2377060402
2376811522
3367617538
3367566626
3367545378
3384326690
3422140690
3405757443
3393096705
3661530176
3661006016
3658908800
3657860513
4215777185
4219856547
4219987587
3654186947
3625916355
3625912311
3695118181
3704955492
4237567588
4237583916
4237347388
4254108172
3738405388
3595741708
3591547405
3590454847
3523244670
1912869358
1912865006
1934360814
1892286710
1352274134
1352278230
1352343702
1356541318
1346906502
1355344822
1351125670
1401457319
1385008781
3599668876
3600200332
3606487948
3593839524
3610551204
3608455140
4113885164
4114051069
4112936943
4146472935
4150657510
4125495670
4259774750
4260172062
1575231774
1575232798
1441541434
1441605946
1441413402
1437227067
1575672857
1575535624
1568178568
1562091928
1595572636
1998291356
1998422428
1964279228
1964281268
1964427749
1968622053
1970695013
4126633591
4160192071
4160181831
4160734071
4141728102
4275880294
4267503926
4145836310
4145902102
4252922390
4261282350
4256899886
4254609710
4254597162
4258796555
4249364491
1493788747
2030725339
2068511193
2076888009
2077937544
2078001032
1498993560
1497162664
1562239468
1562366412
1595850972
1583211756
3738987756
3734793452
3600641197
3616887967
3583439807
3566658286
3572941562
2498806362
2490425882
2490394170
3560203819
3560203819
3576980539
3577156617
3623291913
3753265161
3736500233
3736528923
3472812346
3460089114
3460072266
3726214090
3726279322
3604656830
3621430206
3571032998
3558471094
3558591894
3493726598
1346247558
1883192214
1887188902
1962685415
4105970477
4122813212
3602653960
3602412296
3606630168
3330009896
3330009912
3472447800
3470592088
3482191048
3364230283
3364234378
2291547386
2291273194
2295334378
3360700270
3356517246
3355501134
1220719310
1283696271
1283518100
1296083620
1593874852
1577094308
1577223351
1443008646
1443012806
1979883590
1984074775
4156727092
4118978084
4120350244
4107570788
3025964660
2770181844
2770253524
2770253796
2805982565
2809525607
2808464423
2783822903
2783835189
2758665245
2758636893
2758768095
2758162351
2774939566
2774992806
2809398678
2775858582
2784051126
3857858486
3852607190
3852545734
3852480198
4125109958
4150275782
4150345606
1987132854
1987132646
1592859878
1592857654
1591809030
1591833606
1592128774
1592780050
3735725331
3735729425
3723146257
3697982657
3697921169
3698953648
3699031732
3696934564
4244280996
4244211429
4244158439
4240221415
4110216294
4097604646
3559786498
3559798850
3693488450
3693490146
3588364130
3751954178
3736192771
3736112385
3736120576
3736382720
3736579328
3732321536
2654896912
3208610528
3158021792
3162236581
3170631335
2902215335
2893814694
2889105302
3157540822
4247854550
4251129334
4259523926
4259392854
4259393014
4256180726
4256185750
4254088582
3717215623
3700454791
3700486551
1557181941
1550890469
1550958069
1411628501
1428412885
1428347861
1461877717
1461877717
1461861333
1986158037
1986221557
1994413557
2011296853
2011292759
2011280759
2002828599
1998626103
1965078871
1696841541
1696841557
1835253605
1835185509
1835185461
1701041461
1700918069
1701016353
1684149025
1684214567
1684083511
1952464662
1952528662
888346934
905058614
917657654
917755910
850574342
852787207
844923037
839418028
570982572
1662947484
1679732876
1681302924
1680256668
3827554988
3831552685
3831556781
2757815021
2782981933
2782983469
2778842397
2778841357
2783176461
2783176253
2808217135
2808208935
2808119287
2808118759
2817543335
2749566135
2715946119
2715954311
3781373063
3764596134
3764534694
3764522918
1625493430
1893744022
1893739910
819998150
819996870
819996870
836778183
828455239
828840261
862394821
862272965
862272853
862223733
862223719
828734823
828734823
828766551
828766551
837155159
862321495
862452567
862452503
308377911
308377910
316897590
316897590
316897558
316897622
316893527
333703511
300149079
300088647
291683655
291675478
291544439
291552615
358660455
367114615
367245655
367114581
367115541
350403860
342013184
342015232
337747248
337705248
1008744737
1025587491
1063401762
1063394594
1055000354
1054999346
1054872342
518005511
518284615
509929927
522516919
523532711
490039719
492198294
502684550
363233158
362969031
362825719
362829799
367067110
90308582
69312502
69255030
1411497238
1415821590
1424210227
1956748577
4154507056
4137793024
4137850372
4137850388
4133723685
4129414759
4129360359
4095871143
4095871142
4095871118
1692535951
1688288415
883961277
900738445
934292879
383790535
375471574
388054982
392249158
392175430
400564087
367016295
367212919
358775127
358775111
358833495
358669685
358677861
392215925
358727031
358858101
358727029
358858613
358793045
392346455
388103031
388004711
388053351
392313207
400702807
400694359
400694743
367025623
367066613
367066613
367247349
367181781
358858453
895598421
929275733
925080917
924949860
912301156
912309348
929283428
929217876
891486020
891443797
891427815
895622118
878918118
878919142
878910966
904074694
903951686
933242694
933265222
400588102
400570710
400570711
400767319
367147477
367147477
367140293
358747589
358620501
90189671
123764071
123796838
123796838
123796838
123862390
123993431
132372823
132372823
94501205
98826581
81984325
73596741
86138709
86007655
86007655
123764071
123796855
132382071
98827607
90436949
90371413
90371397
73596161
73530673
81819953
81819953
73628465
73554705
90331921
123886336
123886848
115496384
115525056
132302208
98748305
82036627
81911731
81919410
90241442
123791842
107014626
107014626
106981730
106985842
107183442
107175255
107044215
107052407
123960663
123928387
90373955
73635779
73643462
73637334
73506294
73439590
98613350
132184163
115408225
115572081
107116373
107115349
107106901
123949653
90330887
81944335
81977103
81910558
81853242
14744875
31522091
56677739
39899515
39960955
40091995
40096091
40104283
40104731
56816923
56808715
31610121
31610121
31675673
31543577
31486265
6320441
6312251
6373691
274843451
274847547
275044155
275052315
275052315
283440955
300275483
300270875
333955355
326095131
309162299
309162299
326070587
326062395
292508027
292507995
284127579
283996539
275607931
275535225
292377977
292410745
292418937
292409689
326103369
292548891
292386107
292378411
292509499
292516667
300774171
300774201
292385081
325939481
325939513
325931321
325931307
325939515
326071579
292517147
292517147
292517211
292385147
292376923
300765531
300766043
829256539
829256571
829257083
829248889
829248889
829256025
829387097
829255961
829256025
829264249
560829819
560840187
560830907
560830875
560961947
560840347
1668133529
1731048121
1714270905
1714270905
1714418345
1713779369
1713780649
1734486447
1705122211
1705183443
1738742786
1721967618
1990206466
1990255618
1990239235
1990372608
1994562048
3861023296
3827468992
3827403504
3827342048
3827366560
3827330720
2757783204
2766159271
2761956518
2761968870
2766195942
2783042583
2816666629
2816649484
2808326924
2808343052
2742286860
2742254127
2742229550
2742094638
2707491118
2690844734
2690845726
2716277822
2713023582
2710889678
2743401614
2743897486
2727120782
2748156558
2739509951
2735471343
2736450543
2738547055
2708138351
2712332541
2712660436
2716662164
2708265860
2704067460
2703706772
2771549860
2771546084
2784194532
2778750964
2816502613
2816502615
2942331239
2942367782
2908866599
2917386261
2917333252
2917379844
2917248516
2908793348
2939202100
2939271719
2943453990
2943453478
2951972918
2909964294
2889000974
2889082910
2889018430
3962731630
3961653478
3961653730
3982953458
1877154546
1860385523
1856055891
1855990547
1855989779
1857038401
1857218752
1857202304
4273125760
4294085248
4230056592
3961559728
3961633440
3961649888
2892032736
2900388576
2896194533
2896194023
2900379878
2900412518
2908801079
2909009941
2774789380
2774757124
2783145477
2715889167
2707499566
2707429678
2707490862
2707490878
2716010558
2715973662
2746411022
2744298510
2743184398
2743373070
2743897614
2739768910
2735311582
2701892334
2701851374
2701847278
2706045358
2710231214
2710296749
2711222716
2717449100
2704865932
2703841932
2704177836
2704178092
2704697772
2708957356
2714786974
3855637646
3854589318
3854662086
3854658006
3854772694
3879874006
3880988118
3889374710
3889378414
1741888623
1670580287
1670465551
1669392397
1635821580
1636870156
1636934664
1628549384
1627427080
587219208
587661608
588123433
554568042
567155690
562698734
596187599
596130255
579354061
847786189
310911116
42659972
46830720
47095168
38707088
38584032
1112325856
1112325728
1112456768
1112452608
1108273664
1178532352
3329083937
3605846051
3605583907
3622369313
3521772560
3505057536
3228237376
3228175937
3223915122
3223853666
3244832866
3253221474
3249027170
3249158210
3250206786
3248109634
1099512002
1099454674
1133041874
1116273088
1120467312
1176042336
1194981744
1329260880
254470592
254474688
258644416
262900096
262769072
1332255136
1328130976
1294707408
1294711504
1278184144
1278057072
1294854672
1294821937
1328355874
3463207202
3462944802
3739768866
3739867186
3488263170
3320491779
3312107074
1345031746
3492383346
4029258338
4033394786
3773347938
3769153634
3773480002
3760895042
3760894019
1614533621
1612265453
1612200941
1612192237
1616644589
1643977085
599603221
582957077
580859205
579609025
848044993
848085696
847939200
315529856
1380883072
1359919808
1343142592
3490626112
3494296144
3510954528
3544508960
3527698977
3527678498
3527743522
3537700898
3538819154
3555596354
3253614658
1106131778
1097480770
1097472834
1097341026
1105737826
1101543522
1101740098
1101674562
1102723138
25696338
59267170
59267170
42686802
42694977
1116338544
1120467296
1108933088
1176021472
1195026883
1195026818
1160419714
78350738
212441523
212457904
213711776
217381792
202664864
202468256
219315088
252864960
236088576
235957552
235957536
242345233
259177731
225611075
225675731
217156067
485599667
1022536579
1013095043
1814268547
1814137555
1814076979
1814081059
3961564707
3961630499
3961576483
3961539619
3827305511
3961723239
3965860835
3965848291
1826687667
1826622131
1822432147
1839216851
1855989955
4003522753
4003637440
4003637440
4003637952
4013066816
3979577936
3962608224
2888886880
2888886880
2901437028
2897234532
2896186341
2912963047
2917156967
2917156982
2908870679
2909009940
2909006084
2775837444
2784193029
2784193031
2716937766
2708479782
2708473190
2707489014
2690842870
3764531446
3773964502
4036109510
4034996294
1887443014
1350584390
1401391174
1120315654
1111927559
1376171523
1376687618
3524113378
3528434082
4090405249
4039803268
4040852372
1880676004
1879850668
1611414252
1610889768
1610881832
1641297960
1639197736
599008264
598745097
602931211
600113402
600162459
566527113
566594952
566597528
566596248
541307544
1615045272
1614915084
1610725917
1611774527
1611770414
3761417006
3765610798
3862079518
3861021710
3862348238
3862303702
3862114982
3861918370
1865430690
1844453026
1873813474
4004527249
4004522112
1790126208
2058496128
2058496128
2146568576
2103643008
2086674416
2096114977
1822436386
1822698534
1822701606
753149990
741091342
1815898382
1763502094
1766234173
1837538348
1837337884
1837141516
1702923788
1698737740
3842092636
3842092663
3842240102
2768469606
2768452902
2735867942
2708606006
2712812630
2710994114
2709871810
2693778562
2962147715
2966346627
2974809043
3004038002
3005147922
3005114626
3009309954
2745117986
2744919329
3818660132
3822846836
3776709068
3759669724
1880690920
1896755432
1917790440
1925458124
847534156
851724493
306567623
306623951
302424527
856072655
826713487
809938367
819374567
819378423
819431511
827360310
856731686
855695398
587391014
587620390
559293286
634782435
613417701
1687189221
1958801140
1959000781
4114864717
4114672207
4114934382
4123323374
4119162862
4119728846
4119724686
3566862990
3566797733
2493020068
3034115556
3034114356
2507713284
2537138688
2520493568
2520359424
3594179072
3594174977
2673492578
2639815906
2650306786
2633517282
2650359923
2549795073
2524605953
3594135041
3594138307
3327661026
3327667362
3336054946
3319281826
3302623378
3302885570
3298692162
3298694402
3315341074
3348899618
3332140835
3332173601
3336349472
3474765616
3441329920
3424290560
3430583040
3450505280
3467282496
3467151456
3727202528
3727206624
3727342800
4264211840
2100213376
2083427968
2083507888
4230830752
4235147680
4235013280
4100730016
3034852512
3030853536
4105119461
4105123542
4104990406
3568054006
3568052966
3559655910
3559656662
3560844486
1950229958
1971200462
2008445903
2006401870
1468286222
1459891518
1426336042
1426405690
1427512634
1435895146
1469448682
1469399448
1468359048
1199894920
1326763224
1293207672
1159129112
3306612767
3342248206
3346446094
3333849614
3331752542
3600777983
3600585453
2526851820
3067915244
3055065580
3057224020
3005913140
2955588660
4029309184
4029288768
4029546949
1881932773
1881940709
1911371501
1907296878
1940785422
1940789262
1387076622
316952590
35938314
35926026
37097482
39197978
48106043
43911721
43850283
43788858
47982090
39326474
41468874
49971594
27952030
1084928930
1084986275
1085837728
1083748768
1079816352
1075622048
1075835024
1075242436
20375300
52850236
119631404
119564844
119613976
90274569
90196297
81807611
91249835
91305113
91370959
124912079
124977495
116466023
116465955
116597026
108208434
108089650
124908882
91399618
73571778
73566595
73632147
73500851
90413233
119781585
103004243
371304739
912304931
2002823715
1701030451
1814268435
1814137395
1814084147
3961629235
3961764385
3961572129
3961538919
3898608871
3898610855
3898745254
3898745270
3923915766
3925021686
3920698742
3920631830
4021299206
4002703366
3197560900
3199645892
3200167108
3200234884
3195570084
3189277100
3055530476
3072303468
2753557293
2755641918
2755543582
2754507326
2758766127
2758564463
2766424429
2766457212
2758068508
2759130892
2775770636
2769445453
2773623503
2775779054
3077578214
3210743014
3202354406
3202483270
3198562318
4290125838
4257095694
3703185418
3703072058
3707296506
3426257626
3426257546
3426269838
3426397070
1545252750
1574626702
1570431126
3751710885
4143874212
4134961380
4130776516
3862341124
3862347268
3996232244
3996166692
3996166692
3996166692
2922421548
2922415149
2922430511
2922573935
2943542511
2909984103
2918369079
2784151383
2775643591
2758862278
2754670062
2758990830
2757937902
2699217630
2699119198
3764414998
3764399878
3760205062
3760657414
1613053046
1633950950
1675955366
1655049398
1654797442
580003202
578889602
847255170
847300291
847283779
1388357121
1381148224
1360176704
1345498816
1345502912
3497446020
3505769124
3501469351
3501467310
3522438062
4067700974
2992980206
2993015854
3001321534
3018106895
2980882444
2980948492
2985209356
3010373132
3077476876
3043918364
3044786732
3179037228
3174826540
3157002025
3157211515
2775390331
2779580570
2813024394
3082446986
3065769098
3069764746
3071853706
3038414778
3040519866
2755309178
2766843418
2762652172
2712189452
2749929996
2989284156
2988986172
2989102380
2989105452
2989097004
2726232100
2713649188
2696823284
2696332164
2696319628
2964629133
2968825486
2956253878
4028893858
4028893858
4029029090
1613109538
1617832962
1621959682
548282370
548286466
833499202
834326722
327714210
852002466
843613858
839489170
843753094
852010919
1922605221
1941938348
1908400300
1885103308
1880915148
1879984136
1881016604
1885215293
1962814013
1957440087
1956978246
1571227206
1608516294
1580471014
1578377702
1579032662
1583226886
515780690
515387490
514334821
514335084
501862760
1294516696
1278772552
1144564040
70887752
71281112
75471244
82807181
1152290702
1152025486
1202619278
1185846246
1190044006
3328614434
3324425218
3324423170
1176808467
1462021153
1596237153
3749160928
3755128416
4286746128
4287794960
4293955344
4280335664
4280331312
4280591409
4247187459
4231418946
3158183122
3158183842
3170573986
3166242531
3166257717
3165184516
3114852876
3114852888
2557013544
2552781101
2553829679
2558151142
2558134758
2557153222
2624393926
2641179270
2653827734
3731763702
3674083446
2596208662
3669973013
3669817396
3757893692
3715934588
3694693336
3424159688
3692593548
1549779340
1549713647
1549689062
1545036902
3642125606
1528187138
1517701890
1592942338
1593015810
1584731970
1601459186
1610400675
1572651941
1570685348
1570759140
1607262660
1598874948
1309668612
235893812
251999268
251932716
219558172
231871752
211159817
211225179
211106522
93596314
93596314
127165114
127185834
97813418
72843706
67477931
1141154024
1141153836
1141158956
1142275100
1412684812
1144441100
1155975695
1151752783
1169050318
1203718871
1190971383
1182589397
1114431700
1114431732
1123000468
1386652037
1386656659
1403422626
1366593442
1345621346
1345424418
1344535570
1881433106
1881416706
1881416706
1931886386
1919303203
1386616355
1455293955
1453064903
1452803783
1468549119
1435011565
1435023853
1418242541
1422502893
1414245277
1426763421
1427039885
1460557461
1460471445
374146711
306589111
382086307
331818147
1409234086
1400845462
291824838
283417927
283413271
279218727
296004133
296069664
300395056
325238289
371375873
371363123
371360803
371319842
372335618
504511682
503450818
520227010
223480019
215354227
78973539
78920305
76562129
93384401
126920337
131114896
113288624
104906144
104963248
117610689
120780865
119691265
52627507
35723555
40048930
48447266
65224466
65486594
65478402
65474306
65489154
65489171
57002259
57002291
57006387
57530675
23976307
23976307
23984499
23984498
23976306
23976306
23976306
23976275
23984467
23984467
23984467
23951731
23984499
57530739
57530739
124647795
124647795
124647795
91093363
91093363
91085171
91085171
91060595
23689587
23689587
23689587
23689587
57244019
57276787
57276787
57276785
124385649
99220336
1172961648
1148057968
1156414320
3299703664
3299424880
2225683056
2225814128
2225683041
2225617505
2225633889
2225634145
2229819751
2221464055
2154420727
2171197879
2171206071
2204760503
2205022647
2205022647
2204629399
2170943927
2170943991
2166618423
2167666967
2165827871
2170022159
2203576591
2202523933
2185742717
2186136029
2195573213
2212321757
2212321645
2214549807
2181003567
2180475711
2180475711
2180344639
2180348735
2180893495
2204994423
2204998135
2204998079
2204998079
2204998079
2473573311
2976889502
2960112286
2687482590
2687482398
2687351358
2688531006
2688461358
