3589127614
3615407550
3621699070
3621711326
2547961311
3621779359
3621648287
3613251471
3076376031
3076380159
3076519407
3044926959
3044893183
3044307295
3044299741
3044504541
3044434685
3052828669
3052914173
3048525293
3031760253
3035950429
3026578717
2485515549
2502415677
2502346557
3039221535
3076945759
3077002623
4150621550
3086317038
3086317054
3086472670
3086996814
4160746830
4160611679
4152161661
3078421869
3078380909
3078577532
3045029725
3036636877
3036639965
2499638013
2491242223
2491172847
2515813886
2515858943
2549409007
3086349567
3086472447
3086406749
3086407005
3085432669
3043354391
3043489303
3026712119
3022476839
3022085990
3043065190
3043048566
3077641303
2549284931
2549231683
2549244225
3589497681
3570496355
3570496871
3572620663
2499008599
2499205319
2516048071
2515901911
2541067735
2524812759
3594507221
3594384373
4152223589
3078481765
3087005557
3221214709
3221050869
3212146165
3212146037
3212277109
4286019381
4269111095
4277495606
4277495678
4278056318
3204308478
3221016030
3212639694
3176984010
3160387034
3028196730
3028191034
3027748414
3044394559
3052786239
3052786237
3052786557
3052795245
3052786924
3045020925
3074315741
3074315725
3074315725
3074389983
3077957119
3086280047
3086283903
3052786783
3052920143
3044472143
3044538239
3044505463
3044497271
3044497239
3044364631
3086315895
3086315893
3082285557
3086472661
3086349789
2541090269
2507529693
2508185055
2503998943
2503957982
2508150654
2508027774
2516416478
2516448095
3053451103
3086996863
3086865725
3086873885
3078421789
3078487357
3078092093
3078083965
3078083965
3073855965
3073774045
3073774079
3078033903
3052746223
3050649086
3033824734
3034410446
3034443214
3053321694
3044915071
3044906815
3045037599
3044513295
3043358221
3043358269
3043358509
3043357997
3045064036
3053442292
3086992597
3086992597
3078575575
3074389463
3074390006
3072817126
3076880358
3086317559
3086317527
3048502741
3052795221
3052786997
3043292437
3039094037
3039159575
3039225111
3044464471
3086372695
3086442455
3080027895
3084148453
3050591973
3044300503
3044357727
2507486558
2515825710
2514777198
2514769006
2516022358
2515985478
2515991878
2515983687
2516041045
2515909973
2507446260
2508052436
2508183508
3040270292
3040334837
3040301557
3044504055
3078058343
3078051174
3069560182
3069501206
3077897998
3077959439
3075862367
3050634623
3050624381
3050689789
3050820861
3075961085
3210048605
3073864829
3077985645
3086374765
3086440319
4160091999
4160026063
4124425695
3881287167
3881287039
3881282911
3881282895
3881153631
3845443711
3845472639
3845592047
3845530351
3845531375
3850307311
3854372591
3854307327
4122746319
4122766415
4122797134
4160087374
3614897502
3610768767
3608663935
3579172735
3579180927
4124534653
4124573565
4124564829
3052920277
3044400213
3044922453
3045053527
3078549847
4152287575
4152357686
4152226614
4152218934
3078452518
3045029158
3045023015
3053412215
3053412055
3053287111
4116522631
3579786887
3579778966
2506036662
2505840102
2516324582
2549887094
2549948510
2549968926
2549970238
2512221470
2512213278
2495444254
2499637567
2231120155
2222723867
2222719771
2222921531
2222861867
3296669499
3296542490
3296531723
3303805195
3303805193
1156317192
1173176408
1206796760
1181664728
1181668824
1194325496
1194125304
1160574936
1160532825
86856539
74347387
83780987
83846459
83719483
1156437375
1148048766
1148055902
1148031454
1148027358
1173324246
1206817238
1185853942
1185871351
1185904113
1206727024
1164719408
1147999520
1148139296
1148135216
74397488
74396464
70202160
70070529
70058241
91078979
133026291
133018099
133150193
133150193
133019121
133019024
1206762896
1189985681
1189985713
3337469107
3337469107
3337469106
3337467106
3337474274
3467637090
2393891619
2410668833
2376983329
2364334881
2355942753
2351940977
2368656835
2372859842
2372921282
2272090066
2254788594
2254788578
2254829027
2254827987
2254827971
2280051139
2242287042
2242362866
2246360546
2237971938
2233773554
2267526466
2250675010
2250675027
2254893937
2254893937
2271704945
2271567217
2238021105
2239200755
2239110642
2373336530
2373395906
3455394258
3451199859
3450286963
3315925777
3303277328
1147409680
1147477296
1147615536
1143421232
1143290144
69479712
70001920
70062337
74252545
99467763
128963059
128971251
133166577
124646897
124646897
124630481
124630481
124630483
124630482
258848210
258847954
258847954
258585810
258585842
266989778
262795762
1303097843
1303098353
1303098336
1307157472
1332323296
3458839024
3463160208
3328938129
3337322647
3337340151
3337474166
3337450790
2263639342
2280466222
2246911534
2230072878
2221692446
2221688655
2221688141
2238694861
2272187868
2280576508
2280641020
2263732572
2280509820
2280517996
2280448100
2238505317
2238566903
2238616535
2238616295
2238559911
2272106151
2255462279
2255404423
2255467919
2255336895
2255336879
2255466991
2255479774
2255479774
2255348718
2255353710
2523789166
2540567902
2540694878
2507007326
2221798782
2222847870
2222936950
2222936406
2239721799
2239721815
2281664885
2281657717
2281665877
2281568085
2281504757
2247941861
2239551477
2222839797
2222847477
2222978545
2222945745
2239714641
2234471761
2234414849
2238609171
2272225075
2281530738
2281567602
2415777266
2415777266
2407388627
2407395779
2675827139
2675958739
2675832307
2675823987
2673868151
2673732983
2673700215
2673700183
2673835350
2524910934
2264859958
2281510198
2281510258
2248111442
2227139922
2231334354
2231227890
2231162355
2239616497
2239616464
2239756112
2239625072
2239559456
2239551280
2222913329
2222909299
2239752051
2248144882
2550126578
2549995506
2533218290
2533154291
2524839411
2524835315
2524798323
2519483763
2519553399
2523882839
2541708631
2516526423
2231318359
2231310199
2231310197
2231179061
2231115061
2222734641
2222730545
2231201073
2228714801
2228641041
2228700416
2220311872
2279036224
2262193984
2264815552
2399084145
2398883617
2397839137
2397838625
2398043441
2398039089
2393646129
2397836321
2397848865
2397847863
2397884791
2414662134
2372714982
2355937766
2356007406
2356146654
2356081102
2356081103
2356146507
2356082123
2351889867
3442408907
3476012507
3459235274
3476010442
3475887562
1294782922
1148047835
1156505979
1157521771
1149134185
1149183803
1148131103
1148061470
1148060542
1148154718
1156346718
3320705886
3316576639
3354310143
3337590263
3329072615
3329070519
3329209743
3337597903
3337475038
3337384814
2280469294
2247042350
2230201646
2221747502
2238457150
2238456078
2280476942
2280636750
2259665407
2259522047
2263650733
2263650733
2255328684
2255338936
2268052920
2267918264
3341676440
3307601544
3307730568
3441948312
3441817528
3446011896
3447186924
3480741228
3463831853
3463963423
3463901967
3463893774
3463828262
3488932134
2413098343
2379545959
2378493269
3452401412
3452334596
3437105924
3437101844
3304915236
1146885156
1146952741
1142896677
69147685
69078017
71177473
71173377
74252545
91046737
91084657
91083121
91050355
91189619
91181395
91050354
91092339
91223411
91222387
91222355
124637523
124621267
124621299
124646899
124777715
124780019
124780019
225443827
233830387
233699283
233698257
233698257
225309681
225309169
258961779
233796979
233796979
225407347
225440626
225276882
225276754
258822482
267211123
258823539
258831731
258866547
225312113
225441233
225310161
225310161
225309137
225300977
225432051
225432051
225169779
225177969
233566513
233568049
233563955
233564019
225043283
258589522
191480786
191480306
174707122
183227826
183238067
179043763
200015315
166295505
166290385
149451633
149500721
142156577
142287649
159064369
159085843
159106387
225150450
221087218
225285522
258848146
250450322
250450323
250450355
250458289
242065585
238936481
255845793
1293936547
1293840306
1331574466
1333724866
1316815638
250348342
245895462
245899559
262742309
229254452
212544788
208211220
205065492
204999940
204211477
204275989
204296467
204435731
91157266
86954834
86938610
91132914
124752786
107844498
115970962
115987891
116225521
116342129
124730673
86998305
70118769
74229203
208504195
216893330
233670546
1340970930
1324193458
1592629170
3736048562
3736056242
3741295011
3732791459
3732676771
2658673059
2658674087
2658867111
2683963319
2684028805
2650355653
3722994501
3723027221
3723026741
3715670325
3715674431
3715674431
3715739967
3715822879
3715824909
3715816201
3715812313
3581660089
3577269177
3579431833
3613384075
3613389195
3621777807
3623735711
3590304255
3589714223
4125602087
3043271973
3043274021
2808461621
2808592661
2791751429
2804323844
2805433876
2771878421
2769728061
2753479213
2755446317
2755413869
2755412972
2775319528
2741830648
2751398344
2717716936
2717659608
2696164840
2696232169
3769964714
3769972890
3788515466
3780126858
1666394250
1649622154
1658000778
1657868442
1653670042
1656160442
1655124138
1940152826
1906631006
1894035743
1886166303
1344900415
1345050935
1374345525
1370159477
1370127831
1370123719
1357538759
1349154291
1344947699
1076577619
1080907027
1080911123
1080390931
1080554513
1080554513
1080488977
1080481041
1088931089
1105712913
1105637955
1139184195
1122469570
1114083154
1114085426
1114085410
1113950242
1114438690
1114399762
1131356162
1097740290
1105855330
1156186787
1156256419
1151932081
1156255361
1157172864
1079516736
1079522848
7873824
7872544
74129424
74063872
74060800
90883328
120556801
254774609
237870547
242070995
242070482
242070227
250581715
246403667
263156561
229602097
212825376
217015584
204336417
70116817
70113219
70043523
86869427
124617122
116233378
112047282
116241555
116374739
107977811
103791731
107982306
107980019
116368595
1190101203
1181712595
1177403601
1177370865
1177444833
1445880545
1475306209
1437300385
1370185347
1370087043
1089063555
1080675219
1080684451
3228100577
3496534625
3514622515
1367106067
1466790419
3580843795
3580779795
3580778513
3580872817
3572353232
3572497616
3572491716
3590304724
3590165204
3619459700
3623653988
3623674661
3623674151
3615252774
3577680934
3560834054
3560836102
3560836098
1149181218
1156463906
1152259842
1152325378
82576130
82051842
74928915
74933025
83354416
83224432
100001777
125173201
125160849
107335059
107824531
57479634
23925042
15675682
15671587
15671587
15540531
15561987
23975171
19891521
120554961
124622289
124630481
124622288
259888625
257928609
1331539361
1314760099
1323144594
1322746258
1324848018
1324807090
1517806566
1517662566
1591521638
1590469935
1590471725
1598860333
1594666009
2132786185
2132706377
2134803529
2004796507
2004796891
2004271579
2004242923
2004165099
1945379307
1934889371
1901396889
1901466553
1909858985
1893147369
815010521
831803977
836026953
827650427
827630635
823456827
823524475
824114395
830405787
863960219
863978907
863781787
863847323
855569131
1928782575
1924522799
1945490223
1945481535
1903534111
1882694687
1880530191
1880526095
1901514063
1935003007
1943401839
1927243117
1918709821
861675549
823992349
807273789
811468589
819856941
283055669
278671895
345830979
345831251
350025203
343721443
8176115
8307139
16675139
16654659
25108819
24974675
25108307
33431091
29300275
12391955
10229331
14443347
22930771
23049683
58688978
58557906
58557906
57513458
57651698
58581490
25026994
25026995
33518001
33445297
33507248
33363952
24912721
23929617
32453393
28250929
28120369
32339251
23983395
19920243
20960707
120440259
120423875
53318867
57648371
57652467
57521395
57513459
57128435
48735651
48735139
317038995
375755154
376931730
376935842
1448584354
1448404386
1983931810
1983915427
918632353
918697652
1993488037
1985028837
1984963173
2012243750
2012276022
1475405062
3589319942
3578838286
4115830558
4124481086
4153837118
3080618527
3181294108
3181224492
3185354476
3172762280
3206334104
3189663640
3189139384
3189142953
3201764843
3203730922
3220524122
3220657162
3186021386
3185763339
3185763337
3185701913
3177247037
3174166828
3174200124
3176297244
3176329996
3184772892
3050816877
3050671469
3050675581
3033898461
3025969095
3025975255
3021861863
3021992933
3158274917
3158262645
3179168565
3187036980
3182837108
3186965877
3186900341
3184819541
3218144373
3218208127
3201556831
3200508175
3200381711
3217158959
3217139567
3217094511
3074477951
3074477918
3059060734
3067525118
3067540990
3067466238
3061109082
2788487546
2788554091
2788578667
2792775017
2801688441
3070197593
3069982536
3078371144
3078373208
3078430057
3053346153
3081722987
3081526395
3081557082
3081630794
3052385610
3043882874
3043808874
3039583866
3039633018
3039763050
3043957611
3043834233
3052157145
3047962697
3048044617
2511304827
2511305067
2511141246
2515303262
2641115998
2368486238
2368551759
2368617343
2372811119
2376996975
2376931455
2376865871
2376874190
2376874190
2381068750
2372762078
2372762622
2238578686
2238709150
2238428559
2238296205
2238296205
2238427276
2238428300
2238426508
2271984028
2251012524
2250947052
2250947948
2250947852
2250941709
2519377165
2536236319
2485876015
2485802287
2491025279
2499417055
2495296477
2428072924
2444776440
2465750504
2453195240
2453195000
3525306584
3525175496
3525166280
3542008264
3521037195
3500069514
3501650606
3501586094
2431975342
2490695598
2486501310
2490789831
3564531525
4101318212
4116985460
4116984421
4150612839
4150526310
4151660662
2002088030
1465217054
1461153807
1410686991
1413244175
1413408015
1417600271
1425983759
1425983774
1425901918
1476168158
1451212239
3598688719
3597500879
3605889501
3607073261
4135580141
4135183341
4151960429
4118636415
4118640607
4127192543
4127184382
4127180254
4118795742
3044922846
3044931038
3044931550
3045054462
3053442814
3053442815
3052787423
3077895903
3077895935
3077896175
3077961581
3078051701
3078059349
3009750389
3010274661
3010409829
2976843253
2985231573
2985243861
2985256149
2986243281
2449462737
2474498003
2473981779
2473915970
2473915986
2448809586
2449473378
2448358754
2448358898
2448416242
2448285170
2423127539
2959990259
2959990259
2960121331
2968518099
2985295827
2976774131
2976708339
2972579555
2972571235
2976767587
2976730721
2985132017
2985093585
2985097459
2976700659
2976761971
3010448499
3018783827
3018779666
3018321170
3009805874
3006123570
2737688115
2737700451
2741890657
2742024033
2733496176
2733411584
2733410576
2733480208
2724575280
2787616816
2787616816
2804398368
2804342016
2904749828
2904745764
3978348325
3916484455
3916484455
3916487159
3916560759
3916556631
3914463607
3914463583
3914463575
2941386103
2909896183
2909883895
2910014902
2942458294
2950847414
2950912950
2935053206
2935041942
2935039383
2951815639
2899386839
2899513811
2899449298
2891132370
2899388914
2895210722
2895247602
2912082386
2928844227
3868385729
3863208384
3858788672
4127207776
2751476192
2752972133
2757101925
2763410279
2762394455
2812721991
2795940423
2796004871
3870589703
4130652983
3056890215
3040092263
3023315047
3023452263
2759198951
2762344950
2779139014
2795952838
2795943631
3065295823
3065295311
3061096943
3073695855
3021230191
3023457391
2754762863
2758961535
2763189119
2897459805
2947725901
2928915013
2932912964
2920579397
2920591845
2922684909
2922833389
2922839535
2939341807
2951990270
2918436830
2918309710
2918313742
2901534495
3967018783
3983802175
3983670655
3983658349
2943436029
2943436029
2943450300
2910026940
2775743900
2775744476
2784181980
2767290100
2767289972
2779807284
2711649844
2715844181
2716102357
2741270229
2741262260
2750697396
2717732244
2717875604
2717220276
2716105909
2749684981
2749750391
2749885463
2749885719
2741431575
2741481239
2741354295
2741473078
2741946134
2708394246
2708468022
2707705894
2758017062
2753826854
2754032694
2753964150
2753968374
2766543350
2762361750
2779171463
2796027527
2796872325
3069506437
3056923029
2989842917
3006620133
2972153317
2691128807
2699557366
2695364574
2699419470
2717226766
2750780175
2734011151
2725638941
2742415661
2771673389
2754949413
2754819111
2754747431
2757904694
2762099030
2779237846
2948070854
2931291526
3199562119
3193192837
3188986277
3205837733
3172410277
3161924527
2901899199
2897738719
2912402382
2945493839
2928716559
4006652687
3994334989
3996418845
4013261629
3979784489
3979796781
3979858029
3979429101
3983623405
3983756525
4025703645
4025679069
4025675231
4025741151
4025610047
4025548351
4017157695
3983598111
3979469599
3979600767
3979560815
3983626223
3982577647
2917208061
2950893276
2883786460
2883663436
2850038348
2850038540
2833326908
2829137196
2830175533
2830175295
3903859742
3901760526
3918537738
4185990218
4190180442
4223866074
4215477722
2067871194
2067871066
2068133723
2068150091
2034627865
1766176025
1766178137
1774567257
1774501705
1799732809
1799864153
3926237049
3926234473
3926177129
3926242153
3926307693
3926307821
3943093231
3944138223
3981952495
3983920382
3982576894
3982589150
2908843167
2908906941
2908894652
2908888988
2783125404
2783985340
2767204060
2763075292
2763206364
2779983564
2779852508
2712692477
2750437119
2742046399
2742308543
2742308798
2742373854
2817879518
2816765278
2816816414
2951034654
2909221662
2909085982
2909085758
2825130030
2833581102
3907193918
3908179982
4174522382
4174587918
2025925646
2026071054
2043047950
2034683983
2034745439
2034618493
2042950013
2026235260
2026352604
2026355320
2017843800
2034622297
2030554953
2064533259
2064533274
2035172158
2035110702
2018255150
2026119455
2026184991
2026205501
2034753903
2034677247
1766236111
1766300623
1766177182
1774565790
1808055742
3930363806
3926233743
3993408143
3993408159
3993162663
2919485862
2802865638
2783988838
2779858982
2813511702
2796743942
2796742406
2796745223
2800927319
2786116327
2769318311
2752520615
2752517287
2752582823
2765257894
2761062582
2779970007
2796747013
2797072133
2801132036
2792743428
3879039516
2754622013
2754621999
2754617126
2758871334
2897545254
2897692790
2914506822
2931207366
2929107142
2929111239
2935468164
2922688932
2922690468
2922680228
2922876900
2939682788
2939547492
2909859668
2905663244
3979472733
3962761069
3983790061
3983657453
2909850109
2943441373
4017352157
4017286525
4025679661
3992047397
3975204629
3966823685
3966823685
3967020341
3966946597
3967011125
3983722833
4015192401
4015184849
4015250385
4015128561
4015058935
4015054311
2941373943
2941509111
2943614839
2918448951
2916212535
2907756343
2907731734
2909890326
2909889910
3916914166
3916893686
3925281014
3925674134
3925817558
3925748951
3904777415
3904775233
3904774209
3904778560
1755263297
1759322897
1775051317
1791832597
717700623
717699598
986003978
981801754
981743898
998522123
428086539
415498571
147063289
138695673
197514665
248895913
248895913
248895917
106813861
106860933
106869635
125215619
16163715
16155122
16089570
6653042
6797394
2533458
2598994
6793427
90552787
124032435
392462771
1466204339
1463259570
1463215538
372699106
385346530
385187619
401946417
91492625
70529328
1319264
1450336
14030688
11931201
44437057
44305985
44318529
48529265
40329041
40263633
23494609
6647793
6578145
14962659
15031763
15138243
15119683
15050035
6595874
90481954
107261218
107330866
107322706
103258450
103258450
103274834
1176984914
1181097331
1185299745
1134896417
1102325025
1085613313
1089873153
1089946369
1081983777
1081983841
1079899105
1080029585
23053185
23054209
52297617
52263861
18684853
1907703
3948407
7087935
15475519
15479583
15012127
15077655
15094071
15134999
33018115
32883011
65392979
57004403
57118835
41390323
41398515
41398517
41399541
41401815
41392599
41392503
40220983
40156438
35975446
1126494518
1130688806
1105654562
1369879394
1403949538
1387185554
1386728835
1390795907
1382407601
1378168224
1378168240
1362436020
1345666980
1349791660
815015852
815019949
813970365
813978525
834961821
868516347
860328319
861249855
861185343
863349821
1937153085
1937160253
1930868765
1930799133
1930812445
1914064351
1918244319
1927153599
1938228926
1938036398
1904490414
1891903423
1883596287
1883764191
1883304415
1884349917
1900062173
1933612543
1933679999
1933825391
1929598255
1897346367
1897277214
1882597151
1895178047
1888881471
1889274749
1906056029
1905016653
1938810701
1935582047
1931391870
1931318078
1897173294
1343525166
3494151486
3494153502
3490175254
3490019638
3490060598
3502651702
2157329714
2241213746
2276851986
2276921602
2275766530
2263150609
2254746640
2254746960
2254935376
2280622064
2280622048
2246547440
2229639152
2217065953
2217065953
2233859555
2233890259
2502322115
3580240849
3584496497
3584366449
3572766577
3295952721
3296014163
3291967347
1142384499
1163225042
1163220418
3319252419
3321349331
3313487057
3309297107
3308253139
3345458898
3354759922
3350577906
3333804786
2260063090
2259996962
2280936481
2272535585
2234788896
2218077184
2218220560
2222867761
2243876209
2277430595
2276967874
2264237506
2385823186
2402670067
2369246707
2641802721
2633475937
2649073249
2649028129
2674710035
2657998339
2659120642
2659131986
2654741474
2652643814
2656841895
3713601701
3705345212
3705608380
4244424844
2096929228
2112666204
2121177949
2121180429
2116984847
2116452366
2117513270
2115395687
2131124455
1829138797
1825460845
3968812653
4237905533
4237843021
3183012429
3187199581
3178788447
3170460383
3166397183
2629448367
2495222447
2494174639
2498235567
2422737077
2418616469
3492505729
3492440193
3493490051
1350236035
1375650434
1392439954
1391383442
1391383442
1383023026
1378374114
1378361443
1382555681
1919426605
1919426600
317272120
1403728168
1420438840
1420437768
1290418952
1282136840
1277725192
1277987337
1307346634
1336836762
1605284762
3718689194
3719737514
3721765294
3709641134
3641484694
4178357702
2065607943
2065603638
1870564390
1869268030
1869337630
2133446686
4281024607
4113241273
4113114281
4100538280
3840609960
4104720056
1957234328
1890136712
1890067084
1890071116
1357390360
1349006136
1344803129
1345076283
1361848363
1399597098
1190017034
1190025226
1324141770
1319683482
1319752122
1319818138
1336865691
1304359849
1169613736
1154802600
1142200236
1276425628
1276620229
1276620117
1574087735
1576252455
1609936935
1580695575
1446416390
1446416391
3593897223
3591802391
3596082789
3620006629
3754191525
3721669268
3755359116
3732801925
3732278407
1592204534
1525953766
1525952550
1518100518
2020384830
2028642574
2024448261
950637316
417901856
405318688
423148576
439932960
437786656
1511669025
1513766691
1522169698
2075838162
4188980866
4256159362
3702359682
3706558098
4240291495
4240221869
3185353388
3210536616
3188518584
3055349496
4131314280
3861567785
3865761819
3874211866
3874472986
3874471962
3866071099
4113559593
4096716812
4097728516
4097185092
4097183460
4109704865
4105449123
3585883810
3585881762
3569104578
3569235650
3573440258
3573407506
3573328163
3563890739
4100828161
4147031041
4130255873
3861808129
3996025857
3996095795
3996014435
3996071651
3995870883
3979089570
3974890166
3970175670
3970183606
3835966654
3837013150
4103351439
3582225615
3573869647
1141353477
1142334469
1343667461
1343653671
3503785511
3499984439
3516827203
3533607623
3535721351
3531522450
3527229670
3525853414
3542623334
3493358630
3493358886
3506235686
3502086934
3569258245
3586110788
3623658948
3594486144
3594420608
3594449312
3594449313
3594412449
3598660005
4134351333
4130087397
3614187893
3614253365
3622643495
3585025838
3568047390
1558994702
1559198478
1567541774
1572784670
1589563375
1589478892
1589428412
1585246364
1581047964
1581244604
1562304940
1947657132
873885373
878135951
886426335
888461919
888469822
929359166
1986384158
1986383934
1994772518
1994707238
1979175206
2088128790
1549083406
1413821982
1413875310
1418071790
1434848927
3615951497
3598978953
3600047544
1456795049
3595888041
3591692728
3591688600
3593781752
3592864041
3613844267
2540069387
2271553038
2279945738
2242131514
2225946410
2226068842
2226061802
2242723994
2243707023
3321651336
3309068616
3290706200
3290707240
1143352616
1143875880
1412311912
338582488
338479753
355245705
372015755
371622586
371634842
388407706
359047274
350724142
1424270382
1961142575
1960884541
1977789244
2002954556
1986168860
1986180108
1987232844
1985208407
2001789030
1967186150
1967251942
1967387046
1975632806
2009452182
4156948102
4291161735
4282904213
4250398437
4235710181
4234495573
4234962503
3832292887
1697457718
1731143446
1718236438
1726615607
1722351677
916983868
849879096
837296152
271148088
272226584
274242332
281578044
277383756
327981764
382517188
1447736196
1577750917
1578815878
1513812402
1512726946
3681052066
4168642466
4177227650
4173070278
4170825573
4170759524
4170759524
3908609348
3916998596
3944280820
4213068516
4179497703
4162194786
3898017826
1752172594
2020612098
2020747266
944910082
953296386
428999170
444941890
444895170
1518647682
2055514290
2055514274
2055515302
1787077797
1787277452
1791399068
1845925036
3993404588
3993406692
3859205348
3860743396
3862827196
3867083164
3891209148
3840803484
4105049740
4105117325
4037877455
4037835518
4037569254
1894542118
1894542118
1894611718
1886222342
1378712579
372192259
305016833
305008643
305004547
309199650
296616482
279840498
11148930
11212418
11080322
1085141634
1085125554
3231556514
3230445542
3297553007
2223802925
2223880745
2236594729
2400124475
2400875083
2413453707
2411356347
3485029549
3489160365
3476617388
3474778253
3458116749
3743326341
1427546309
1412857925
1416937509
1416946725
1417014324
1349934096
1350458676
1346242100
1346257460
1367212548
1383809548
1391064588
1391255053
1392286575
1391757806
1456769518
1438681310
4123174086
4123435030
4115112214
4110918194
4144472627
4061569761
4062110352
4064162432
4062839425
4062709409
3815259555
2712156326
2712426671
2745977071
2729367561
3002002441
4067288072
4079870728
4046377848
4029567997
4033771437
4043237295
4039103918
4038905262
4093431006
4067204110
4134386702
4130186254
1982653503
1982193727
1982230591
1982222655
2120614718
2120614446
4277409326
4277415486
4277431838
4290080526
4256694030
3719814990
3569341775
3569321429
3573384693
3573335460
2489120228
2489312500
2489242740
2491401329
2491372849
2490328371
3027199778
3043968562
3186443830
3186447990
2684352070
2684352071
2675824583
2675734487
2642175974
3713820647
3714000822
4099803070
4110354335
4110226847
4110251421
4110247325
4110280157
4101895677
3514619261
3513579293
3496797965
3496793877
3496761141
3496834869
4033770789
4033770597
4050568309
4092511317
1928262727
1928246279
1919857670
1919917062
1916574758
1916316710
1645784110
576371758
576371774
584760350
584748061
576291868
588874780
555582524
555734060
538887212
538952745
543149355
545115498
545119610
545086974
552435198
560823806
594378174
594378686
577593278
585980926
586119902
581925598
582974173
582975308
587035980
576582988
572387676
589296125
591394815
561971166
570417118
569891806
1643503582
1643511710
1618339775
1618306975
1618437023
1618440861
1626830521
1626674872
1626676920
3790896792
3790891704
3774180012
3774217981
3770015709
3774137679
3765760335
3765760287
3778437439
3811991871
3816174975
3799463293
3807674221
3807673709
1674894717
1641336143
1624562959
1616893199
1885336663
1880453223
1880436967
1880437991
1880571095
1901468567
1943411429
1922501349
848759413
848633413
850732613
872162885
333193845
291267429
273466341
273466357
273515412
281907604
282049948
298761116
290450364
323873693
323975821
860768911
861816478
872362942
871178670
837624302
829170926
829189374
292318719
292351327
862846303
862829919
862819679
871273814
871272798
1945023774
1911338302
1911340335
1634514991
1630451759
1630451773
1664007229
1664080933
1647219749
1651414053
1651414055
1651479607
1651358743
1651293207
1667742999
1667676439
1634113815
560384023
560450611
589618215
589618215
572906534
572980278
577174582
577755431
578800951
578669847
576572703
593347871
559928607
559930747
543119739
559896955
593320315
576543099
578632057
578632569
578633691
587153371
587153115
587144927
587144925
582957789
580876996
580909764
597555780
563985092
551403460
551402821
543145029
538950741
538950865
538818803
538441953
555088353
559274469
559282661
559409621
542599623
542604759
542465527
542449143
544554486
552943606
550862774
550795942
549780198
545585910
545569526
562346455
600095943
591705157
587591749
554103029
554098917
1628856805
1633120748
1635190764
1710694140
1693794012
3837094620
3837094604
3837094605
3835030221
1687546575
1704246111
1708432446
1744147518
1718923326
1714724926
574087230
574025766
574018599
573031463
577064231
577063221
577730837
577714439
577714439
577706263
577575799
577575799
585980535
586111575
581950039
583006807
549452743
553630151
545127623
540925126
541054182
540931302
539850214
560756710
568614566
551901879
553089751
553089733
551021253
551021253
551415765
550368757
567129589
592229621
592221413
1661769189
1628413927
1632542437
1615781605
1616895605
3764387413
3764252181
3764251157
3766348341
3791518247
3825061430
3825033046
3798818774
3799875062
3799809510
1652317414
1652382966
1652514007
1660902487
587095071
603872285
570326029
570326031
544177183
544037950
560848174
560846206
594400766
594402814
602791866
602790842
602790843
569375707
569375705
552598488
553642844
545123612
545121596
545125693
561902909
545223983
545084783
560815615
594370047
602758591
585964991
585964445
586103709
587020957
603798173
568295309
551518093
550989709
542469535
559181247
592719869
587018109
587017021
585972509
585902877
577514269
577579805
846085949
854462213
854462213
317591301
317656837
334302743
334301783
65866327
61676151
61676279
61700823
61668039
28113607
32356807
23959767
19904759
19921143
19921143
19921143
24115703
24075239
32472055
32373463
32373463
32357111
32488439
32356823
7190739
7182547
2988275
3127523
3143907
3143923
7330291
7338419
7272851
275708819
284147651
284147667
284016115
284016083
812498131
825072851
825080051
590194851
590194851
574593187
574593187
576560547
576519395
576513059
576517155
574415907
574385187
573401379
577583459
577571811
577571815
587140759
587144839
587153095
582823447
582842935
582998535
599779847
549317127
553515271
543017991
538922199
537861303
537861287
537738663
541867687
550248103
546053799
546070167
546107015
567078791
568126935
593291735
595388695
594471207
594471207
560953655
560914199
560922391
569311031
570425207
570228215
559733207
555534807
555715063
558796791
559857239
568241687
570273335
1643952679
1635564085
1631369749
1662827029
1662958117
3810434597
3810434855
3810447143
3776961831
3778857255
3783117095
3782200119
3782204215
3782204279
3782073207
3782007671
3782007159
3782080895
3782211967
3815733503
3815602431
1668118783
1668241663
1668184319
1643018495
1643083999
1643085021
1643085021
569343189
569343189
569343189
569342421
569342423
569342423
570423767
570292566
568195414
568192326
558884103
558884183
559904247
593458679
593321463
595419061
603806645
587139765
603937493
603946695
599748167
568289055
568157471
568124767
600630655
592248191
592301565
592432637
592434677
592442837
592377301
591820245
592936277
592935767
584547127
651520823
651508534
652155158
643765510
645869838
641671518
645870078
645858286
654249630
921635470
934087374
934107855
934107933
938302236
938306844
1064135964
1064135965
1064271677
929908541
401426431
502089623
502093719
485326741
484801173
484801205
485849781
481634965
364194391
397748759
318057335
308555191
308620727
325533079
292437399
276761495
285019015
16059031
15010455
279263927
279194279
279194343
279194159
279194151
283441719
283638295
283491102
283417390
291801390
309102638
309102702
309168382
310347990
309762198
309770390
334948486
326563974
326551958
326617598
333838830
333965693
333965596
300411164
291891996
275249980
287742844
287808348
287607132
325093724
308320381
308394029
308521261
308472125
308472077
308472077
308369693
308369789
308509053
309492221
292707295
275926991
283594703
283631567
283635679
283439087
283438575
828702191
828430463
824285535
824359231
828550975
870494015
870428447
853585183
845200415
842128511
842124415
842190079
859233535
829881855
544660959
543612895
551985119
552074719
543488239
543221999
556824831
556882175
556931311
561396205
560344045
568666813
551824061
547699357
547818127
548735695
547621599
551828351
543435583
543501119
552020799
552024639
551885375
547625535
547625567
548145887
565988063
599640735
586992543
586975647
846506239
858106079
858171743
308722015
309246238
308787262
308586542
308607038
304470078
308729887
308730191
308738383
333881167
283545421
283228125
811836255
811770143
811766047
811893055
1881445423
1881451565
1898229037
1899485485
1932937517
4080409389
4090904189
4153806589
3080128479
2543073151
2513708351
2498770207
2498917647
2493964047
2493963783
2493822519
2494871079
2494870119
2499052263
2507637735
2508100519
2541680037
2541741493
2541614517
2541614517
2659149205
2659082711
3191747039
3208581599
3208451454
4248778558
4252919582
4244598287
4244465167
4236011023
2015127055
2015127119
4162610782
4162794862
4166458414
2077559854
2073369630
2056727566
2056713231
2055458845
2059530253
2059514141
2068033837
2068026669
994415909
973386785
973365267
973348867
453255171
470159473
335937697
344851361
345902721
280889988
279906948
11360901
128776845
113028831
117223279
1446816815
1463592043
1430037611
1430036555
1463124303
1450607053
1448509645
1582739671
3730235623
3725943014
3713279206
3629526502
1492520438
1488850903
1492979671
1492467029
1500787989
1530142997
1513366293
1511351095
1515577895
448913975
448853815
448839463
440445223
457353239
1497798663
1549175815
1549173767
1551859799
1547685975
1480552695
1497313511
1497313763
1534526177
1542787809
1536505569
1536505556
1501834820
432287301
407186949
407307829
407700271
424420143
432808746
969417498
969488138
952716922
416086634
407693930
403484250
940553931
944673739
953057739
953057790
953004462
969712558
961389487
458160094
453926350
424025551
424025463
424096815
432353327
432345149
465781005
1002537229
1002477373
734048044
725723452
725858636
1799462236
708870524
704745820
704819661
1795322333
1762079679
1812346799
1678130094
1623591342
1620380078
1638734222
1940863374
1923949967
1387213197
1388245388
1384030380
3531383020
4076642348
4088181036
3014166056
3014176299
2980678190
2984942126
2435456750
2972321454
2955543462
2955804854
4042072214
4037812415
4037353645
3517259997
3613664269
3341108237
1193797903
1160030478
1294789390
1302907690
1302858554
1336544010
1253704458
1253712650
1249517866
1261965610
1228411242
141046249
149433800
145258888
149543352
204069272
254527960
237685192
237688200
238731722
242807274
240706026
249082218
249069866
261718314
261853486
228303150
144417069
144355608
1218093320
1215868216
1210616168
1210620392
1479191000
2032839560
2049616777
2053800331
2062058377
2057863864
2053747384
2049499884
2066227820
2032675373
4163508782
2016033070
1760167998
1772816462
2141914254
1068175502
1051201679
514330764
380117164
124265900
388701628
356127132
289108380
288088476
287941496
275555112
820282168
820092696
820099384
878819641
878820153
1029937673
1059232267
975361546
975307274
975307274
975307562
996290858
967843882
948969519
947921935
947923983
411052095
415250735
415512927
465902927
440816975
440815951
440848838
172028390
172024230
188806566
423672230
406886822
146905526
159619542
176404806
176340243
176339985
180532240
167883824
1241550897
1241550947
1241641203
1225158786
1216755074
1217268610
1218382482
1217989282
1216887523
1221081829
1208494629
1208755717
1208754693
151872261
151281957
197420327
197455139
465754435
465755459
457432403
457285619
465672177
432052193
423671713
423671473
419542707
402781875
402781874
402912918
423886838
423886326
1539562870
1535235158
1250153494
1250096135
159577093
163830788
1229184052
1229117728
1262672432
1329781456
239247296
100832640
117872000
18269313
4081027
3098003
271528867
276636323
292824035
861151587
844374307
852758567
851705895
583270447
600068379
835146011
835142427
835182411
818260699
885369531
885373627
885365387
1971625611
2106885769
2147320713
2130088840
2137433080
2133238569
4247167785
4247185197
4235657071
4235677167
4235464190
2100565438
1966351550
2002130110
1995834558
2012612030
2008417742
2008286670
1470393678
1474585950
1474819454
1458034046
1457901886
1475662206
1442112630
1416979574
1350005862
1350026531
1358350131
1408685585
1391904256
1390867968
1382541056
1378333968
1394971680
1344590880
1344664624
1344730368
1344717313
1350026801
1349830433
1349840739
1400170995
3531008451
3539388867
3539390403
3539453683
3539321827
4160021475
4118077813
4118077797
4097077733
4094981605
4118179829
4118167237
4118153941
4126415863
4157892966
4157926502
4153730102
4155896094
4143165727
4143100677
4143091988
4084433204
4082143268
4082147364
4043370604
4026683645
4026668543
4026929070
4026927782
4027976358
4041087654
4036770486
4055644038
1924931974
1924555143
1386639559
1390858325
1382342693
1382343717
1378133029
1936045109
1936101645
1937096975
1903543566
1904140158
4049522686
4049489918
4049489822
4057355934
3520426687
3553911801
3553948633
3549745625
3520394345
3522489453
3514100845
3508989311
3513185614
3513173838
3555116878
3555116894
2481452398
2472863086
2472863014
2977297206
2977141271
3052573205
3035726452
3035670116
3044058980
2773530484
2769524572
2769459021
2769483533
2771572543
2770457389
2774819629
2774819624
2909802808
2909864200
2909869321
2909879611
2918398250
2912034090
2912095498
4186969418
4191171914
4173541706
4173484299
4173517579
4173440825
4173375273
3904939817
3921721147
3955331963
2864943577
3930231257
3925971864
3925922728
2936045480
2902682284
3959569325
3988917679
3988981151
3855680718
4124381262
4124520462
1975398407
1975394325
1979589685
1979655460
2113606972
2145082380
2136996940
2131606860
2131015533
2101384749
4240475692
4240671236
4173506069
4165183013
4165002855
4177586146
4211242418
4198634882
4207018370
4203872658
4203812322
4207947238
3678416374
3644860790
3644861742
3636598062
3632398462
1484980318
1484787790
1216357710
1220553158
1220573686
1220606311
1262606695
1245896039
1245877575
1245884677
1254142213
1270920548
1270923104
3384843104
3644890976
3674381920
3678574176
2604840528
2604711488
2579545712
2579545700
2579537636
2579534565
2579665894
2579665638
2579677846
2554418846
2550165182
2550152878
2550152622
2554469566
3116506318
2576489677
2614254796
2681338956
2672880732
2667621660
2604836125
2588061983
3661791543
3678437750
3644907894
3644907862
3636655478
3636614518
3636610150
3645899878
3641705574
3675599959
3646301254
3654685766
3650295254
3650119127
3654313431
3654415831
3654534999
3679700949
3679571653
3679497941
3674269669
3674269669
3674465237
3679638468
3679633876
3678650852
3745543652
3745539556
3741345253
4282574303
4250072527
4258448862
4291937790
3753956862
3753960798
3686851358
3661722398
3678630686
3679655711
3646097199
3637712687
3637911359
3637911311
3629588239
1480933135
1480863543
1480861493
1506091797
1539732228
1531401044
1531270132
1531212772
1527046628
1526787557
440531445
440564167
440629711
448871775
448861567
465786239
465786239
432096637
465597805
465592685
449012061
448950607
440553935
440620511
440679791
448806381
465583597
432151917
423785821
406999373
406968269
406910941
406912895
423673711
457228143
457357151
457355727
457347535
423858655
406951423
406961583
406977007
415496687
432209375
465993551
457580303
440800527
457577759
457512253
465843501
465839405
449274173
440848717
440779085
457240925
423682431
423671663
406910831
407099247
407033695
407043919
415432015
415432031
415752031
415629183
415563645
407238493
424080333
453431757
453431773
453497301
457496037
423949799
407152103
407217655
2026354135
2017890775
2034667990
2043056599
1531418103
1531295223
1514536439
1510473175
1510399447
1514591735
3662074359
4207329791
4224041437
4223988189
4223984121
4190430569
4190633337
4190625595
4183284539
4250361723
4246034299
4246009307
4250255867
4282761403
4257501371
4258095259
3721291231
3721291743
3722364543
3713910335
3749504575
4294833693
4294832925
4294807868
3218903356
3185344828
3160195900
2618090292
2618122804
2618192413
2619217725
2640185199
2682195311
3214891519
3214932223
3214662863
2616837327
2616754639
3648565727
4179223407
4179485551
4179223423
4179354455
4179288437
4191868261
4191929701
3147357565
4225301967
4200132047
4199081438
4196029950
4196271598
4217243118
4183688702
4177462782
4177336190
4175246687
4191970575
4225557773
4208780317
4207719453
4199326749
4199396381
4199396479
4216174079
4182701535
4232992222
4232970718
4229890559
4229763519
4233574319
4241962671
4258729727
4119158527
4152655567
1992584911
1455744975
1464133087
1430696431
1414975973
1415037429
3562389973
3562505717
3562190179
3578969395
3596010755
3596075267
1458848531
1475687219
1467359797
1568027189
1544880957
1544820009
1477782825
1507207481
448137481
448203017
515119883
515170074
519341930
517247978
492081658
476025274
1558089914
1557831850
1574609066
1574548650
3720983978
3754600363
3754861231
3754857197
3754803805
3712803613
3713819429
3692912932
3697239396
3705566692
3705567188
3705569156
3705655173
3747467157
3726626717
3726507479
3725911319
1578950679
1581047861
2122182701
2113916989
2092880189
2092883741
2094979853
2111822607
2103237407
2132602734
2132568046
2130998250
2135228858
2101805498
2110591419
2110591403
2093814255
2093830511
2093864767
2093344543
2093346591
2093281103
2034560975
2068180943
2051465103
3662075295
3729147295
3729081599
3729061103
3737445487
3179787375
3162935605
3163984661
3164516868
3164583436
3185415708
3210513956
3189546276
3191135269
3191108647
3191157862
4262858982
4280156326
4259186102
4238214791
4238218885
4238288517
2095003589
1557992727
1567883319
1601445942
1601445942
1601511718
1601660462
1607990846
1574427342
1573903302
1556994438
1556995206
1548547222
1549595070
3713889198
3747550118
3747549927
3755938405
3755225892
3755225380
3755746596
3755746580
3751568716
3751728972
3718174684
3717199613
3721262846
3714041598
3709322878
3709325182
3711278430
3692346462
4233473118
4241992975
4253459725
4287076108
4270166556
4274360892
4265973549
4262778159
3189044263
3189208166
3189117158
4280156326
3982361014
4108190599
4104001413
4104009605
4108269445
4107738583
4118035766
4151585830
4276366382
4276383022
4276479790
4290114367
4254397213
3701272909
3700212044
3704471924
3691934052
3691919141
3691919121
1545485827
1545481730
1549745938
1558126354
1553927490
1556041154
1609942466
1324729731
1324712851
1593148339
1593152499
1590993893
1589961701
1581573093
1581540205
1594175853
1560744313
1560745337
1548164441
1548688411
2093959435
2110606619
2111634715
2145181963
1071444745
509461001
508543513
1515188777
2068833129
2068817257
2068823163
2077199483
2076476666
2143598026
2135196106
2136310731
2103362203
2103375547
4250822569
4284376489
4292822441
4275830969
4266930313
4265877899
4291125659
1570142139
3566622699
3566624107
3572784431
3699139887
3694982174
3695170822
3711882502
3749598486
3758062626
3739053106
3403572242
3403300866
3399106626
3399107011
3415884785
3449311909
3438834340
3430430380
3429379752
3563596472
1416117128
1412054408
1413119368
1413137800
1430230472
1461695752
1465752840
326941961
318547001
310166843
305008922
321794314
388903738
394138155
905839147
1016857129
1015811641
1020029561
1020062456
470583945
487377547
1561315211
1598996875
1598996635
1338437819
1334239675
1300554219
3448038250
3432310570
3432363818
3432363306
3300361518
3304557662
3296103503
2235546975
2267000271
2250222927
2250155279
2518601999
2520432958
2541404974
2544612143
2510993207
2511058469
3081287205
3081279268
3085473300
3068891700
3072954980
3072889444
2804455012
2787743332
2787835876
2787798501
2792032503
2791835895
2791905527
3060340949
3043638613
3035250436
3031049732
3031118356
3031986804
3032015204
3030966757
2510853623
2548664791
2540223446
3072891894
3072891766
3039419174
3022674726
3026861878
2762614294
2762618374
2783454774
2775072294
4113042982
3878160422
3844610102
1697126454
1709709430
631773254
631781446
632031303
627964279
627964279
627964279
627964279
627964279
560838007
829272567
829272503
829272509
829272509
812495801
342733497
342736571
1424603839
1424603838
1424603838
1424669390
3614096206
3597577582
3605963822
3069092895
3069112397
3061764317
3196040677
3195906021
3210719845
3177107973
3178938887
3157873159
3157795367
3160940845
3160944685
3102277677
3102412824
3098096968
3098048856
3099130233
3115886713
2616764441
2600183823
2591732751
3661283343
3728457734
3745071446
3745149414
3715768742
3714713506
3723168642
3723173762
3622507394
3588817798
3584885654
3316462493
3299619772
3303810536
3303811368
3295471928
3295533336
3320613144
2276232504
2259460363
2259452170
2192359466
2255224874
2268922218
2235172202
2218398186
2230985674
2361025483
2361193417
2360124377
2364318189
2351727853
2621279340
2621409405
2638133325
3745426765
4265518927
4265539279
4265477835
4131325626
4147986090
4114366379
4110170536
4105510312
4105516216
3702534536
3702530505
3719307529
1336935195
1337221930
1337238058
1336194858
3450641706
3698166059
3694102795
3693775113
3711614216
4282025416
2117698952
2117698953
2118026651
2116961723
4264428970
4264437162
4278134698
4290577306
4254601658
4254609850
4238025146
3705332223
3705397567
3707285813
3707277620
3697844500
1550360852
1550447932
1547334973
1568282429
1568280351
3581546271
1467944731
1476202250
1475092234
1475094298
1475096890
1475088698
1474842970
1441321178
1474856122
1459131563
1459328169
1457500313
1456251017
1447862473
1464832121
1410249769
1411312685
1413409069
1413409581
1416552053
1466942149
1382859397
1382925197
1382728589
1399473061
1365997479
1885874159
1894590463
1894593531
1886130651
1902907722
1902903562
1903099963
1374565419
1357849643
1357671689
1358716169
1358745353
1358863993
1354671867
1409283803
1391313626
3605906138
3597648618
3597652970
3615285614
3581702462
3573379119
3573444653
1425956972
1442799868
1476387020
1467932876
1447018697
1446890715
1467997674
1466957674
1433337722
1433400922
1416491786
1416409866
3580662555
4117660011
4152009065
4160398713
4141397369
4141389147
4133012955
4149859739
4145905595
4145954475
4085135019
4060026539
4059370139
4088669083
4088668667
4092866683
3547594875
1366556779
1366564987
1348342874
1356269002
1352075211
1082592971
1154682457
1154645529
1282453001
1281403657
1281403657
1298373913
1315411227
1585352971
1585090634
1585086666
1585086638
1601937838
1563992494
3745031086
4286227367
4135236037
4143612364
4135355772
4135363900
4147948860
4148149020
4114536972
3040791068
3039809085
3039643437
3052213037
3048018751
3048149783
4121497879
4121440559
3571985775
3564833263
3564779654
3564779910
3581835654
3581924742
3512046470
3545531278
3544486814
3544490926
3527713710
4064649647
4090951142
4090949110
4049006054
4050976231
4032167415
4032296791
4040685407
2985677647
2977223501
3010844509
3078092333
3078616621
3078618941
3078487837
3086875997
3086873983
3078472831
3078439999
3045019711
3179245847
3179180311
3170792215
3170832919
3170701847
2633774871
2633770303
2631673135
2648511551
2648376607
2681869593
2665158265
2658879225
2658780873
2658727817
2657673609
3337142697
3618230459
2511066282
2494223786
2499477418
2491078330
2491258591
2507970399
2541531423
2541527103
2536300591
2537414703
3611222079
2503406855
2507590998
2513948662
2513760215
2513760215
2547383767
2539439607
2539440103
2541705063
2541642615
2541384567
2549838199
2549698935
2516078965
3581423989
3581485525
3564839837
3497733788
3506380476
1358891708
1375538844
1367150236
1362376328
1395925400
1394894169
1394885659
1394992186
1394910250
1361552430
1365684254
1370394894
3517939982
3517743422
3550249254
3533541670
2522796334
2518610222
2518573390
2656919822
2682250539
2644233577
2493008249
2495118665
2516118857
2490942793
2620999003
2621112603
2621113661
3694796077
3631885629
3640274189
3384487173
3422225749
3396014535
2322269126
2322293750
2330518502
2331567846
2344152806
2308484862
2342039246
2610544334
2610599519
2600109693
2600046589
2591589612
2587673709
2587643949
2587164911
2654339294
2620793034
2618696586
3700831930
3700820667
3699649177
2626972313
2358569624
2228522696
2222228296
2222293768
2217181976
2485564204
2489820460
2506534188
2535894836
2519129861
2519647685
2520696199
2524893623
2665439398
2665226470
2682004822
2648651030
2640260398
2619155774
2623354174
3701289790
3701420926
3432985599
3432788985
3432829864
3428615096
3423384520
3423577032
3708725064
3708462856
3708464392
3579481352
3579480344
4145715577
4145715691
4147809787
4265592283
4268736970
4277060042
4276539866
4294373866
4294238702
3210012142
3210082270
3176593102
3184973510
4258780758
4233418551
4250166591
4279528735
4267666495
4276016167
4276011045
4271554589
4271632397
4275626061
3176723676
2619010556
2618969052
2625244124
2625243773
2633567869
2633504351
2633507422
2646286974
2678768238
2678702698
3149432682
3132668778
3132664699
3128470280
3124281096
3191374664
3191591368
3191484872
3190436265
3173650603
4108976298
4104783262
4105048462
3569234831
3569104783
3571197887
3570690031
3570917369
3570900985
3520577353
3556028169
3530852105
3525613097
3526145833
3526140713
3597525291
2523918699
2523807850
3056533610
3039630442
3559855210
3572114795
3567920987
3569050443
3568858059
3573076443
3581466093
3575244271
3575358447
3575636703
3613319759
3613291087
3554558671
3554086827
1398028719
1934895529
1929652665
1930770841
1930827145
1935016329
1911996553
1906688152
1944096872
1944102184
1398843948
1394645564
3525425692
3542351388
3491919364
3504755204
2493960231
2493960230
2493808742
2628026534
2648999070
2669970574
2652287950
2652283466
2651251210
4278608394
4249297419
4250281739
4250207531
4235463723
4236053611
4127001803
1971149259
1970560459
2004115339
1937045387
1937101722
863359418
871879098
603369915
603365609
603431977
1651944489
1647815737
1647621132
1646047244
3793584188
3793657901
3775820326
3759018534
3759014446
3764257338
3837330154
3836215978
4104658859
4104665256
4104665240
4104714376
2485696648
3693787272
3710827912
3593372297
3593384607
3593396895
3593085590
3597279926
2527794086
2544631974
2678870190
2645324014
2515330074
2502748171
3610044427
3610241289
3593398537
3593403721
2003715545
1971082649
1887176153
1887176153
1887262553
1887434297
1887351336
1882890812
1882759684
1614329604
557366564
578534433
1652132913
1713081345
1713012801
1849348161
1849315537
3995734177
3945739171
3899601571
3975087747
4239328902
4172092070
4171772582
3635950502
3633848815
1486627919
1214000143
1209821191
1209640965
1480243205
1480505617
1547606273
1546552577
1563328768
1580172096
2117047280
2117055153
2117038753
2116694691
4268438182
4272436654
4004001962
4020779178
4289542282
4293814410
4286508427
4282181579
2138882779
2138522331
1584796267
1608460075
1557999402
1557998894
1146959159
1147089975
73347121
209670145
100503553
116297728
1458471168
1458472384
1458409424
1449901952
3727343232
3609966256
3559503584
2620248800
2620207840
3161006755
3165135778
3165135270
3165126822
3165129894
2628263062
2674686094
2670655630
2653875662
2654924750
2658985935
2658985961
2675762153
2675294697
2641740137
3044397433
3044537689
3044533721
3077956793
3077958841
3075857817
3210204569
4145436600
4145428153
4130747065
3056927321
3060007209
4142137385
4137955369
4137967643
4125450267
3572917515
3572905738
3570801418
3504212234
3495692650
1358432618
1375209962
1945699786
1945702857
1945661832
1903731128
1899995560
4044726696
4026566536
4043345560
4043344632
3808672284
2734927388
2722278972
2731714092
2796725036
3064434981
3068444966
3068969270
3078574102
3072274454
3038592054
3040675942
3023964342
3027110022
3031055238
3567922822
3584767622
3584561806
3618112494
1474826606
1463296042
1463296026
1194008587
1311383819
1311273227
1315488011
1332250379
1265143755
1269406619
1269414555
1252629403
3400186251
3400187275
3405423003
3397050554
3407569306
3378143706
3369738746
1218061803
1218145387
1490614315
1547208745
2084083736
4280982792
4012552712
3861549576
3878191864
3878191784
3844637353
3827881643
3827900079
3827964655
3848945007
3987350575
4020903963
1856643083
2126192651
2126061578
1593319482
1530410026
188222474
187172938
157862346
162119114
162250186
1235992026
1269546458
1269546442
1269542362
3421087226
3404308714
3404308714
3672895722
1525248123
1533616248
1501175912
1232740840
1213858472
1213792952
1209610904
1209545352
1211642504
137912968
141092744
145358329
162199818
199915786
184183050
184166666
1249451322
1249400122
1249431834
1256751386
