155677051
155612539
138761563
138771803
147292107
147251083
143050635
143115675
142930363
142975419
197571003
235307451
235045307
504598971
504406447
521183407
1060152827
1029813755
895718779
895735147
929167339
912389083
1046672203
1046663947
1063436603
1029755177
1029759273
1012981803
1013150779
1013068827
1013134603
409154825
425867017
434243096
468895288
1001489976
984655368
984921864
714380568
714388536
981770297
2051518491
2047311994
2047164522
2064588906
2030445802
2014713514
2023622314
2023687866
2023502475
2023498379
1503421083
1494008507
1528595097
1595189129
2132061576
2100604360
758361544
761445720
803376185
669221931
652312634
639741978
639889530
639815786
656556266
656539882
757208938
761468474
752948762
765539850
765469195
698360331
698360331
699414073
732976697
731184920
731163912
730115336
730117384
734310488
734499017
2068295883
2063986938
2030400746
2030515434
1745239274
1749434346
1753630378
1753596555
1770295947
1770300041
1808048793
3942945465
4010055353
4010065321
4010126825
4011240937
1863499129
1865585977
1865663803
1734590763
1735643179
1735651371
