1379547311
1379544223
1383732623
1400505733
1374290885
300939029
334337813
1928894261
1928901924
1918411812
1914223652
1645779988
1612355332
3759838852
3759824516
3761901204
3766161063
3774356134
3769117350
3785898150
3802664102
3807065222
3807012038
1927963654
1927832581
854092805
845690911
841627742
858404974
812267758
300554478
334105950
313132558
313001486
317208095
48785199
40428839
40609047
40547590
57318662
15371526
6982983
7048407
275352823
342404327
342470117
359394805
1567260631
1567231575
1550519847
1550388775
484982311
484978231
480853783
413867295
430525717
452521013
444130341
437838948
437052596
437253268
453956740
403627396
1548636037
1552305811
1553419922
1553321602
1553329810
1553000102
3704661926
3704661670
3696275190
3712282318
4245024462
4246076158
4279556846
4282186350
4286377839
4273792045
4139045948
4143285308
4134964252
4134980868
4128702276
1981244996
1981163220
1964389365
1951797415
1952318630
1893533862
1893533878
282921094
282343558
284437383
301019013
334747525
317960596
317825204
309371044
308323568
308395248
304332112
857834864
858097441
824694582
829347382
1903066926
1894677294
1894734382
820779582
820804110
821000783
837802829
585956477
577561705
573355049
573412393
573477901
573473807
573475855
573479999
590264383
556702013
560892221
560959293
569226877
602781309
594408061
556618329
540891099
540876283
540424683
551954667
547764458
548231642
548174154
598535498
586016586
577758986
577745418
577738266
577740591
577616685
585743149
1677441340
1677438236
1618978060
1614651661
1614799183
1614737887
1614692778
1614761386
1669089774
1656573295
582829343
582840589
586965257
595419145
556687369
539917625
544098793
552520361
1622133433
1622117001
1638767241
1739364043
1718407690
1715266090
1715266090
3879559978
3829019434
3829012330
3841609198
3970551789
3970486188
3987273372
4004045516
3995624140
3995624396
4012520933
3978968302
3161065702
3165260022
3165522390
2628128070
2629632262
2629574918
2361139458
2361155634
2361173027
2360977697
2629343504
2633599296
2674624896
2523564928
2519369344
2519368320
2989130384
2989212320
3056296608
3056281248
2800234148
2796044260
2813070629
2817269005
2808620814
3865781582
3999999054
4008205546
1860750570
1860750506
1860950218
1844095050
610969610
606792778
606760186
539571418
539571386
539635625
560598696
564809384
564780700
1639759500
1639220812
1642366468
1642365445
1667543605
1647108655
1647125023
1647186446
1663701802
1667895338
1642791978
1621625899
1622685771
547104971
547113099
547130505
570201225
569147531
829194395
813531355
807309659
538882347
538881833
542026537
1615768105
1625209353
1621007049
1625132681
1631355529
1732084363
1730065083
1713283759
3860242862
3866554534
4008099878
4003872806
3999604742
3995345158
3995345214
4016450346
2863008553
2863466792
2864466232
2862115080
2862148617
2857951241
3105538137
3088761337
3168432891
3168413418
3164159722
3168279466
3168275898
3159899534
3155899534
3027895470
3036562862
3031877055
2760949133
2759895436
2776926348
4156852428
4261915852
3994460236
3994509628
3994432297
4013818411
1832523306
1827278378
1822952042
1822951882
2091395530
2092443854
1551460422
1545263174
3424291094
3428747573
3445615888
3470615808
3468583680
3468587584
3332817536
3332817568
2527380128
2515849889
2222253734
3291523494
3560028326
3559295030
1428588802
1445374210
1445325058
1445389314
505860098
510574610
493748306
472776898
1546531202
1546613713
1559220832
1487918688
2024053344
4189366852
4225542708
4200376933
4196182759
3999184590
2933822158
2933818110
2935865966
2944201327
2904318505
2904304153
2906466841
2906401065
2944141353
2931312699
2931508250
2796208202
3199914058
3202081018
3210273007
4278767853
4245253269
4278855861
4262078693
4274666983
4271510902
4271767878
4276035846
3730126094
3577682894
1417550734
1425935005
1421414060
1956143784
1960338360
1951982008
1964548264
1998102760
1903927337
1886042154
1881835822
1882097950
1881586446
4029061646
3580284430
3613786638
3748528654
3749577286
2642289366
2516263334
2510827685
2511876260
2511879340
3585616012
3619219596
3336080556
3325592760
3609891145
1395302667
1361748778
1361815338
1932036398
1932036573
1933150364
1648068764
1645907084
1645909388
1662706564
1635705540
1617850965
1617167975
1616918374
1616913190
1617043750
1910640934
1906491703
1906820357
1638177540
1642379780
1634511412
1631369764
1664715284
1650101508
1650114567
1650081862
1647968342
3794341990
3812107366
3778554222
3764062942
1619856010
1619794590
1619803806
1619817119
3766788748
3767837580
3773867396
3810561940
3793915604
3793921604
3793920516
3793920548
3793842727
3810722350
3844411182
2783189038
2778998830
3048085534
3048085578
4122877002
3586000074
3585810635
3585663193
3589845113
3581452392
3581714536
4112426296
4112426520
4145907208
4145841673
3054351881
3055533595
3055468331
3055480171
3055480175
3191819647
3208535503
3179179343
3187569021
3183461181
3166552861
3166302749
3170427421
3162105372
3178883628
3178818348
3212364076
3195586604
2927220748
2927555853
2935923983
2950608702
2916975150
2891761190
2887632438
2887734998
2889757318
2889818774
2822513318
2825650598
2901148838
2913731766
2913539254
2913680566
2914680054
2914707654
2902173895
2893785159
2902174533
2918890053
2914686548
2814022244
2809827949
2805514879
2805777151
2805757934
2805738734
2805274798
2817984686
2813724830
2813725902
2812177871
2816339215
2815809309
2950162205
2952242965
2918688532
2910189333
2903897877
2903897909
2903856997
2902607333
2906785189
2915239349
2780901781
3045336469
3049530804
3049274549
3049265333
3042379925
3075872919
2549497030
2548446470
2481337606
2481403654
2481919254
2179732790
2179738663
2175624229
2175759413
2445067572
2444805428
2476250924
2480455468
2471345709
2471333423
3008208414
3003948638
3003948670
2987167722
2718797290
2718932090
2735709279
2689505565
2697379637
2693180948
2697440788
2688859669
2684653073
2684718625
2735705635
2718944803
2718879539
2724124947
2724067634
2723993906
2722946342
2739689830
2739886438
2739821046
2740943094
2749200598
2748971222
2749102294
2743793782
2710239319
2714433623
2706044999
2706078037
2701752821
2706054117
2739616741
2747939813
2743811047
2743679479
2743630295
2743630039
2710108375
2714302679
2705947093
2706078533
2701867588
2701867604
2701736564
3775740516
3775740516
3779935092
3784129300
1636645140
1888303445
1888237893
1368144197
1103894597
1091312069
1124874692
1129077188
1133304260
1133369812
3280992676
3280992676
3280992676
3280976292
3280846261
2207104487
2207235558
2211427814
2454697326
2454175102
2454043486
2454170190
2449914382
2987375126
3004144183
3037387623
3020586279
3020565798
3034197350
3166387570
2646289746
2646289746
2679717330
2679705074
2679639538
2683837778
2415406402
2404936002
2388162881
2388408385
2253199424
2252822592
2252757104
2261150048
2261249377
2278027089
2278539073
2278460753
2278394993
2203880561
2182974545
2182060097
2182002769
2182015073
3524225121
3524229233
3524139344
3524139856
3255704144
1112423024
1112422992
1137392192
1205557824
1205426753
1197070931
1197079394
1159461218
3309041874
3292256450
3296282818
3296282818
3304675826
2226854627
2226797283
2226858737
2226727665
2226666209
2226682593
2230868705
2179488611
2204916579
2204989730
2171566386
2179889426
2164226307
2164029715
2164021619
2155633011
2172475731
2172640115
2178939747
2178808675
2214459763
2206071106
2206070850
2189293650
2189424978
2187262290
2187262291
2186213713
2186213712
2211379520
2211297600
2178726224
2178718560
2162006880
2245892580
2247932133
2239536295
2239534246
2235405494
2503905718
2491331254
2489251510
2489253526
2623404678
2619140758
2618584022
2635556342
2635489630
2635551054
3175605007
4257669897
4253546297
4236638585
4236622201
3167066233
3158804571
3038234715
3071657290
3071562058
3071750618
4145423339
4149617519
4257690223
4253505151
3179634527
2642803039
2546268493
2546251853
3074791517
3070725373
3070661885
3074863581
3066474973
4140167677
3083133101
3075744935
3038063782
2484537510
2484472294
2489195382
2430475798
2445219334
2445095430
2208834053
2208899588
2208839220
2209091108
2280394276
2280393492
2247428884
2373262628
2356624428
2365011055
2365019246
2382222846
2382140910
2415695342
2281217534
2272828862
2253962654
2254155142
2254087559
2270864773
2271122868
2266908068
2535392684
2501201852
2503400380
4114004412
4113738156
3847334812
3847269965
3830486543
3828396559
1679860254
1696637502
1864427302
1847688486
1848006690
1852229666
1857472547
4004891649
3871202304
3874393088
3882781696
4097477888
4097478256
4231644912
4231729904
3963556516
2902274724
2898015910
2898018214
2898008238
2897746094
2901940406
3162126470
4233784454
4250559878
4149748102
4148699557
4131922085
1984898212
1984836772
4140709044
3599111316
3548583317
3548447710
1368392510
1366311726
1362158378
1361092922
1365353738
1889709834
1891023624
4042689304
4046752296
4045179448
4078799368
4077884936
4077896264
4077716056
4048487016
4057863021
4070469741
4070499367
4069385318
4069303510
4073501894
4060918918
4060906646
4060972214
4027499910
4027478662
4095619727
4110370495
4105041646
4104974054
4106005478
4103907687
4098668803
4110977283
3070933315
3055216065
4131315905
4130234561
3861266627
3878043985
2766325281
2762197536
2763057696
2763041296
2763041328
2754652704
2771684660
2787017157
2722021765
2726216081
2726171041
2721853857
2721850785
2721850785
2726176167
3807773102
3819307422
3819241626
3785651418
3785680906
3785664522
3769411598
4037912846
3773664005
3761080852
3828325904
2754524944
2805900576
2923095328
2927283232
2926201904
2926183744
2923042496
2939823808
2893751008
2901943012
2896695981
3165127339
3165127082
3165131962
2628263066
2628270298
2628331610
2360043546
2380986379
2372581387
2406199049
2407113224
2398855688
2398790184
2394600233
2398978349
2398913903
2390541807
2386380222
2386440126
2352884638
2218670990
2222594958
2226788815
2226731119
2224568365
2224564269
2224565261
2207785999
2191143967
2208238894
2212236590
2212236582
2170358070
2170509654
2169330006
2169329990
2169305415
2169297221
2198722885
2198722884
2198731076
2198862277
2198862293
2203056597
2211445237
3280861685
3285187045
3285187445
3276798805
3276798805
3243211605
3243211637
3243211637
1091533157
1091434869
1091369301
1124923719
1124989255
1129183558
1129184118
1091435366
1091566422
1091533638
1095727430
1104116054
1099790710
1099790694
1137539574
3285023223
3285047799
3285048311
3285187029
3285187029
2177890645
2173696341
2156919157
2156919157
2156263781
2173041509
2173041511
2177210855
2177210855
2168961527
2164636151
2164636087
2164636567
2164759237
2165283525
2169371205
2177759749
2173532725
2173659943
2173659431
2207082535
2211268710
2202880246
2203044054
2165292502
2165286342
2165290886
2165281670
2437780367
2421003935
2957884089
2974792376
2706356920
2706225816
2735717080
2735454808
2735732280
2736595304
2805735529
2805735657
3040219369
3036021999
3029731566
2492598782
2491493326
2508467022
3481544526
3468992782
3469193482
3733368842
3733361675
4276062232
4263290920
4265379880
4265379864
2134873096
2084478989
2084487183
1950220646
1960709862
1955474081
1955343008
1955343008
1942756992
1913456256
1376649856
1377698432
1377189536
1391930977
1386490657
3550750753
3533974560
3265537056
3282314256
3283581968
3251915812
2172913952
2173438832
2207128432
2207137632
2207133024
2207001952
2278301025
2279348327
2239502631
2372622710
2372565334
2372561238
2380802422
2380794231
2380794231
2380880247
2381019479
2372610839
2372479765
2372418357
2372422453
2380880757
2381019477
2372663765
2372532725
2372524533
2372520437
2372524535
2372524535
2372524407
2372491639
2372622615
2372888855
2372888855
2372888887
2372499831
2380876151
2380876151
2381007703
2414598999
2406086999
2271865205
2271861109
2271857013
2238306679
2238445911
2271865207
2238310774
2238314870
2238314998
2179594742
2180635126
2180635094
2180774358
2178660822
2178656726
2178525686
2178546166
2178537941
2170411332
2170542916
2170510164
2166324084
2165258612
2203003252
2203007316
2202999156
2202884468
2211273061
2211273061
2211305831
2212354423
2204096854
2204096854
2204105554
2187197299
2187197299
2204105555
2204105555
2203023699
2169469267
2169436499
2169502067
2170419570
2170345842
2203900274
2212354518
2211314135
2169371095
2169371095
2169371095
2169371125
2152724981
2161113429
2177890631
2177759703
2169306086
2169306086
2170411494
2170542582
2169469399
2177857863
2177726789
2177710421
2203007351
2198813047
2198813046
2198829430
2202884438
2211207622
2173491654
2173491702
2173491686
2177751526
2177760246
2170518470
2170518342
2170420054
2203056470
2169502166
2169485765
2169354692
2169280964
2152569732
2160958336
2161089488
2152708832
2152659681
2165242723
2165209954
2198830434
2186247634
2194666887
2194666629
2190340229
2190251421
2190253487
2194448298
3255418794
3339304874
3340351466
3308949770
3559563530
1412342539
1559209480
1554360840
1550105112
1546426936
1478347320
1494182873
1494183371
1498378447
1503346909
1486504188
1486504164
1553686628
1557684516
1566174772
1565161991
1464523278
1447819790
1444657726
1444846894
1377801294
1381793934
1406697630
1368948904
1351467176
1355690408
1372202412
1405757868
1397635516
1397636013
1381919659
1377627115
1379724554
1382982923
1387169033
1386591576
1386538472
1390683564
1394877869
1411781550
1412825758
1414923166
1424360430
350488358
350494502
350512902
363111174
900047644
900178220
879206700
876066092
1949665596
1949678348
624273932
657831436
573739533
573735177
577929225
592625721
559074347
541100075
608217131
616736811
633509914
626297870
605323278
740130830
742314006
1748914534
1748902626
1761556194
3904715490
3986635394
4019927682
3197835921
3197762272
3197693680
3197691584
2933449428
2790810212
2786616100
2803455780
2707031917
3772386790
3772321254
3764127158
3759670686
1612251534
1631195278
1641689290
563680331
563618825
545793033
814228745
274277643
270099722
270132554
343524554
343590094
342543823
342526285
350915356
350923292
384477708
384478732
308979268
845841349
841515495
841781478
841789678
574390510
591364134
560895030
560899126
561815862
561815863
557617255
557745393
1662945425
1665046672
1665055136
1651419825
1651419777
3807312513
3807311491
3807376066
3798758130
3794563686
3811320418
3760994146
3765181778
3765247426
3773569174
1626081458
1642879154
1676540082
1672476818
1672468626
1672322451
3790380947
3781466769
3777428097
3810978497
3810978497
3794234227
3798219107
3806608867
3823384035
1642537175
1625698375
1625690119
1625751583
1625559099
1625563194
1625563194
1889873978
816780346
816528395
817380363
817416456
817400264
821594248
1882765464
1882761608
1881779848
1915388553
1915126425
4062347931
4062372539
4062438127
2455789935
2476745007
2443324463
2426542111
2426747165
2175023413
2175019045
2208644133
2208633893
2175075381
2162492437
2162623511
2162625575
2163477543
2163488807
2163480887
2180778263
2212235573
2187069749
2203912501
2212305173
2212444437
2178775349
2178726247
2178718055
2172493311
2172493247
2172493759
2206055071
2204088983
2187311765
2187180693
2185083637
2185226997
2202004341
2166287461
2153688293
2162076917
2157886935
2160376535
2151992062
2147797630
2164542014
2198280750
2198289199
2202414143
2211851325
2207722541
2207520821
2208040967
2178680902
2170362070
2166307062
2165274838
2165308870
2169355654
2177744262
2173476231
2173542293
2177742773
2198844341
2165289885
3239048077
3310318029
3293458911
1141256558
1275470122
1275470139
1292252427
151402251
151987977
151791369
151791385
135013657
134817035
134829323
139019530
139018618
155902331
157213003
190759243
189548379
189550441
189558121
156069225
189785419
189382987
458867035
458998266
459006442
458875370
424209898
457763306
457763307
449572827
441087819
441078539
441074441
978010409
977920297
977838377
994615659
994619883
961057178
944346010
944353978
944353962
940179114
940137146
944446459
952777017
965359928
998914056
986330120
977997832
977817656
973664553
977842553
994685899
424253115
407411370
407419818
134855594
139180442
139196810
1229651338
1334464906
1317667226
1317941672
1183719848
1183719848
1099903464
3222538536
3224635692
3223587133
1080305934
1088776462
1139244302
1115050254
1113473295
3268329741
3268198700
3259810276
3259799012
3243032036
3234381205
3230243735
3230243750
3230645158
2160442022
2164767398
2198256311
2248583813
2252779140
2256646084
2256578388
2273421092
2277757740
2270561133
2204500973
2170958831
2171011502
2153972138
2154840234
2150648970
2150750410
3224627403
3224627273
3224496137
3224594444
3228963852
3237348357
3237871927
3233689890
3233687346
3237885490
3237859874
3278680866
3270411010
3267264835
3267265987
3265105297
3260852641
3255610273
3255626407
3540831894
3507406542
3507417934
3553517870
3549193262
3532416046
3533499414
3265194039
2189871143
2193967125
2193885269
2185562325
2202417527
2168598358
2160209670
2160539158
2156142118
2156138022
2156150311
2156198439
2160376613
2177145717
2244774356
2269415828
2269612693
2403834517
2370289301
2365963927
2349170335
2349148862
2349673134
2349672686
2353997926
2376009766
2409564166
2409446406
2409440262
2409620486
2408555559
2279460135
2237516069
2237286661
2237274949
2220501829
2237348725
2245599077
2178416997
2178699623
2161963495
2161938935
2220655063
2219810263
2220866001
2489301457
2485041617
2485107153
2484779969
3071975105
3055204033
3055211201
3055211217
2788844259
2788781667
2796054819
2728937509
2728937589
2729990349
3002608845
3004705933
2434412173
2433357487
2421818031
2426274542
2425618798
2427719710
2428293134
2428283919
2432477191
2424088839
2417855253
3004926229
2987038725
3054150661
3054149637
3054170119
3054162039
2785939687
2802459879
2768842151
2764651175
2761493159
2761641621
3029946000
3029921472
3033067008
3024660992
2954405921
2971375649
3004860512
3004876993
3004845185
3005095043
3005103491
3009355699
3009158818
3017547426
3013361314
3012832998
3012833142
3013359878
2476505094
2459756614
3537758663
3261034453
3256813237
3256746677
3238921141
3222143461
3222151231
2152672271
2157717518
2157721614
2159810830
2176080142
2207668510
2190888734
2189836606
2194096447
2193969519
2177163751
2160386215
2160387235
2151979427
2152565171
2152696241
2148243857
2182789569
2455418881
2455413760
2455674880
2455543840
2451349537
2987693093
2986724389
2970011749
2684774885
2689002213
2694240980
2694286036
2693565140
2710362820
2701982404
2701974084
2702080613
2702061095
2702061094
2706128422
2707167782
2715551798
2979792982
2979858518
2978928726
2978986182
2978789575
2714548679
2706152375
2706217911
2702031781
2702161829
2702095285
2735666101
2701554173
2684760553
2684756329
2752913769
3828753769
3840358777
3836172507
3987208411
4020763019
4003772811
4007703945
4011901833
3978314632
3961721784
3961663912
3961659816
3840028136
3835898281
3835766955
3886184858
3869440394
3870352586
4142956618
4130390042
4129419322
4263583790
4281475374
4294058286
4254205742
4120184639
4120184413
3583456905
3583913865
3588168600
3587983768
3579595144
3344718984
3340018824
3575095768
3575030649
4116095533
4124553773
4119961151
3885009215
3885078575
3994335279
3994331183
3994395679
4011233295
4011229471
3979789103
3962897007
3962573551
3962573551
3964666537
3973055401
3834650617
3836819769
4105386264
3031578888
2494769416
2276731144
2259953416
2259976968
2190836696
2191492009
2459734955
2526843822
2531037614
3075774382
3071588270
2805317614
2805380942
2771821838
2771559694
2804067631
4012092457
4011981865
3996245033
3996243257
4000370025
4017213417
4016295657
3982740475
3982548987
4016106843
4016172415
4016231807
4017275999
3983721567
1836186711
1836117239
1836181735
1868814567
1852033398
1860684150
1852164478
1717627263
1717693279
1734536031
1684196191
1685310295
1685314903
1685122423
1685122559
1685188095
1692912127
1743244287
1744161789
1719000029
1718741725
1718872669
3883130749
4017212799
4016102527
4016104575
4016170495
3982647807
3974255573
1826767575
1818313591
1818514807
1818258805
1826646077
3974260797
4007807261
4008069385
3999717641
3999656265
3999591417
4007975657
4008038121
3873820411
3882145499
3865376603
3999589243
4016562538
3882284394
3849766254
3849706622
3849645310
3832899838
3831986430
3831908862
1692814815
1634160127
1634040319
1633774591
1633905503
1675877151
1676921631
3822374173
3797214237
3797213533
3864519129
3866547961
3891711737
3858221817
3855735545
3830480601
3830476249
3830539353
3964752985
3973405785
3992283385
3992414441
3992381931
3991329755
3974549195
3974612683
3975463499
3967083018
3979665978
3979862830
4013347630
3999745343
3999616347
3999554650
4016331002
4024785146
3991296510
3992345566
3992353742
3925175758
3958662622
3958728190
3958837758
3950380246
4017489031
4017566871
4017431719
1878271143
1874146725
1704269237
1704279492
1690577348
1679042881
1679043329
1612065569
1626737185
1623067137
1639910913
1673266753
1671173827
1921779427
1921844963
1942779618
1942251218
1942284230
1942284102
1925555510
1648733495
1665510677
1665514772
1632099604
1627913524
1611099508
1611103732
537337340
541527548
566626813
566626815
595987926
596066262
583280606
574908382
591685598
591718366
591714302
591712255
600100863
600690175
600829309
835708277
835708757
835712797
835702557
835702653
868613501
1942482269
1942449615
1933995487
1397169583
1464163758
1430617518
1439032766
1350956446
1350948238
1367732638
1401270703
1405391277
1398124972
1377280904
1396041672
1396042440
1361476216
1898330745
1902254715
1910573786
1910558154
1910526410
1910587594
1910718554
1902362682
828502059
828402987
555755839
555755788
622868748
622993181
622990637
631637292
631506220
765725964
632031503
627947895
627947895
627948983
627948983
929936831
913159615
393067967
342210995
341949363
73530291
73481137
1147222899
1147289377
1147548961
1155933489
3303420161
1189490945
1185857793
1185907025
1185251827
1185265075
1184934307
1181788578
1175501222
1140890038
1141090694
1141024130
1410507586
1414697731
1425244977
1424011809
1424008736
1416079888
1428593152
1462160896
1445873232
1445922529
1445925537
1458505123
1455234211
1454651555
3602131123
3600050307
3616861569
3579109761
1431806929
1429635585
1429701136
1428484640
3575965216
3559189040
4096129584
4096104480
4243884064
4256991264
4288513025
4271800514
4204429762
4202349186
4197107362
4197408418
4180507298
4164693474
4177280242
4170986690
4171048002
4187825219
3655279985
3629793120
3629780721
3629846211
3631759299
3638111555
3701160978
1285118994
1285123074
1304159490
1304072977
1207681584
1580778032
1580786288
1580786672
1580901328
2117766608
2120190416
3864824661
3863788381
3863788140
4005870120
3997478457
3997475403
3993297610
3993264890
2921079722
2921074858
2940010666
2947154094
4155113654
4240060550
4240056517
3703185604
1555901708
1279011100
1279220540
1279187764
1546059524
1562572301
1600242191
522240526
523293486
437310766
436235566
172042286
180758558
193911814
412779527
412844080
412660000
1557700896
1549313056
1595450592
1580905664
1580904576
1445642371
1445661842
1445596578
3593092002
3580570338
3718785762
2645114594
2646095495
2643993221
2644009637
2642985637
2559235773
2563464941
3625455151
3627562287
3627557935
3627557935
1480270975
1497259086
1495234886
1594419655
520677827
508094529
382588929
382684161
375260161
389689409
1160389057
1076499393
7995796
282853804
294404520
293928424
1401211752
1401285624
1401400280
1090955912
1125559944
1396630153
322880393
322748858
335315434
866746474
833270826
543861802
1613671482
1613671439
1630444556
3777268764
3811871788
3809772588
3809796396
3776324204
3780518524
3770036975
3837657770
3837526698
3836481194
4109117866
3161200794
4235143306
4235077771
3714459787
3714458761
1575403593
3752231179
3685122330
4222595882
4205618986
4205357866
4210600494
4198013486
3124268799
3138946701
2836977293
2820396959
2822430191
2826881254
2828979558
2896055814
3985911302
4015793750
4011598567
4011594213
3978100964
3975626988
3971465452
3969238092
3973425164
1698998284
1694870284
1728502333
1661352489
1645612554
1646134794
1647968522
1660552234
1656427754
1670911146
1637356682
545837194
814253194
814325178
814333097
1888086509
1464559919
1460284735
1460299534
1998251598
1935594222
1922351791
1939112629
1922073476
1921024436
1925223588
1979753632
1929489616
1897113792
1897048273
1899161827
1899416819
1911999939
1946044359
1946047429
1912435413
1912367077
1912366885
1895595809
1894537009
1886140179
1886135043
1348870915
1348866819
3504736081
3521531876
4058500084
4092955076
4076112196
4074027796
3874794772
3870597380
3870601245
4007956542
3995394094
3995082798
4011856230
3944875942
3944884918
1811032726
1804671894
1787828614
729819527
696265861
948053445
411185733
412223191
483397295
483404463
473967279
499391167
528751549
513111452
513798552
257925624
222138680
204308797
203788591
203467046
69241142
207730706
224634882
200452098
181568513
172146688
169230528
238420096
254673328
220862128
477845172
479844004
478713508
881632940
1955376812
1955377068
1700571596
3879581724
3862935596
3861297196
2787544124
2787541772
2787557916
2791719461
2791580199
2808881902
3849069230
3781441198
3789817262
2778923198
3852538046
3852480670
3853546630
1959848966
1345383682
1411476994
1411591683
1411595793
1411779617
1420692512
1420429312
3433696257
1302987777
1269760963
1269564146
1235489506
1230254951
1208234279
1208229933
1208230956
1225206792
172369928
243678216
110497096
45352393
49039275
40163243
36026298
36091354
36156890
372028906
376223210
384676330
921612506
922398938
922259706
920162538
1992863977
2009707752
2001386856
2001383208
4279938600
4147818040
4147883720
4114136712
4030320267
3762212506
3762212538
3766448810
2700898730
2696695982
2965205183
2965266607
2968281327
2959893863
2955177733
2955308823
2959494966
2967886102
3030845462
2510559286
2548312118
2532125702
2532189446
2666410758
2393768487
2393440807
2394424039
2409105383
2375577599
2375609789
2413340157
2413336061
2390327629
2386198796
2386461964
2386340893
2384259117
2401101869
2401163311
2636040239
2539572495
3621700879
3604662031
3596203293
3591939389
3591943229
3590960156
3590956044
3607880780
4111136204
4094576637
4098772653
4240903855
4236582637
4240785117
4240719565
4241237727
4237060031
4240991663
4257800367
4250525887
2132586687
2114752703
1846321291
1846321355
1863296011
1729539099
1695979823
1702009135
1710655533
1668778013
1669319695
3860775950
3860754510
3860738558
4148036070
3044934630
3036480230
3032225382
3032249902
3032249903
3032280637
3032280605
3036456477
3025966621
3021963871
2954805983
2954884863
2954684079
2686209711
2685685423
2687831967
2687966607
2708880525
3010866381
3017221325
3000448205
3067425869
3066508639
2529568031
2542150943
2542151007
2543136239
2543066287
2543062191
2211712189
2211775645
2186612895
2185572511
2185584799
2202329167
2178211871
2163584319
2163390759
2162330485
2154204117
2155187093
2205470101
2182464901
2184593541
2184585351
2188780727
2189307367
2204899815
2179733863
2179737925
2213309701
2209246469
2192500021
2192500069
2192438629
2209140197
2213302245
2171359189
2171493271
2171500983
2171484645
2171410917
2167150871
2204907783
2188257543
2196663095
2196630310
2192366390
2192366358
2209143606
2158993207
2163117877
2164182805
2164117309
2222772013
2237451053
2271009133
2254305773
2254302701
2254306815
2254304767
2271212511
2153706447
2153706443
2153764858
2153635306
2155739370
2153638138
2153769178
2170484938
2199804362
2199866826
2198494667
2198765003
2202955227
2203020607
2211206959
2207045437
2207248925
2274288189
2275205677
2279396909
2256326189
2256325221
2256391141
2255485415
2256514535
2189409783
2197798391
2483010007
2441001415
2424216518
2420088406
2420088382
2956967550
2954880606
2970560222
2970566366
2970422190
2974615726
2441877679
2441951423
2442016975
2442029135
2442128391
2442114053
2173613573
2173609525
2173543973
2203907621
2266811941
2252098149
2252164069
2524937445
2533355749
2529161461
2543825037
2979963087
2967446991
2959055711
2954725951
2956958255
2956913213
2956864029
2971543053
3005092429
3004957021
2476212463
2478309614
2444762350
2442868974
2441836630
2207115270
2207234054
2190388743
2261691927
2261626431
2250038847
2252099183
2252082927
2252299759
2256534767
2533227695
2529148063
2545921167
3221137549
3187653069
3162479325
3158153853
3158293119
2889789182
2889802494
2889753278
2889561774
2755134630
3849849014
3887597718
3871025303
3803850885
1656367237
1654270085
1650076805
1652178837
560862933
560924229
543954437
539235869
539235885
543438125
568594477
564413485
614747149
619763727
611448847
741595407
741530398
676527678
953345566
952198670
952132110
943747598
402773998
1480717542
1489091814
3632371942
3649280198
3414407366
2323889095
2323823173
2323840532
2323830292
2390938148
2390999588
2391032612
2261042981
2262091111
2262601063
2262601206
2279378422
2538118134
2538183638
2534120135
2534324951
2534320759
2535385717
2535418485
2468158005
2468286069
2468224629
2468228469
2463902821
2459712741
2475428085
2475280581
2441844933
2429261895
2160761159
2160769623
2160704119
2219354727
2215426663
2500647653
2434748085
2468241319
2455665831
2459729063
2459729079
2459728023
2457614478
2453477518
3526826142
3525712047
4079364511
1898328015
1881550543
807675599
807671503
811598190
819990638
815796270
815845406
883225614
883407886
1021819150
1021819407
954640911
954657293
947284493
957621789
990126621
452989487
1497436462
1488998446
3632321638
3632315478
3632314566
2558638278
2340657991
2323823188
2323824148
2323824128
2391201328
2395276833
2252604963
2253719335
2254244966
2275155046
2241616998
2241649878
2245844166
2237435079
2237630853
2271197621
2202970517
2186259349
2183003031
2182958071
2199784423
2199797111
2170432790
2178886710
2177645622
2177645590
2177660934
2177660934
2177751094
2169493542
2169460838
2202880118
2202884175
2203023695
2211379549
2211445117
2211305853
2202900829
2202900956
2202902460
2471475132
2479854516
2479854516
2447217332
2489160372
2484966068
2484068021
2483976935
2483960550
2501782518
3042847646
3086626702
2545562510
2545615758
2545419182
2509775275
2514231787
2220631323
2352822299
2352875579
3430824203
3304532235
3299223819
3315994953
3315777992
3617751448
3621880232
3593503212
2517668716
2517671468
2516625933
2516691471
2516757082
2529345514
2529609194
2508636650
2424718266
2424722351
2430023423
2488544981
2484349813
2491165029
2491164708
2281518132
2259562501
2263752966
2264797702
2256339494
2262565734
2264663278
2277254318
2377656506
3455658123
3447531656
3441256584
3441207688
3440688524
3442841036
1294377292
1332125964
1201906020
1185002852
1184994788
1190238116
1179883429
3591541413
3541205655
3541205711
3510010575
3493111358
3497045546
3563371050
2489748010
2498153018
3051878970
3081759258
3081696538
3081666585
3215687720
3219685420
3211297580
3207107100
3207131660
3208211980
3174705772
3174706156
2908424621
3034253486
3030254734
4104007822
4103483550
4106485934
3569619134
3569626254
3562023118
3243272526
3278994206
3262282526
3261218574
3269595662
3265676038
3282338103
3248795941
3517231140
3504636964
3492055076
3576138020
3576072724
4146506245
1999022663
1982256838
1982071446
1847853734
1847853231
1856245935
1723281645
1706434637
1691755781
878144783
873655566
879922286
884067438
898679902
932233294
918577230
906043517
907158621
387058889
340920777
351407083
296823530
294661850
294667978
311476938
315671514
315646446
399565295
366076397
1431478701
1431744957
1969062821
1969009637
1976074855
1976076087
1960744247
1962910774
4118651958
4114456631
4248743967
4248752157
4282304285
4127082028
4122301996
4055117372
1911826952
1903434312
1949567641
1964837801
1983778219
1987444891
917831818
917504138
915427450
919662634
357605422
341026094
349350454
344123990
344189894
344029315
360848513
390214785
1459753091
1459749299
1459753634
1431532258
1439822374
1435538982
1370793510
1370795287
1370784769
1375110144
1347847168
1343653124
1343749476
1345842144
1362525125
1366690759
1400246151
318050194
317993943
317993975
318059493
309687269
863299044
829747188
812957668
810847924
811044484
823559812
857121413
840295143
840229606
846484454
1920222574
1928612910
1945975854
1911520270
1974363142
1420223494
1420222470
1420206358
3572999479
3707215655
4243884597
3184888324
3184957956
3210127876
2940648964
2940503604
2940502628
2919535204
2919551717
2785460966
2785428198
2786357666
2786346210
2788445426
2783337666
2762403010
2763451587
2763451841
3839291329
3830795969
4095164097
4112389841
1967075809
1954291809
1962676257
1895563299
1894584343
816719879
816719879
833493255
313461703
313265031
313286023
317517975
310177967
370995375
906252459
906236075
910242607
1036135975
1020407351
951199235
951214595
418636291
416342582
415281958
415269670
432116734
465810394
449034138
449298330
1523039114
1523562890
1523448202
1250818458
3398039962
3414810010
3415983578
2375778809
2380104184
2415755640
2377494904
2243408232
2243400168
2247590892
2279048108
2270607021
2265376430
2265378478
2533785262
2533837486
2539113438
2647907790
3184635342
3186732238
3186664799
3178268029
3174138429
3172135453
3172131357
4245758525
4229177965
4162069869
4166790383
4170975471
4170778862
3113896142
3147492559
2614813774
2606429518
2589652766
2681960254
2683908910
2683843374
2683834670
2650280238
2650390826
2646574393
2644490520
2644293896
3168570184
3176434632
3174403800
3174404808
2904003272
2903999193
2903937771
2902896362
2903960174
2904484462
2944256798
3882632206
3865853966
3865837583
3865972763
3865976889
1719541801
1727931433
1725249577
1721055611
1720138315
1653017290
1988430538
4152624779
4152677002
4152877706
4119306890
4123046554
4114649786
4232086270
3158554622
3158502894
3099782383
3099846767
3108001837
3141540924
4198510860
4198965516
4225130765
3118395677
3093028655
3094993711
3090717247
3094915790
3094981327
3103506063
3153703565
3137110669
3128214189
3195322861
3195298031
3195347055
3161919543
3161862151
3161858053
3698729221
3698734365
3699316765
3707574493
3758037135
3740145806
1592674698
1319423882
1319420554
1587839658
1587843754
2125771114
2146869289
4118126632
4111771656
4111767560
3876882440
3876956232
3875974344
3875975816
3842409160
3830891247
3841901166
3770663462
3773621798
3773622582
3765233734
1665063110
1715398855
1714842821
641105092
641090788
645136420
586154028
586158120
577773577
578102041
578168381
855514661
901647955
882771522
881406530
1418256898
1418240514
1418306051
3566895619
3705308673
4282293824
4265450180
4264331972
3995962004
3995900589
4007980970
4003783850
4020556010
4025798890
4000379002
3994116121
3994166280
3994166296
4262607912
4128381992
4132574520
4136768200
1888879244
1352008335
1352467086
1352413854
1086074542
1154751150
1142212774
1142204566
1192470722
1175627778
1176675330
1176731650
102801442
119578658
1277354274
1281549058
1555223042
3700852342
3699682021
4236552996
3163859492
3209726476
3054799372
3054866956
3860308492
3793117836
3795194541
3795059374
3794013358
3807119534
3802929342
1655060638
1990601870
1990598862
379985934
127934478
77602862
1151397679
1285614380
1285749276
1285750284
1290860060
1334895148
1317061164
1317073576
1334113192
1300624810
1288486058
1275890858
1276741802
1276876938
1277143182
220113094
253143046
259438854
259425282
259162114
1295425794
1568055554
1576968962
1572770563
1572571121
1605942688
1526246560
1513677968
1513750656
1530527873
1564344803
1551115043
1558458147
1554000421
1554004500
1285757444
1286618628
1238394372
1271124484
1250066948
1250135559
1250986534
3398478630
3671369767
3659311141
2587526149
2587525447
2586477254
2603328198
2552849126
2552963686
2552903270
2557152806
3098021158
3098020974
3099069679
2562264204
3635950732
3635958924
3361247372
3357126824
3373899944
3373245580
3641681036
1494199373
1493673997
1493624893
1574107453
1569872188
2106723100
1972506444
2110931917
4249928637
4244669349
4110463461
4093682149
3825249749
3825249989
3842026196
3879902964
3863135956
4131537541
4132831895
4132770726
4132708582
4285796454
3170120758
4244007942
4239845383
4239566853
4239567620
3170023956
3157761540
3040316932
3057091140
3054994132
2786562724
2790584996
2790585253
2790541222
2790739878
2792627622
2809138598
2808087798
2808091742
2816549902
2816680990
3080856630
4288816183
4294059077
4294074436
4258459716
4124300501
4124171511
4123060711
4114725223
4114848118
4111714758
4145216966
4149405126
4115809222
4124197862
4124066534
4042289895
4040172519
3503304531
3497032001
3497220369
3497154833
3497142545
3497209089
3513987331
3522302721
3521250113
3504473073
1357075441
1356879856
3497054112
3513831328
1400094080
1400022400
1390589312
1390646672
1382127073
1914746213
1914760487
1931537702
1931570470
1935750438
1935750454
1935749382
1935806790
862060998
863109526
869335462
834672550
813758390
814006151
1888862149
1888796436
1911859476
4084246548
4063734020
4063673876
2788595252
2788594212
2788618789
2792772135
2952594022
2914517478
3921151142
3920103590
3915921590
3912968406
2033854662
2134517958
1031414214
1016726215
1016660675
479785667
479765219
483960545
1012443873
1025223105
911915137
1985656963
1985644675
1981451399
1981533335
1849502886
1849502950
1732060270
1697128750
1701393198
615187054
564728495
564667053
564667032
564671112
832086412
872984716
537637260
538621260
1614711052
1613662988
1613203996
1663412764
1646766877
1646706447
1646718990
1647185966
1714356270
1715208238
1719533806
1723728062
2007896462
883823246
346690190
279647886
11083406
12140174
9973406
77344430
77360814
1151117246
1167893903
1186905293
1453757516
1457685788
1377933100
1377870636
1382064956
1382068540
1377915180
1931551021
1882399017
1882337577
1882325403
1886521227
1888930702
1619299230
1619299246
1623493566
1631882894
1661440590
1647743495
1646703111
1713807905
1713857313
1713774881
1730555937
1701185633
1692797345
1689389441
1689410435
1706228611
1840314243
1871770582
1875960678
1874912038
1816191526
3959449378
4233264418
4233251891
4241640481
4237446176
4237423664
4236502016
4257407232
4291995392
4266821377
4267150883
4132801314
4132804898
3797260322
3797404738
3793142979
3793744003
3793608865
3792527777
3813495715
3763290791
3771679382
3771552327
3771494927
3770955551
3839110431
1691691017
1825974537
1825970443
1758923550
1757679614
1749288686
1749291758
1757680366
1757770382
1753605774
696364943
998289285
985706389
977385365
973165456
973280145
1526927744
1493369312
1489047904
1485911328
1488074000
1488071936
1488092420
1504742660
1538309172
1519428644
1519428908
1522578028
1510052408
1510068744
1509962251
1577071162
1577268778
1564945706
1557399594
1284769834
1236535306
1253836810
1252805834
1252774090
1252692170
1248497871
1244312029
1227534797
1211802004
1224384932
1220257700
1220258740
1220197252
1241222036
1274646420
3413679805
3375937263
3694691966
3695091710
3711872446
3713705134
3747143846
3591909557
3591962812
3592098220
4128977580
4141421288
1989674536
1974999576
1371027979
1353198362
3496503658
3292122330
3292187850
3290156426
3290027403
3318281129
3348755305
3350881033
3484037901
3450736927
3434029358
3437521966
3294943278
3290810375
3296131143
1165404550
1199488390
1111328135
1109967285
36372631
37367942
37625986
37675506
20308258
73703714
342139186
350265602
350462978
346133553
1474397232
1445168208
1579320512
1597409152
1595311792
3746950881
3755273825
4258590327
4292144919
4294438199
3758019895
3757982999
3758048535
3623814527
3623695743
3598532479
3598532479
1467825151
1969044477
1885158869
1884624277
1884647831
274063511
272953526
268751030
268714194
268648450
268626946
290646818
297183778
1404344869
1387056645
1387058693
1450111493
1178518085
1193165565
1162818285
1154229869
1355562861
1356605933
1352411629
1354578365
1354701197
1140675981
1123336581
1109754247
1378254999
1379307703
1379246566
1379705126
1383900974
1945931566
4092181055
4150963999
4150980383
4117423389
4251582749
3699053017
3699053017
3699053049
3699061243
1560229883
1576878075
1576868731
1476204859
2012494091
938752265
938738952
393487128
389489208
355938872
355873336
339481128
71041832
74188073
78383467
78452970
79648970
79592650
78574795
120516811
103739851
103739849
103731657
242152393
250508107
242152315
259842411
222078443
205303275
477932971
477923737
502040969
1575984523
1605342603
1605276042
3758011290
3623789482
3615400874
3615400939
4152288239
4152292205
4093567597
4060050020
4127150716
4127003261
4114362989
3023863151
2954655854
2958608622
2966997198
3571042510
3571045582
3504033999
3503952327
3554293239
3556386151
3539675447
1391139127
1458116903
1449737511
1449996598
1177489670
1195274502
1193070854
1196208486
1204584934
1200393638
1334675894
1334548887
1305127302
3444239238
3444221831
3452871559
2627634117
2627568501
2627506980
2627514148
2623318820
2619185716
2636111412
2669598229
2669564421
2673754631
2681885175
2677559527
2642986151
2647184567
2634607751
2668358855
2668293575
2669342151
3747272007
3757754230
3757667686
3740826998
3740806462
3740876062
3732609311
1585003839
1601777983
1568354335
1551585311
1015009307
1012895769
1028429097
1070381097
1045202985
1041016889
1041016907
504343755
1594810575
1561215631
1549681342
1553597095
1553606311
1553540755
1553475203
3436722131
3430442483
3430508017
1299932625
1308317011
1299961171
1299830099
3447313747
3447320915
3447451986
3489379666
3488322898
3479950706
3480868147
3447323955
3447323955
3698065203
3698032433
3706281761
3724105587
3724105587
3757642611
3749254003
3749254003
1601909521
1601909009
1601909009
1593385268
1324953908
251212060
242946844
242947864
91758393
74981163
83627386
83643610
213769434
213816522
212778186
216972494
225361358
254719367
254457239
237876115
237810579
1332712339
1341035153
1325314721
1316660129
1585031137
3730351585
3732514289
3732649201
3732657395
3732657379
3732632802
3732477026
3732477026
3598267747
3615176546
3590010482
1442395698
1425610242
1425617410
1090073090
1090204438
1086010166
1085882167
28915989
60324148
46725412
38310948
34111532
34242572
51023884
17477644
978996
848229
5011309
281815661
281946863
281946831
30292623
64884365
1124008888
1115427256
1114386840
1113338248
1103385064
1082454313
1149562154
1149536554
1166387482
1184212026
1184210986
1312735290
1311424522
1244315723
1210765769
1210775240
1224404732
1220144876
1220077176
1220063832
1291616761
1332511929
1315804347
3392055738
3392060346
3392051882
3391733434
3391665818
3395850954
3672674890
3669664554
3669664555
2612633901
2612633965
2581107172
2555942372
2551773668
2550790645
2550921685
2550856135
2635758022
2673500110
2665140174
2667313118
2528884479
3065624573
3065821037
3082597740
3051127084
3042750509
3038617645
2703073327
3776946222
3760120878
3759078510
3762998510
3771289038
3771223431
3771432327
3771362709
3762955669
3762890197
3788060629
3788187621
3784251237
3818849141
4091348815
4081858383
4081856030
4048301614
4048358958
4090039822
4090048078
4090048334
4073198974
3536324079
3536324095
3536331231
1388913631
1389036253
1405764221
1397453676
1359536492
1359536252
1342824652
1342940364
1342803148
1346930877
1347193005
1347324095
1347336607
1372499407
3620660687
3621712719
3604931422
3604964158
3604837159
3604812071
3537834279
3554615583
3521061245
1373581821
1348404189
1348404109
3226285983
3226238907
3226258411
3226257914
3244288330
3244223758
3252659982
3250493198
3250500383
3283985215
3283653423
3537470245
3529163045
3524972885
3527139669
3541623285
3541623269
3508265391
1342952895
1343016350
1347209630
1909295582
1909434846
1372564559
3553600527
3554587663
3546210319
3531530301
3531567405
3548320045
3546157357
3546227581
3511493373
1363940093
1347158751
1347356303
1355638686
1355578794
1355599274
1372374234
1372513482
1440669771
1365237771
1365242139
1348461883
1348463935
1348335933
1365236509
1398722333
1381914461
1381725021
1381528029
1381519869
1381880237
1397552045
1405933487
1909231615
1942392783
4156991439
3620185951
3621041983
4149522719
4149732631
4116112407
4116599863
4116579367
4116579431
4124972535
3588170743
3588035583
3588031199
3588060879
3588026367
3588029294
3588017022
2547829518
2543758862
2543758862
2548037406
2516439862
2506088758
2501861686
2506051878
2480914789
2476691940
2459792852
3537647060
3541565588
3508027540
3508433076
3490604468
3490608565
4031635359
1909313486
1943010254
3549280719
3553467727
3554663437
3546211341
3546210325
3546247204
3546218796
3521052973
3521065773
3521065517
3504150127
3495759487
3494738654
3494701790
3511484158
3519858382
3553477326
3620660175
3620725199
3587035631
3562917999
3558861871
3558795293
3562993679
1365231901
1407043901
1918743837
1918480717
1985577292
1985708508
1717481724
1716495597
1716305389
1711574509
1845989247
1845669469
4009928317
3976376941
3976450604
3892372012
3896567596
3896567676
3955291756
3938546277
3938538215
3955315447
3963630550
3963625970
3963696354
3973205234
3973204178
3969046722
3969054915
3857901763
3874680259
3866283331
3865232707
3865298289
3860917601
3861933411
4012926947
3983620067
1836254691
1844577747
1844580803
1878143427
1869820355
1801662963
1801533425
1810966113
1777363553
1777400417
1754331761
1775299393
701540673
726710547
705740659
1779677043
1779602019
1796380515
1800525667
1766970723
1758647666
1777488962
1769100355
1798456643
1797475827
1780486115
1784687331
1793157875
1790049269
1804655589
1771102205
1754329037
1750132685
1745937357
1745937389
1746138989
1746066733
1834110255
1844698399
1844706591
1840441119
1873990415
1876021775
1863377485
1863378905
1829826025
1699993837
1708312813
3851602023
1704118343
1708387591
1729357571
1712509443
1712509475
3862090531
3866280739
3873624323
4024693009
3991138611
3965899027
3965899011
3962815811
1815203299
1819298279
1819302375
1685150199
1693473239
1827698903
1827727607
1827732599
1844637779
1844633667
1836245315
1702028147
1702019683
1699988195
1699825651
1699769843
1699769827
1699812835
1710294499
1710429683
1706243539
1710372291
1844590019
1844655555
1844520851
1875977891
2123703971
2123699955
2123826883
2123699783
2123691781
2123672893
2144643357
2111093535
2101656127
2080680559
1946461950
1946440334
1964376718
1964377014
1937637542
1925055718
1925059687
1925069841
1925065729
851190788
855400468
844914748
844951852
588038696
537773688
542018248
542022344
541891305
542940137
545050091
557634555
591295371
589194121
588719017
542392747
819216811
814761197
886103069
886160397
886221836
613592076
630369292
1740023820
1727432716
1719045197
1715372543
1714393582
1714197422
1730986666
1730609835
1730625195
1743006635
1722562987
1722756491
1722688907
1710109066
1684951434
1684993450
1689169006
1689037870
1689048094
1684824070
1680089094
1680220198
1814442274
1819674146
3971353122
3971418658
2914847234
3199740418
3065637377
2528892416
2545533648
4122526384
4034459296
4029214368
4029200800
3765016736
3765143713
3798648049
1646968835
1647235075
1647239169
572792881
572793124
557060652
545131049
547228393
547228331
546581134
546581390
563367118
894943246
2000080910
1966514190
1971233070
1977524775
1742448165
1737001572
3871902308
3863526004
3792349892
1645932228
1645896324
1647981221
1663767205
1630147239
1634337718
1642791078
1638404262
1638417574
1638431950
1639508174
1627121934
1635417614
1635386890
1702495754
1710892554
1710827307
1710767595
1709706731
1962417323
1962486921
884532361
888705165
1022922957
1014542349
1009360909
875144205
892251159
925804551
1999030343
1463158983
1461586086
1465846182
1474182566
1472079782
3619562118
3619041862
1470960134
1470943782
1470947878
1470931503
1475125807
1999149032
2000199672
1713093576
1645984712
1645910984
574265688
591039512
1630241816
1630028826
1613505562
1613177914
1613108586
1638272874
1738936042
1723680762
1723623242
1723621707
2008870984
1970991336
1954214120
1954214120
1949962472
1949831608
1949836188
1412965052
1417290476
1421480700
1420494428
1420312079
1420356127
1408215070
1382979598
1391101966
1391100934
1382592518
1378398214
304840734
841646558
825905850
807284395
807287467
811539114
549272490
549199274
548143290
547893450
547905547
812241193
812376617
812376617
812312105
812314121
820768009
820560911
888718383
886665263
886730783
928649487
907678473
369772057
369839849
382324456
378264216
1436138380
1423486860
1425581996
1550365613
1424602021
1424667057
1425994193
1157525985
1174282531
1199449363
1199512850
1199519010
1207902514
1174302994
1174126610
1173983282
1199091746
1463397699
1446686145
1445629569
1445695120
1445975728
1983771297
1983668899
1981555622
4150207919
4150221279
4158441769
3887892776
3854084904
3837307400
3854149128
3854148168
3887641576
2818081195
2788720810
2721632430
2720986286
2720979126
2720987302
2733042087
2728905461
3802455564
3823429132
3777290764
2754470693
2754503975
2892891174
2892762166
3966515218
3962316834
3966381090
3974759922
1823081090
1823343238
1824395911
2092705413
2111581829
1561078157
1594189965
1443358862
1443264654
370310606
372398026
376525626
316994090
396677674
363185706
346935083
346876200
363653160
489483304
489440264
490602568
1025384904
890135401
898519657
898451433
361516377
1439459401
1293707273
1293809675
1159651131
3301891626
3297691182
3229975070
3229976070
3230107619
3230119331
3235358113
3224864177
3224798592
1345750912
1379309440
1379315648
909569280
909593937
842341491
842280418
572270054
576460262
579601902
1670208986
1670212955
1737287945
2006771976
2006756104
2011147784
1969141304
4048454264
4048454268
4048323308
4039934445
4039946733
4031555053
4031637446
4031727558
1879967606
1879970086
1881026854
1883111486
1954419726
2013146126
1052649486
513681678
513227022
517474702
517524874
517505418
1050317194
1050317193
1052422552
1056485800
779657704
1060676392
1027256856
1010475544
1009444376
875191832
876498489
343689515
368887850
1033734202
1033799694
496942094
532587534
528396358
528384198
1597931762
1563345058
1564373154
1480470690
3628012003
3631686243
3636408867
3636285986
4172902931
4254625349
3734530757
3734567589
3740851109
4269337007
4265200015
4265296267
4265087371
4130873787
1727553963
1740202985
1706631913
1690052232
1635544712
1630851000
1630850216
1664388344
1668385880
1660062733
1650633741
1650631692
1650632220
1659016748
1655873068
1660128813
1651822189
3795076845
3811918765
3778412989
3778424972
1618354376
1625293016
1621098584
1621171227
1688349466
1957833242
1957833274
1420892682
1425030666
1420825866
1421082634
1421328490
1370874234
1402840025
1390191325
1377608428
1914479532
1914679516
1645904088
1647870056
1652067688
1668856360
1629203000
1629158985
1612629579
1612599386
1612447786
1880883242
1882653742
1886791790
1888888950
4103482198
3566602822
3600682694
2526987974
2392760838
2394599959
2662044195
2661843489
2661851685
2666045996
3186328104
3170533992
3162161816
3157970569
3158014653
3158051759
3158051246
3158124726
4229901446
4241958022
4237689030
1553858758
1553862870
1570579697
1201433936
1205792064
1197115712
1427672544
1427680736
1429843344
1463457408
1382711936
1382990465
1382957698
1378550402
1378436066
1407734818
1437101090
1437083682
1437100038
1441458182
3593120774
3593124870
3593126918
3605709126
3334136451
3485098672
3434690212
3434624676
3707256484
3699117732
3694923172
1550189988
1558578645
1558525254
1558226182
1566614822
2099295526
2099557686
1864875790
1865920014
2138412558
2146809407
2137306661
2133718565
2133734951
2134785511
2134772903
2134772903
4294839463
4290645127
3753774278
3753786374
3484231942
3488410422
3480021542
3454856742
3434832406
3434758658
3434758658
3432595811
3432530145
3436970144
3426484368
3424460928
3424526464
3441303745
1310075331
1314785666
1314724242
1188944306
1188690342
1184410551
1452844956
1452835768
1459131304
1445503912
1445503400
304669096
304996776
859759021
824103407
832487911
834585061
833419012
837611268
321711620
321826588
321302276
824622340
1902545156
1910868244
1910803253
1902426742
1903533814
1933018806
4044800646
4046865030
4051047046
4058259878
3785629927
3768868909
3768844328
3773042696
3760529416
1898407688
1931930424
1915148584
845629485
846990351
907804743
386859206
353239182
337514638
81667230
77474182
76954502
76995202
76847746
1152691921
1421124560
1421116368
4126638832
4141265504
4132872800
2786567776
2786565744
2786956912
2786965091
2786916066
2788963298
2755397090
2755540210
2755540178
4101385426
4105578706
4239734994
3702732994
1553082562
1569859779
1305614403
1297305427
1297309555
1332952931
1341469682
1324692466
1316303570
1314329154
1247216194
1322717970
1322529062
1318354223
1301604393
1553246296
1419557320
1977596360
1981712520
1981711496
1983807688
1916698696
1916698633
1916174399
1899275302
1883172642
1618889250
3770567202
3770551970
1622737571
1622676147
1937252993
1916408449
1915355776
841618080
845754272
866658400
833103905
1890068501
1353459719
1370449927
1101432838
1140231430
1138134278
3264644870
3264651895
3332284999
3315503809
3298722481
3298607777
3294385057
