3715654692
1547199540
1411987236
1412046372
1416240676
1417285188
1952005839
1360609103
1398672654
1390284062
1388299583
1388101919
1388093727
1385996655
1918673391
1913422767
4077683631
4077750182
4082077351
4090398631
4148856727
4116374983
3042633175
3044766071
3044766007
3053155623
3053008167
3052934446
3052952878
3044630382
3086712702
3084550094
4158349262
4132973966
4128777662
4128780719
4149817580
1977548908
1956511768
1958674712
1425876248
1417441080
1434250044
1430105917
1463596365
1430032847
1433174223
1441300957
3589965213
4126851007
4124748455
4158302887
4149861285
4133343157
4133438853
4064150405
4064150421
4080865959
4050920103
1902391278
1911826926
1911830606
1911818318
1909726287
870068255
872292669
327033629
326398473
326390281
332710425
293897785
277187387
282495275
274114875
1343662347
1345628171
1360301131
1398572235
1398767818
3604660442
3604665710
3596231982
3327797038
2254059062
2281312822
2277184050
2243506739
3299353120
3299357280
3236692960
3224126352
3223736704
1076261248
1094082944
1125523584
1124098293
1107324007
33614126
302050174
306613194
332827274
332836746
1408542106
1474330810
1432387770
1433567370
1429381338
3576865902
3580994670
3580945510
3589333366
3589534038
3572941142
3572941687
3573465893
3581703716
3580655124
2506712628
2674912820
3731717908
3732754197
3732885015
3749664727
3714012118
3722342791
3705553287
3705618869
3705431533
3697044847
3697077038
3713854270
3747473678
3596613902
3598611470
3606724622
3602530318
3602534527
3619238124
3300401380
3296210148
3292014832
3292150768
1144930016
1144395360
1146552832
1083179520
9523713
9613827
26321714
47228194
1107344482
1107400946
1107466374
1107737990
1376228758
1380221350
1389199838
1407156495
1406775581
1348055085
1348199469
1343941677
1343940647
1348196455
1348061655
1365101958
1935595398
1988031110
1986970262
4142760694
4139619174
4139556966
4139311207
4141409381
4149834948
4128916948
4128913148
4263132924
3732619004
3757653879
3707251990
3707249938
3707315474
3707466002
3699298882
3573469890
3572942530
3589719682
3606368147
3604274577
3595883952
3596412320
3598476768
3598542304
3531433332
3530519828
3555423508
3522155829
3521959718
3506231094
3497850174
3497915710
3495818102
3495809910
3495809878
3494757975
2421016151
2437898103
2438954871
2514446838
2550098390
2550136150
2550127958
2549077366
2549977974
2541531510
2541527383
2508042577
2508058736
2503995504
4097733712
4097719376
4097710416
4047378996
4085127716
1945975348
1924939285
1928078855
1928082398
1928081838
846992558
844891311
843861151
843902095
843900045
839681245
827229533
274630415
276735503
275754774
275033890
1357184354
1357171938
1354026210
1352041954
1352054242
3522602819
3598100289
3593383681
1445891840
1449561856
1457947936
3605304608
3605323812
3597951020
3593741356
3591709740
3608550524
3558215004
3503689436
4036431516
4036255389
4036288143
4036271758
3499919006
3491529390
3508318894
3543966462
3542934046
3526017318
3525866534
3538431014
3534239798
3534370822
3534370822
3605666822
3605661126
3346731910
3321569926
3304723078
3300606614
3300639479
3300446823
3300455973
3303599661
3588812141
3346774141
2524616920
2533001416
2522515656
2522451192
2534974568
2537136168
2540282664
2548802091
2527846954
2527715882
2531848750
2523415086
2540586878
2506501583
2490313167
2491361758
2491295902
2222864534
2485008774
2485120390
3558843846
3563037010
3588002115
3617362688
3600134912
3604390656
3614872832
3611215184
2503957728
3040622816
4097583584
4101975009
3047034743
3080064519
3079931398
3079942662
2547278342
3613155878
3613188646
3596378734
3604759519
3600286671
3600286171
3604480233
1432035565
1343890665
1343892681
1343892681
1343891913
274405881
291184025
324998601
308086027
308035851
310165803
293396779
838640939
819770667
836736283
869238027
869040955
852263787
860721515
827306363
822976617
822911081
806196587
856595947
1917762539
1926150842
1921949578
1942919050
1943836554
1887229850
1883100858
1883141803
1949181611
1949180559
3580834701
3589013949
1470894319
1470903535
1471948015
1471950175
1471966543
1472067405
1472176717
1475781597
1433903597
3581182181
3577000165
3574902853
3574969413
3608655175
3608608567
4145479207
4132851237
4149640757
4158651925
4125087509
4106077493
4108113205
4108152135
4032196423
4032266182
4082388966
4065658854
4065731046
4065747190
4065816822
4065849582
4065644766
1930747210
1931266378
1896646970
1965005098
1977006378
1972813114
4120290319
4120748045
4259110925
4246528029
4246532149
3172881701
3172883749
2639931685
2644130596
2644057620
2511869444
2545485380
2478506692
2212037348
2211976100
2212237540
2480668909
2442920062
3523104846
3229576266
3291277818
1144883710
1142921614
1428019598
1426704782
1439352206
1439355278
1472913887
1473962477
1431888356
1433985524
1551426004
1551410613
1551548327
1549442471
2086571495
2002632151
4132875591
4134966535
4134962437
4134898999
4134837543
4147424550
4113886502
3023336790
3027596790
3036084198
3031877478
3031876390
3048720130
3085227779
3085215489
3060051729
3055992609
3060190501
3060190565
3076967511
3076977687
3077035063
3076572263
3076584551
3076744535
3076679005
3076740989
3042985967
3042983663
3051431677
3085379165
3085244253
3051623389
3043243997
2498047428
2499161028
2499222516
2499087268
2490383284
2490574464
2507301505
2549531335
2532803271
2527441734
2527374626
2527374626
2548345890
2539961382
2502734902
3039735814
3039211782
3043415351
3043413287
3043352438
3043352406
3043388790
3043385303
3043444695
2976194503
2976214997
4058476341
4092009764
4083418420
4083447060
4049920020
4045922321
4029600097
4032610803
4040987090
4039673298
4035544531
4056612179
4128910657
4131008449
4129957829
4134212516
4138480292
4138472364
4122220461
3566485389
3570608591
3562199519
3560163598
3576740110
3579882766
3588333838
3588403462
3589443862
3572732262
2498867686
2498945507
2515715555
2507392483
2540754419
2540760531
2539908435
2539871603
2539734515
2506117587
2514575697
2514641173
3580055860
3579888436
3579893556
3613518620
3613829948
4150704941
4129589631
3072629199
4146589134
4146513358
4045816286
4049736102
4058194342
4053803495
4087357797
4091619108
1935738644
1935676732
1935745308
1936138524
1937002504
1901387785
827638025
826574105
805668731
1342672635
1346805434
1346812574
3519987598
3519987662
3515785166
3617511246
3623806239
3623773471
3590153525
2507941221
2507944420
2516398244
2549838260
2545611188
2531259829
2462895541
2454495159
2467082130
2467216722
2434180370
2423710994
2431051026
2430792978
3504502066
3504473379
3563062563
3563076913
3563138320
3563481360
3613841712
3596995888
1445313536
1445372928
1445900353
1378779329
1379897553
1363067280
1413400560
1411337824
3564985888
3573313057
3585895971
3619483426
3602868034
3602806146
3607037314
3546219910
3514238390
3497465766
3496292262
3495964591
3563087789
3563185629
3579950413
3613430031
3613434654
3605047070
3621830430
2548219702
2548219175
2548227367
2640529191
2640516935
2640454981
2640518517
3697282533
3697554933
3706136020
3706086864
4243031408
4235232624
4285578513
4262505473
4262505472
4262700032
4261646336
4128477201
4145173301
4111864357
4099278373
3034451559
3032026854
3029868262
3046645238
3080209607
3017363526
2438656455
2438656975
2506023631
3579765439
2505897391
2534177967
2534173871
3613289679
3613291599
3623763983
3623833887
3589108507
3589137945
3589270045
3589208701
3614367485
3614294941
3614983053
3614970255
3615228314
3565031914
3563992302
3563990126
3572313134
3573296430
3573309710
3573346571
3585986824
1572700936
1577027080
1602203256
1581116137
1578987177
1578700475
3732490122
3740877210
3740922026
3735675050
3736711354
3740836046
3740835935
3732513055
3732644117
4269715765
4285510949
4285512740
4268145700
4133914660
4129802272
4130096176
4148047872
4148043841
1966997745
1966879139
4099679142
4110302886
4106111622
4105063042
4105128578
3567581826
3584355746
3585368550
3585351975
3589346087
3588363045
3580043877
3579913060
3580309364
3613728244
3547680212
3547790724
1400307404
1366803980
1365558812
1348748857
1348740651
1885611818
1893999658
1893995562
1911357498
1912537098
1910452234
333275195
1406984251
1372581915
1347327307
1347402059
1355590127
4039940591
4052519870
4090400398
4073625230
2991501966
3054940814
3054940846
3054953126
3054985959
3071554021
3027513701
3027514468
3034850404
2964272180
4037950468
4038016260
4043076948
4085048645
1914627143
1914618950
1913572550
1913638134
1914555558
1913973926
4081413558
4089791422
4135928510
4136370902
3599512542
3616285022
3621593390
2514431786
2516527915
2516204089
2243566136
2242595352
2275986952
2275983880
2275992072
2242417192
2226893608
2226901357
2163982830
2153334254
2149386494
2149456094
3508435018
3525208138
3525208138
1377723594
1380212938
1380237529
1380237736
1396998568
1933936552
1929813736
4077305561
4064718475
1992601306
1992590042
2009186906
1573012234
1548890890
3696632126
3629526062
3631491118
3632076846
3632138302
3369933902
3415766350
3399017294
3398152926
3398087415
3398022117
3487089125
3445146085
3426238965
3296339348
3296341404
3313113492
3246066068
3279698324
3279777172
1132257692
1132257724
1132245500
1094562076
1077847325
3224284991
3492260654
3509041966
3513228062
3551432462
2461959758
2461975247
2193543933
2204988141
2200712741
2200700453
2204372261
2191993893
2191926309
2191926325
2191926295
2191858711
2213825767
2171915687
2170852791
2170918327
2154804663
2154804663
2154151351
2149947830
2149948310
2150087634
2166799106
2200873730
2184097026
2185145602
2206135554
2214515970
2208219394
2174403330
2174468962
2446902114
2432226146
2432227175
2444099413
2448210756
2439822156
2972502988
2469219276
2470329740
2453548445
2451453418
4062125546
2999197162
2458127674
2474904842
2475971850
2476208398
2478236478
2277417774
2276238127
2246870541
2238482372
2368704404
2234424740
2221850020
2498669988
2498670004
2498604464
2491202960
2491260800
2486149072
2502344688
2502340592
3072763712
3055986496
3060184912
3060250464
3076847585
3044339681
3044928993
3028278753
3028110563
3028108530
3028103378
3045007570
3043438706
3085373730
3068597026
4138671667
3601807875
3602201089
3606325761
3606329905
3740546869
3740541189
3463786501
3325509637
1178026007
1161223191
1144977735
1157544903
1152289479
1420533447
1420341975
3564675959
3560481125
3560678757
3560615125
3560627329
3564784785
3581478049
4118282661
4149744548
4158464676
4120650412
4103348973
4105450029
3568580127
3581177614
3577015562
1427614986
1427553034
1431734810
1440648794
1439614926
1440662926
1432117438
1427398830
1427386542
1460994222
1473642943
1469465533
1435396028
1436348124
3571247820
3562863180
3560962637
3560880735
3581845054
3758065214
3735012918
2665341462
2664718902
2656334646
2656383271
2346131495
2346524709
2308706340
2308771860
2308912149
2308914197
2346522685
2313095469
2313095471
2308840287
2292129615
2296141791
2298233823
3363095487
3358966461
3426063101
3440743144
1327338072
1326235144
1292741128
1544530440
1544469023
1548663678
1288555358
3435711822
3435676750
3487170654
3405385822
3401195590
3401195590
2327458162
2327323106
2327339493
3422055844
3380149132
3375954828
3443260316
1278914460
1545250188
1545249180
1545314556
1545379948
2082251052
2080740892
1946594844
1946655284
1946520084
1967491589
1967640007
2001081558
1984300214
1984299158
1985347734
2127963542
2128031150
2140418030
1604070270
1607215902
1607216922
1573703194
1573701146
3637281306
3637219903
3721110077
3720979245
3720914540
3754469100
3754557164
3620461308
3620282044
3620355757
3512350125
3512337581
1360725167
1394099451
1394136267
1930220617
1930265608
1359908104
1359912712
1344186908
1348381212
3563060860
3588054652
3583772287
3701015550
3701101030
3701105126
3701073382
3705202018
3696799010
3692668162
4279935811
1981457216
1981457216
1981534800
1981601764
1913421284
1644985836
1665928429
1640826061
1640902989
1624121677
1893622621
1889298281
1889324777
1889323739
1906297738
1926674826
1926671498
1918346490
1913950458
1913962522
1983172634
1999921210
1970693435
1953917739
2097032747
2094800426
2107377403
2107392715
2106344075
2106508171
2106517435
2110580136
2102191336
2081420536
2081353848
2082394376
2082461448
2082266649
2081741355
2098584122
2002110778
2002765850
1994309838
2128265422
2128265358
2145112223
2103173277
3696943516
3705335532
4242270948
4242078309
4233685613
4233685631
4116545295
3604889871
3602792479
3602776127
3604222063
3730056431
3725862382
3746969262
3754309310
3716552350
3700164510
3704374670
3691562439
3692672325
3692799509
3698894388
4244152884
4261065228
3221132812
2682161725
2665253679
2655841071
2651142718
2652314174
2585206318
2608792362
2612855082
2611740970
2612789290
2344099966
2342003790
2346204230
2337814727
2337880279
2346400245
2346351605
2312862421
2287553109
2287554293
2287591156
2287595476
2287595461
2287599429
2287722357
2304409445
2304344039
2337832951
2321055734
2321120734
2321251838
2320195070
2320071006
2336844126
2303453518
2286615886
2287664462
2287662414
3361338847
3376993773
3385392556
3452501420
3445161404
3445153724
3474575284
3474710452
3339433364
3322652048
3323700720
3457852752
3457858816
3478845697
3487222019
3449473810
3432667698
3365568038
3367517734
3371706150
3363333926
3359163694
3373913470
3373919687
3372805575
3674795463
1527381431
1531706791
1531706807
1540357559
1540357559
1540347285
3679442333
3679442333
1498281373
1498267037
1498267069
1506654653
1506654649
1498266777
1499313369
2032120028
4248744060
4248735868
4248735805
4252865821
4248612125
4248287517
4248230157
4248230661
4252944901
4261334549
3215836725
3198992933
3203191333
3194807095
3191660855
3208241459
3172656482
3160040946
3160038898
4233846002
4233845970
4242200770
4242458690
4242458674
3986525218
4024212514
3999052818
3994918914
3994984451
3995050017
3994871136
3999065568
3999221664
3998155444
3998028468
3997446836
3997442740
2941661852
3050716924
3033860861
3029613119
3029658127
3046484494
3080169998
3082794830
3221062606
3212674030
3208500206
3174921198
3172737518
2904301806
2904301807
2940022895
4025876590
3988127870
3969335631
4102354767
4102351437
4106529373
2488269439
2483968575
2483953167
2535327246
2518550030
2455373582
2463698222
2459450414
2459495471
2476270621
2478346309
2444787908
3514335460
3225010404
3493777648
3491647552
1359884609
1342579521
1346642545
277091061
277218949
282005125
273447829
1347180981
1078773919
1138678927
1138687182
3269393486
3271390470
3271386406
2193581862
2193515062
2193551895
2193617703
2260529957
2193404205
2210173737
2178716392
2153568936
2149337768
3223128728
3223198345
3491638171
1360995466
1360793738
1935524042
1937670346
1904128074
1904058458
1365025071
299668268
290227004
290374408
335943432
1409691416
1410738537
1414932971
1440102890
2006388122
2006238602
1993654410
1918140618
302293370
839164202
860202282
861400362
861363499
861209897
860160872
860160808
868680488
868696888
1908917016
1884091160
1347202840
1342999321
1343130570
1422822282
1439603594
1473093002
3738030474
3739145098
3739153338
3739149290
3739214830
3739019134
3755865423
3722306943
3705464173
3697075309
3697275997
3696677973
2622936180
2622987556
3159866676
3185024788
3218577940
2815793668
2798959124
2789518900
2789717620
2785466021
3860218535
3860595110
3862692002
3861119138
3877896354
3848409266
3835834610
1688350978
1688347138
1956651526
1889542671
815817225
820002360
829438504
861080104
856824600
857147672
861149496
861160523
861159626
869580938
860717466
844075434
315527594
315552170
294581659
294583753
298777948
290383196
1361044828
1360847357
1360839663
1363985390
1355580390
1351451638
1355663318
1355607510
1355066870
1430781302
1430715607
1430678743
1430613479
3578094951
1439061847
1439057863
1438992343
1438934519
1464133111
1464331767
1464225015
1430736343
1430578679
1564861911
1564927959
1573311447
1573356535
2135209975
4282689399
4266110325
4266039572
3997666068
3997473300
3859066388
3859260980
3860263484
3860267548
3811836717
1664360495
1630802990
1617166382
1621491774
1622544406
1888886790
814031110
813983302
814014022
281841622
273452518
323913175
307156423
307160903
844031749
845143605
1918680679
1934405359
1934401519
1917687182
1917751694
1917751694
1917833646
1917641134
1942284206
1942279599
4152817151
4152811981
4123418957
3586449533
3579109485
3578196095
3611743583
4148649471
4131679738
4131745754
4140203995
1992691675
2009400793
1968452985
1951671672
1951868248
1951798040
1951798072
880096104
880042361
812967241
812696841
829475867
863095867
844293407
844292367
852927247
1918280478
2002027310
1967433582
1950648302
1950715806
1959104398
4106588046
4106586014
4123432894
4124501926
3184977399
3176556023
3176404453
4118033893
4101449169
4101387712
4101445072
4107605488
4107605472
4124517808
4141315476
3537886596
3529375109
3529289605
3525091287
3529295591
4066166310
4082943526
4060013094
4127122230
4127028023
4126954807
3573372215
3587591191
3579198487
3579784309
3579063413
3579131351
3578156487
3586539973
1439121877
1438971383
1438967287
1363672535
1397153223
1430773207
1459943415
1464133623
1464328919
1472647767
2009449333
2002056551
2002039847
2002254903
2002177109
1967508693
1963257303
1967564759
1967564503
4148332246
4290872950
4274034214
4275087142
4275154230
3201744150
3193410838
3210081622
3176522614
3176592102
3168191223
3033940725
3035973605
3027523045
3027529189
3027713493
3051781589
3051847061
3086308789
3069530517
3069649861
4135007180
4151645052
4150530856
4116980521
4117046073
4108662073
1961901369
1961892921
1425095691
1425093641
1416627209
477103113
502289417
367095816
400805896
392413256
392593624
388399320
389526712
393516216
400854457
384274361
1457954488
1449572024
1449567160
1445241752
3592721369
3609711481
3577139759
3581305391
3572965934
3568640558
3568636718
3570860350
3571385406
3705537567
3707714575
3439077391
3447466270
3447466266
3447663882
3447608138
3447669582
3434955614
3300873214
3298456551
3298422695
3302549927
3289967015
3342593415
3459957127
3459940742
3471475078
3334111719
3602428197
3619220964
3589827556
3577244564
3610954404
3593128868
3597330324
4134203780
4142563717
4135420151
3597439271
1445769510
1345102598
1344581122
1344731667
3492182545
3559291440
4100868384
4104995873
3618390097
3601416385
3601481863
2531935366
2531940790
2531949478
2531818150
2548574830
2515019294
2515019274
2511087370
2243897130
2382309162
2381907758
2379760446
2363061014
2363225031
2363093457
2365120673
2356727968
2352530608
2352534704
3426417792
3309206656
3342739585
1195260033
1451047347
1451178387
1451112323
1451103105
1451033237
377230053
400827173
350496557
350497581
82062125
82073902
81976638
73568526
1415745798
1416790278
1413513590
1417717222
1417719269
1434492372
1463979396
1443007940
3608315328
3610411840
4147639073
4147471143
4151650086
4160167734
4143389494
2533301031
2533302007
2544846535
2544747399
3049030023
3049034151
3030163622
3051135142
3076367590
3072261350
3074312263
4129949895
4130028743
4146603237
4113048045
4125831917
4104786669
4104847965
4105721357
4105760268
4110200348
3560750620
3577658892
4114519565
4148069901
4147547663
4147559806
4147424366
4152142886
4156525623
4156482567
4294893639
3179209031
3174982646
3212735206
3212772070
3221160678
3218867814
3218878070
2665230134
2661035310
2610693167
2610430013
2643988572
2627235912
2631460044
2354642396
2350897596
3424573852
3424053637
3424050566
3608397190
3590447286
3594776822
3594973406
3734425950
3734951709
3739012652
3749243436
4281920044
3745021501
3745018395
3747181339
3751428474
3751723370
3750687210
3754749034
3687360574
3670583310
3737827343
3733634063
3734668381
3730473165
3745173708
3577467036
3560591548
4097455020
4097711788
4100852396
4110236348
4038949516
4089245391
4072465870
4076642394
4068249658
4068245546
4064073002
4078761258
4028563246
4032757550
4041146158
2963133727
2963068255
2984039767
3009409877
3059667541
3058614869
3074814583
3041190695
3042735398
3026023734
3034275094
3034258710
3050899766
3086551094
3086710814
3069930782
3065740574
2663085342
2667139358
2665038302
2681819549
2639815100
2620929468
2486963644
2487028648
3564505768
4101380776
4118232828
1433740876
1433675276
1433674509
1425285429
1425436709
1349735461
3490761760
3490760720
3221326080
3238169344
3284307456
3263341056
3263341056
3263406896
3263291681
3281309987
2442413286
2424047846
3492747510
3492747478
3509459422
3258849614
3258859278
3256755982
3267654414
3267683118
2189746990
2206503726
2172944942
2172945006
2173141742
2173146030
2177218470
2278866855
2272627607
2251791317
2251792373
2251816213
2251744519
2272715783
2281071638
2247584822
2245819430
2237455398
2438847591
2438962655
2440990669
3019804300
3019815564
3019681204
3010768292
4063540412
4063548572
4061589684
4061557988
4062084385
4062080801
3806288435
3820842515
3770674881
4038780545
4105888385
4110041731
4101964435
3023902627
3028039075
3160685991
3160685927
3169072405
4243334413
2645303565
2645304584
2645507337
2645432345
2276067369
2281245033
2253917113
2253974153
2262344331
2526589579
2528936634
3065873066
2992931754
2988741482
3005579838
2955391495
2955321863
2955403783
4029092389
4029551397
4096655661
3022913839
3035499535
4106094607
4103960591
4120705039
4154238990
1989519374
1993839694
1985773775
1987870911
1983819951
1916690605
1916412069
4080678053
4080668069
4059769509
4055374503
3786952383
3787257485
4088193741
4088181261
4088177181
4087652909
4049904173
4045764141
4045872941
4029028653
4029032751
4041616687
4037148939
4037153035
4038525195
4059317257
3556046889
3554469928
2463950908
2463947020
2464075596
2462761676
2480587516
2476397292
2478699245
2478629871
3014435302
3013911718
3068443814
3060041902
3072624830
3073882270
3040259278
3021384782
2752963847
2765604613
2766095904
3034459744
3028233952
3023908528
3157737104
3208003456
3203800448
3198307457
3199356099
3198274579
3198194982
3202392358
3206587166
3173167902
3206738734
3203849518
2662746406
2679523622
2650671411
2486963265
2486698177
3559465153
3559530625
3563984257
3568176771
3618507394
1454180994
1454178258
1454170466
1459413283
1459413287
1448927261
1432150028
1410256908
1410227212
1410234461
3692976639
3693005791
3697134494
3722218206
3753674446
2663154254
2662105934
2662048767
2661983215
2661868517
2667079141
2658684900
2654867392
2671648704
2340304432
2314536481
2292520497
2292530961
2292199217
2296391969
2297432096
2303723572
2345888772
2312301588
2312305700
2312602917
2312474481
2297736947
2289352435
2306117351
2570947575
2670693367
2670631766
2670635862
2654383046
2520181238
3057121766
3078079654
3084251318
3084247222
3084247222
3050721469
2970943885
2973502861
2973633449
2955819944
2976787368
2984520120
2976131400
2506585864
2506551816
2514870796
2510610988
2510610988
2510680620
2644988455
2644788006
2648965414
2648965182
2650161242
2650169418
2650169354
2639718474
2673277018
2669148394
2668923370
2668989322
2668997514
2671096459
2650260107
2646000571
2645742507
2645717931
2649973677
2641391589
2637200244
2637388548
2641521412
2649910532
2645652756
2310042912
2310075681
2314261793
2312226083
2303836450
2303840546
2312356194
2312520178
2314617298
2289399250
2289310706
2285111794
2283211218
2283235778
2282186946
2370235586
2407985283
2391195783
2391118213
2391060885
2262086052
2249520548
2266484132
2501299684
2484530548
2488626196
2488565012
3558092565
3491048977
3495312977
3503691475
1350701762
1351816178
1372590306
1376796770
3524378642
3523388418
3540166658
3540236291
3506477875
4047543015
4056190631
4072965815
4073095815
2999898759
2991514295
3009176483
2975622305
3042737377
3044301921
3076946945
2540069889
2523325699
2523329282
2548487954
2548451122
2514816290
2514750818
2515811810
2515873270
2514959831
3513064917
3512993237
3513005557
3513131477
3514196293
3522580741
3516186901
3520369957
3237776677
3229391669
3292506901
2218699525
2489233157
2547944709
2526971668
2526512916
2526388756
2526847732
2531058341
2522739367
2508018338
2486976930
2486961314
3023393958
3023494358
3023498310
3022448647
3039225863
2540103941
2523261445
2523258421
2532656677
2532655652
2545107556
2545107812
2545017188
2544952677
2679176549
2549149141
2540760533
2503073271
2503134647
2503396823
2503368181
2490858997
2498067959
2514972487
2514906950
2515009398
2514798562
2514798066
2514809042
2506416370
2506158178
2501956707
2636379411
2637364993
2670914049
2540890624
2549312304
2548137760
2548387125
2541045077
2541045109
2641747301
2650135847
2649160983
2644950278
2649070866
2649003826
2641147698
2670523186
2671768434
3208566770
3078543331
3078608371
3078475219
3076349139
3042929875
3044960451
3036048577
3036044753
3052754321
3044308913
3038057105
3038188177
3042317011
3042383603
3050657394
3052465970
3186682642
3178359042
3176179971
3176176913
3176174885
3217142052
3208901396
3141657108
3124880980
3124850276
3125967717
3125954919
3136702566
3153414182
3153857590
3120051222
3120129295
3120260884
3120129572
3103286884
3094927072
3094923248
3103360912
3103428496
2834996145
2851711714
2875763682
2854848850
2854980626
2855001138
2854808630
2854758454
2854889518
2860136494
2864318510
3132753949
3132700749
3152555333
2557030213
2565484239
2561281782
2561281766
2561232614
2628312806
2628300498
2632496835
2355672769
2619912704
2485752384
2485827312
2486872992
2436557216
2470004896
2990237856
3056228513
3056208051
3056468166
3060678662
3069071622
3082674982
3049056038
3168595750
3168324414
3168324391
3164113700
3113852644
3153637068
3127418572
3123232460
2854858476
2854988524
2855909741
2843326575
2835069055
2834995406
2843393230
2871583886
2871583934
2854843566
2854884782
2854883246
2859076350
2850753039
2829789708
3098028556
3098028828
3098029356
2561214236
2561217228
2562205324
3365435021
3369918126
3625229230
3641739438
1527810302
2064881742
2031266830
2030480398
2030545926
2097996886
2131492038
1577745606
1577716918
1447693734
1988829094
1452883639
1452883588
1371223684
1354306180
1358758548
1345143484
1345114876
1344583468
1344581436
824224536
862034185
845330713
845331737
845321483
841073931
840974619
858013995
824579371
812002666
820390382
820390302
821311886
821300622
819201422
836043198
838144446
871641535
870588921
870606105
862317849
828767545
828700985
811923737
811900187
812490011
812485915
544182073
569282425
569286649
594456573
577742493
577017565
573866591
573866527
1646629434
1646649898
1663427886
1634135086
1621522470
1623066630
551356679
810028293
805897492
826933364
831140044
831135948
831136908
832141452
865663916
869849773
593021611
578346683
573239946
573235658
577691883
594337899
568631401
552972328
821530908
811057932
807256584
807215640
811413464
821898152
867056040
850266520
313395595
313395338
313263242
49025242
40112186
19140666
2433066
7299370
15687978
11399482
11518266
12223258
12288795
81298235
1155043195
1148754905
1146731417
1142664123
1075555259
1075494539
1360958089
1398715020
1381938076
3528896940
3524698300
3524698356
3528892724
3528958756
2447168037
2430389798
2499303982
2499295790
2499296046
2515014958
2548760958
3622437262
3623485839
3589935247
1173892269
1165503661
1144532136
1161311384
87580809
121151881
121353033
389722889
321435177
292338473
284007209
1357814537
1349434125
1349168653
3559437853
3559424733
4050354909
4084105981
3531522797
3531498213
3539870309
3556521509
2440836903
2424056870
2431396902
2431413286
2432498727
2428013591
3015285765
2996733188
2459861572
2996736580
3000668900
2990060261
2990061477
2973265327
2688298415
2688356271
2692615855
2717783743
2717791886
2742953614
3798738894
4062979302
4067183846
3806643454
3807810766
3807814734
3805721615
1666615055
1662434829
1665051151
1648208431
1648154927
1648101615
1648235695
1648242847
1648173199
1635590319
552997035
548803514
615912142
884225566
884223518
284437262
276048654
276245006
351689294
77515342
1167887966
1201444382
1186965006
3338576654
3472728894
2394726958
2394726958
2277487151
2241775151
2243694126
2205943342
2205943342
2205876590
3287884015
3283625132
3286766776
1097337992
1094304904
1092334728
1393205384
1393205640
319459720
319717850
324896106
299679018
301787450
293562634
1375398666
1979382555
2008743721
2008737577
1475903769
1601744907
1597542410
1595645978
3743081578
3574221930
3578417002
3582609130
3565830893
3565970108
2491949708
2496144012
3293062076
3293521324
3301581997
3561645229
3545980141
3524939229
1379585416
1379790216
1379724696
303889560
303852696
303836312
303836344
303367339
307626154
334889898
296100586
279323258
278995470
278930958
14690574
6322222
14710830
27295214
44261834
111305546
132346442
73679422
73684526
1156348718
1152142126
1152187182
1151641918
1206299918
1189523726
1189511430
3468067271
3465839013
3732971940
3619728804
3607136676
3590818180
3591805316
1379330436
1379281284
1379282324
1383466917
1927615397
1928688548
1941303780
1889894676
1894091776
1885648896
807708672
807712801
539273249
1613016099
1630436611
1630406403
1634338466
3785950882
3785891491
3786948259
2711105173
2961730181
2965928580
2957769284
2960845348
2959633956
2968020260
2963824676
2427047972
2427113525
2443886647
2427109622
2506671526
2503527846
2503526902
2502609222
2536167686
2469062918
2456545542
2464775430
2481542407
2481656261
2481656724
2447979428
2447979428
2443785636
2477526436
2477525157
2195986469
2187597845
2200255495
2200249351
2204590343
2209800711
2209804903
2190930659
2190754467
2185511591
3256632199
3258794381
3275646351
3241078159
3224299919
3223755215
3290860491
3290925643
3294924299
1155834379
1168417323
1470407466
3589599530
3564589418
3560329322
3560330346
3577138474
2541144330
3598051594
3606358794
3606359834
3606429227
3606942251
3602874905
3602874952
3598549720
4131160489
4131161261
4148141231
4114528431
1686022286
1694411854
1710668814
1695847487
1695855661
1695851564
1681302572
1681302572
1680788772
1680723764
3832400428
3832302188
3832302188
2758629996
2767018740
2767010548
2766944996
2762750692
2762742517
2762742774
2779528182
2783723510
2808887286
2792175510
3060675990
3068607646
3198434462
3198425278
2661554430
2662807774
2394303694
2392206538
2396398666
2396939339
2397042171
2388456937
2321151481
2304480729
2304423880
2287642568
2287642568
2287580632
2287769016
3441204408
3424495800
3692013721
3624839321
3641616541
3679369405
3679304943
3663508542
3659379742
3728666638
3728662558
1580101654
1596330038
1551237166
1559691567
1555499941
1553271476
1557400244
1547967156
3695212212
3691246212
3691156108
1564705356
2118157837
2126554925
2127602991
2127602735
2128015422
2136364094
2082407470
1545274606
3692707239
4233772727
4234032839
2094994119
1557480007
1574302231
3734495766
3738691334
3738531591
3738521351
3470069557
3469020973
3468967212
2396274024
2392143192
2392273224
2274758984
2279018841
2244309353
2244240239
2245358462
2228683134
2228699630
2164081126
2159886838
2159858878
3237805230
3229415599
3223107757
3223304333
3222182029
3238964365
3272581581
3255624189
3259818347
3268202538
3263497258
2274757690
2278963514
2270571306
2413767210
2382171706
2375566858
2375578122
2308493850
2312688443
2346300267
2346362345
2321198589
2337929693
2333657565
2300103005
2300238717
2300210797
2287625823
2286514783
2286449247
3360187119
3368575981
3368903661
3369071592
3385709560
3645690840
3641493464
3641564104
3675126744
3675237337
3675171787
3724998986
3729247498
3737633034
1590018314
3754938650
3717132586
3720798506
3720864043
3695498603
3712257501
3708067295
3741687263
4282752478
4282494302
4290897246
4156810606
4123162606
4123138031
4106358765
4039184348
1883252620
1883251100
1879060968
1896022248
1896022392
822169928
826341192
826575689
558140251
566593883
600217802
583440458
642161738
638041098
638032906
637973546
637984874
772169962
772223146
1828917418
2080510382
2084709038
2088907438
1015218870
1015091854
343941775
343941836
343942728
75558424
1145350952
1142209320
1362598408
1379310152
1378257481
1378324043
1383501786
3537274730
3537756458
3539755322
3548254234
3496878378
2431541546
2428494186
2442982318
2475460031
3532426639
3536620685
3528236220
3524246708
3540974772
3508468916
3493751988
1882597876
1881615188
1881635348
1898077700
1902532100
1936139012
862200581
1902404415
1349808687
1349796399
1347682859
1415318079
1422674702
1418480463
1552767967
1552842719
1602642895
1585865419
1317429899
1321628313
1313829545
1577872297
1594681769
1561127081
1426884761
2001702025
1984802891
1996333067
1450094601
1450090537
3615400233
3579815209
3561871915
3570399786
3582974570
3549383386
3599566794
3603698058
3604816058
1449074859
1444819117
1426993341
1343170013
1342450012
805595964
272943901
281381647
1371774734
1396942090
1380311310
1376117710
1380446955
1388696297
3532407528
3532407736
3263789000
3251267032
3294260601
3302649179
3302706442
3298346010
3300447338
3300430959
2230035951
2221581805
2234165213
2234156749
2267711181
2267711181
2255136311
2264442407
2532877863
2532881191
2532897063
2532896807
2522468391
2539376675
2501525521
2618973249
2618980801
2623163265
2505788337
2541341585
2541346183
2524701063
2530865542
2543382950
2509808550
2493047463
2497246959
2486759159
3023630039
3023859541
3024059701
4100869173
4126098557
4143789149
4143920207
3606471887
3595986391
3612831207
3562307427
3562294819
3562358291
3570819603
1425433105
1417093633
1081483777
1076246017
1093537539
1097796851
1089424611
1357862051
1370484883
1135603843
1122873475
1114476931
1109771155
1109784499
1109782499
1382410535
1390799142
3534022702
3534022718
3538217998
3554992138
3521482762
3572416794
3573465966
3573465838
3573510894
3573306111
3573299199
3589809637
3581423077
3581439469
3562626300
3562626204
3579442572
3608929741
3592332237
3592332109
3592397663
3595867951
3604252462
3621029678
3583492670
3587596814
3707642382
3699255102
3694989103
3699181871
3699181871
3705215005
3705175052
3705200908
3721961740
3722027340
3713643484
3747123884
3749216941
3615016623
3615114926
3615127214
3615123374
3598411178
2541241531
3614993547
3589990603
3573213387
3573218511
3564946815
3564912990
3564896542
3296657726
3295555878
3320455463
1206527287
1189751559
1185561351
1190738693
1324890901
1316518165
1310315265
1293779713
1279230465
1144947265
1143898865
1148158641
1282311057
1278120851
3442455987
3748511139
3749444002
3757795746
3724094882
3724291494
3724289510
3724288510
3756794366
3757863775
3757929289
3755304521
3755304729
3746918169
1528069433
1495029017
1495217433
1478374681
1482626329
1482429753
1507603769
1506092345
466051353
465990093
432460173
432521629
432329149
415557037
423929261
423929261
990363037
2047843341
2047777805
2048826685
2054668077
2053617197
2062938669
2079646269
2035577373
2017935900
2017870572
2017920996
2018254820
1758211429
1774988629
1808741717
2060326391
2060391926
2060203254
2060219582
1523381438
1539634366
1539682462
1539682510
1518645470
1518710874
1519367195
1519301689
1519301688
1523487784
2047837224
2048836664
2065089544
2031535112
941020168
675730457
675672185
692346969
721707097
721690713
721817723
688264683
684072619
679885498
679754394
696523402
730090122
734285450
709104538
725889435
693174683
676463035
751973291
754066091
1018241707
1018176235
1022371563
753942267
753941115
753941339
769685835
769685835
761362891
761353675
1029816778
1029951962
895734202
1038217386
1022419178
1022423530
484569450
476180794
484700474
484668202
484602683
484594459
216158985
216224521
216225545
217251593
208862985
139656969
139644233
139576777
139773897
139772889
139772761
139969305
158778169
158790441
158769449
149987707
147891679
164660639
197496766
197586862
172419006
180778462
449233239
450216231
1524421413
1524409124
2052891172
2052891188
2051843636
2051847732
2051849828
1796062821
1796069999
1796029230
1795496238
721886510
726078510
709767294
718155966
986648734
986452110
1003253902
1003270286
965521562
965524634
999144634
982431834
1054259211
1056352267
1047956491
641174539
641119241
775328777
775323673
775340088
791035944
791019816
795148584
796132136
796136232
804529704
804597305
800553563
800414410
800377482
800378762
805078410
778948746
775811210
775286970
792195243
795271659
769844713
753069545
753135064
744615304
744551560
741396616
741392601
741523817
744682793
795082025
643857723
643841147
639640826
639836602
643969962
635568826
614597306
614662810
883110618
882976266
882961930
1017163290
2090905098
2090905098
2095095306
2087951882
2100536858
4212307482
4212314650
4195762746
4195746347
4216656681
4225512744
2073828392
2039290936
2039430152
1506491656
1506751752
1498353928
1498222600
407719964
407236700
415555964
415539564
952412013
952418159
969260398
1807924574
1782747470
1778553674
1778483802
1778418298
704664170
721433322
671428330
671492587
684079529
679938233
680265865
697046152
999108744
1003421896
986595400
986083640
977756972
986014253
985981481
985981739
986035515
717724987
717724027
725982155
688241353
688175817
688152281
688133851
721748890
705040826
709234858
981872810
981807274
998518938
965009546
947953802
947959194
2021900234
2026028618
2017638922
2018679306
2031328794
2031269402
2065093130
4212539914
4195746362
4198367787
4219277609
4221309992
2073826344
2039026696
2039161864
1489708296
1481319240
1477392204
1481577820
1481594236
1489982588
1489991004
1485304140
1506259293
1539805311
2059894894
2059764846
2059703662
2051318638
2047124090
1778754138
1778864714
1778844250
721885162
688205291
700917995
680466601
680331401
697048201
697050249
965505224
1002951112
994497368
994505257
994533929
990143017
994337321
709162793
717544489
713529449
713529561
717658569
709344201
721739465
721700571
688657019
688198506
721891818
726020266
986063018
998715562
998518938
428093594
411335834
142933130
142720138
142851470
1283634574
1287829454
1288865550
1288865566
3434264094
3451037214
3757217295
3663955469
3663824444
4200632876
4201685548
4199588396
4194419256
4211163704
4211421736
4211356456
4211356968
4181984361
4190372987
2038770763
2038770762
2072456266
2072456266
444937275
444928025
449237065
977702985
990285897
956805593
939831273
671132331
671394475
671398555
671596169
671536777
1762083512
1795379624
1799450856
1803620392
1803616280
1803624712
1807835913
1799451449
1799483689
1774579817
1753600233
2022544536
2026749320
2018306696
2018110088
2034989768
2060081657
2056150139
2057192506
2056650778
2060783642
2047107370
2046882154
2046947562
973185242
704750746
708949130
708951178
709082250
725794202
725792666
688322458
1007055770
2080781210
2080780730
2081830062
2096503982
2092371118
2092371454
1555111246
1554001670
480259846
211828487
216089879
216233235
150103347
141719347
139612947
139612673
139678225
139482913
155221792
155221280
172120336
172154112
440573264
449033681
448902547
440448434
2051061154
2051061158
2051063206
2059451822
2051127742
2051258493
2051210300
2046983228
2048015404
2048269356
979242028
979188792
977874200
1003125001
969570569
969591561
969526587
944299051
675865659
671638559
671806493
671798397
671866221
692714093
734657133
713669373
713604063
717797599
709410015
705412303
705412303
722122975
671783167
675989887
684378495
676120703
676128895
671934591
672065903
675729263
684183167
700497535
734048127
717270527
708885727
704707807
704773311
704837823
704829629
725764541
726027261
735529983
718633567
718629407
718662207
718662431
735440159
693628175
676846607
676580431
676580607
676449775
675404269
692185517
692152765
725842365
726092733
785862589
785735677
788361215
788491999
788496095
788481631
805258847
670922335
939358031
896366415
896366425
896499577
1039097593
1039093464
2108509912
2108554952
2113798104
2113531896
2105142776
2105146873
2088369659
2096889178
2096757850
2088361082
2088334458
2100917370
2101175674
2139039102
2130409086
2126206575
1052366444
1052309116
1052309276
1056494860
1059701772
892064780
892007452
892263485
1026546751
1026513199
1064262510
1005410926
1006460798
1006469086
1006468558
2038259149
2038300668
2021359212
4168842860
4177222172
4177074700
4177018381
3638046270
2560110126
2560110126
2560310830
2560101998
2578992622
2595802366
2594753742
2598939854
2317924558
2317977807
2586483933
2603285757
2569727485
2607460316
3689660156
4209544108
4209544636
4201159820
4196969612
4197115084
4281001164
4247446748
2100983277
2105180141
2113620973
2109328252
2142829404
2147019020
2121919756
2117719052
1044108316
1044116536
775681080
775675176
796642664
796642172
805030749
771348829
762969437
762963295
758740319
792416638
695947758
696211438
687544318
955981790
955996894
951679710
951679710
968489566
1002040959
987295549
987292989
978904125
723053661
723250253
689622220
689622236
689688044
693886444
693895148
736092156
736059229
719150429
727477629
727477757
996109791
995495391
1003950046
970393246
2029328062
1490364062
1490366102
1490894486
1486691990
1486699222
3633867510
3701010149
3700993748
3719866244
3749226372
3728250788
3728250788
1597683108
2115681724
2119875820
2119927853
2121832493
1853405247
1848617999
1848484879
791117854
740720702
1814462526
1819459838
1752417470
1750203822
1745939886
1744890542
1749052078
1750171307
1758547625
1775242921
1775253144
1800414856
1800416968
1796222969
1800419817
1777424873
1773394425
1773377865
1840495947
1823584015
1827712783
1831910943
1831910975
3979394605
3979525677
3979517741
4013067053
4013082924
4013148460
4016294188
4016294189
3882076461
3882338621
3882338685
3882306045
3882180095
3815071167
3815071167
3815079359
3815062974
3815056798
3823445406
3823318430
3824367518
3791069146
3786743771
3784654667
3784650569
3784665929
3818253129
3821398473
3821403593
3812941257
3812935129
3813131513
3821982957
3821991165
3821991165
3805242589
1649370525
1645158845
1646141885
1650332093
1650393501
1658783129
1660884409
1656692219
1656717147
1655697163
1940909835
1940760331
4058883339
3765285131
3765403977
3761210745
3761080171
3764762219
3764774442
2703750699
2703716891
2703561307
2704020063
2708214383
2985038703
2985038191
2980844654
2964264030
2964198478
2427335758
2427069518
2427003998
2510910591
2545540187
2549668873
2541278489
3745019673
3710465561
3698012697
3706332713
3702203945
3706206185
3698853865
3627554205
1477977485
1478058381
1494901133
1532913101
1532314911
1523926302
452347142
443971342
460744478
458581822
458253630
457209151
457235773
440466473
440450152
977378552
977525961
977522893
977793245
973598939
973500667
990277883
939717753
939719800
943888696
952539704
948410920
948222488
998546952
978617928
980714361
976716010
976654570
976670958
974583022
973497582
973497422
973561934
977756366
1002844382
969277662
1020723614
475858330
478087834
486476478
482020030
482020031
1555652319
1555625679
1572381391
1608033247
1608032735
1574675935
1607120343
1607110134
1590281702
1581839847
1583210725
1583342821
2118108405
2117596293
2117526725
2117530821
993181909
963756287
946921839
946955578
946961723
946962219
955346475
955346475
955479611
2029113867
2027016715
2026959642
2025911098
2025912106
2026240554
2017983035
2017917531
2017909321
1749540425
1749337688
3896558424
3896562040
3913339244
3913412972
3913408877
3909313405
3909231231
3909300975
3913496559
3904970219
4169206235
4169210313
4173413833
4173364681
4173387001
4173709563
4169515259
2043015370
2076565962
2135253470
1594303998
1594303982
1426537895
1430656421
1439040932
348586404
295113108
328676292
311554884
315789828
303203845
303073847
839952942
839952686
840411182
855026714
922648650
922517707
909951131
907858091
907960491
907944873
920527529
1053754041
1049432731
1053635227
1069822667
500511499
483882763
485973771
485874970
501541146
502590746
536210458
534115419
525717723
524636377
491606488
474943992
1549669240
1549730344
1549735464
1559965240
1421552153
1421834763
1153423950
1203538910
1186766302
1459126494
1450803390
1446752446
1446682814
1446682798
1463460014
1413391535
4101946799
4102000637
4110403581
4110275453
4110213997
4110213933
4126990637
4126990703
4152227179
4152188267
4147859451
4147859035
4131084875
4135156233
4269375257
4269637384
4268578056
4277093641
4294889753
4260819259
4260885887
4235588958
4235584862
4233494014
4258749950
2144820734
2127918583
2128442869
2119980533
1578988885
1579119957
1581151573
1602117463
1467961110
1475299094
1441617206
3572331862
3572364742
3572234198
3568039670
3568942759
2495463077
2495397556
2499592180
3023878132
3023884668
3024081724
3045061437
3053314863
3053248811
3187471658
3179044139
3174582571
3174582538
4181424458
4181340107
4185798347
4227806921
4225565387
4208808667
4276056763
4276053947
4275922939
3739019263
2673403391
2673468893
2640049613
2514211276
2497434108
2497401324
2495300076
2495299964
2499528060
2432685436
2431506220
2448285228
2439896701
2507011677
2507003487
2508051070
2508051326
2536362878
2536362494
2536371710
3077563642
3078548570
3078093915
3077952537
3077952520
3086348296
3052724504
3052790312
3052921384
3044529704
3027748409
3178612233
3178616345
2943735337
2942620201
2925793819
2925801994
4000592394
4000658218
4017369386
3983803434
3840214074
1692802122
1688616138
1621441674
1889827978
1894046859
821335947
812946074
1882567610
1949275066
1953399739
1953399225
1970188393
2003673129
1986895912
1986977848
1986933001
1986924809
1986921258
1953310506
1961699114
1961636142
1961627934
1961623562
1961673738
1961856074
2012129754
1925098123
1924835981
1928891020
1916307100
1916310204
1916310184
1916330409
1916477611
1920606382
1927946414
1927946390
1927946646
1928016310
1894384022
1894433734
1890486094
1890425615
816622359
820816167
1886169127
1936702485
1931902981
1931902981
1898299397
1881567253
1881547245
1885746925
4104587949
4121774765
4138588829
4138265293
4071157453
4066965453
4067021305
3060392425
3077300715
3052102123
3035189739
4125905387
4252782891
4286534459
4265550601
4282197771
4281609995
4235538202
4235594730
4233497274
4173729418
4169494410
4169459086
4169458143
4186214429
3149234493
3135545644
4196721196
4196782637
4197913117
4213060361
4177995033
4182129961
4190575656
2038766616
2044476424
1524378633
1522822409
440671243
436472890
168107066
168180858
436632794
437181658
449761690
449745802
445546890
163414414
150765726
136626366
136646886
140721383
150088676
414329504
412187296
1489039008
1480631936
1514185344
2046927488
2051125652
2051118100
2051185668
2064816133
2033362951
2015537207
2015550502
2015808806
4185343526
4199876198
4208276215
4208403187
4225181395
4191631043
4174853761
4174738049
4174730129
2026721745
2043637973
2043506773
1498161205
1477192749
1478240303
1478437166
1482570286
3651013166
3667676734
3667707406
3666657870
3670705102
3670708622
3670647222
3687358629
3628720292
3695825060
3692676260
3693071780
3558755220
3562961540
3570822788
3585430165
3618927525
3623100909
3615240556
3615293736
3615363368
1433019192
1433085496
1441283640
1441283865
1432902923
1416154378
1411943434
1412205594
1965919738
2003732378
1986959258
1995280795
1986888073
1982759305
4064194952
4064191416
3795772073
3779060457
3765986027
3765986859
3765989163
3764975931
3773364539
3773360923
3890801419
3866684683
3862483018
3862544634
3865657578
3882565866
3840540906
3840807131
3840817035
4105057945
4106032808
4105971385
4240188089
4244382649
2086416811
2082279771
1545548043
1549739787
1551658779
1576856891
1609873721
2129959177
2052569097
2052500681
1510380937
3674636685
3628503967
3628520127
3704541871
3704574638
3705418670
4259063214
3216780718
2663210222
3741205978
3740680458
3749003530
3711194889
3694427928
1479895864
2021091624
2021079336
2021080376
2069303560
2052456457
2052980747
978255915
994861099
961306923
944564011
953148987
953153113
969784921
1003273560
978115672
973921369
973356121
973421659
973476954
721826682
700584554
696386154
679740026
696546010
965013211
960818137
956627929
956775369
956709449
956710731
960893258
969281850
461439082
461377642
427827323
142669023
142652631
142652853
142718385
142849457
147042741
138655125
423804869
436378565
436636353
436636225
973380193
973385313
973906535
705471095
705532662
705548966
772601254
772566182
772028578
642005159
637877431
642134167
583413895
595988935
563479311
547620671
547626815
551824703
539776315
539906363
560878363
595477003
869876235
852083225
852079161
852012857
852015417
844929049
578652169
641701897
640595977
1043241993
1044288603
2050920666
2051010778
2050945274
2118021290
2101223850
2096767662
1957369534
1957370503
1420364469
1438128804
1438132900
1165504433
1144530321
1077552017
7221969
7209539
6554114
6562306
6447618
14865155
60982019
48465687
39947071
35961647
304392490
304392490
304396314
309103626
325877770
292323338
1413185630
1415246054
1415241958
1415242210
1440375778
1457133507
1459232641
1459175297
1593392528
1593320864
1610097056
1568154532
1551700733
1549734495
1549735486
1549293118
1557724734
479757854
479766026
412657225
412675800
408456872
439912616
440044712
440046808
440045576
440107021
507027513
507027496
1043963944
1044292664
1967062344
1954466520
4110404280
4108156568
4036884120
4036817560
4036780729
4036780730
4039910126
4032562926
4032040302
4032043054
4034345006
4034280454
1882602502
1899389958
1897358342
1934970918
1927020646
1927086263
1918763143
1383994503
303967111
324938407
332147367
293866159
327420559
310641039
316092559
308682941
321003629
287449388
270676748
274879240
283170568
283175720
350271784
350271801
350337307
350329099
477335307
475497995
404066939
404001387
407945839
408273535
408310295
147988999
197272322
172106002
172175410
172036194
171978850
180367602
197189878
163636726
146845686
146848754
146848755
146914803
164017603
424054977
1531347137
1527152833
1510375633
4195783601
4195784353
4199976609
3938819747
3938758307
2865016483
2856627939
2852431847
2852517671
2853618981
2855715125
2856206389
2860470309
3942453285
3959230513
3908907057
3898482691
2019172675
2021266003
2029650515
2025521862
2042172102
2058954567
1522083663
448363791
450427151
1532537101
1482205533
1551415676
1551474668
1568180156
4286087836
4269507212
4269441692
4268393396
4276785636
3219911140
3035226596
3035111655
3026722982
4096270502
4100464814
4100530606
4125823914
4105896618
1891174074
1891121866
1895311882
1886923530
276572426
293358858
335529227
335466763
316555530
316555546
324866362
324809002
290198314
290209514
298589098
332139419
328026505
312134024
318682248
376348808
388276632
337949145
337674779
472089146
472311338
476523050
1281698346
1290738490
1303255066
1319767242
1320829065
1318699144
1322823816
1582870712
504926632
370713512
370911080
372944184
858438664
858438664
858774553
858543225
824997099
826033579
1902004138
1892599466
1888474810
1888335503
4036994781
4039090749
4037912124
4058818100
3006047764
3006115348
2989407764
2720972320
2720986720
2720614112
2741503911
2741568950
2741570742
2716667062
2716605606
3790355638
3790417110
3790415046
3787284558
3786788959
3786797069
3785664264
4058293768
4046765592
1899290168
1883098989
1883065455
1887374438
1887378678
1887382774
1885744342
1358310535
1375108483
1391611265
1391642496
1382213504
3529697216
3529631712
3537954400
3554993764
3517240868
4037334572
4054103596
4058297901
3018634798
2992936238
2456126510
2992999462
2993523766
2456808454
2452548614
3526255878
3543016727
3509465863
3496870723
3505259331
3568173891
3567587701
3299091493
3300142116
3300158500
3304475653
3235273797
3294029127
3294025686
3310831590
3347006438
3346875390
3346879454
3338498910
3338433311
3338494751
3338494751
3338527515
1191047483
1459474731
1585303851
1583149371
1578956043
1579021577
1579144985
1579153209
505374265
504648539
1047806923
1047806875
1039598490
1022768026
1022768090
1022767386
1022841146
1022715194
880076138
880076218
897383834
863800474
310152346
310232218
309187739
317706395
318656699
313946555
1403397035
1403397035
1369711275
1373905642
1097159658
1130643946
1130676714
1130689018
1130885466
1097310538
1097310475
1080537355
1348833595
1357157673
1424471353
1424946457
1424940825
1550704441
1550114617
1545993529
1479011611
1480453147
1495065627
1527575771
1531892123
1515115417
1531892377
1531921049
1498182297
424420091
407644139
407316330
1480996154
1490425099
1221985551
1221919005
1221611832
1220600104
1220600088
1220727048
1287836936
1304622412
1304876509
1339540895
1330988475
1333085115
1333609371
1342129113
1342133017
1308619577
1173152553
1173153577
1173137211
1206891978
1190036874
1181648282
1311735994
1580175514
1581101210
1581101178
1585291307
1585291305
1987895336
1983702312
1983669544
2117996856
1044251416
1065222729
1040056907
1039991323
905713530
352069610
283911610
283917706
275516810
283969930
284106650
283998106
283922842
300175770
333730234
317026538
48554091
44359979
44359979
44561707
61245243
1139181339
1139771163
1387110171
1391312699
1391312171
1382923561
1378719545
1378857821
1898881737
1883136649
1883120267
1881020347
1880952235
1895570603
1891376298
1890401530
1890397642
296494539
296499019
65804107
65820107
23942619
23942649
32333305
15687161
15687161
24083963
24114683
57537915
40743259
1114485019
1122873626
1135587646
1135587646
3249443134
3236861246
3232683294
3232750878
3232759102
3232726318
2175761774
2209308158
2196594143
3261947295
3261947293
3257912732
3278819228
3278829468
3245336476
3245122492
1093186476
1093185964
1093181932
1126737388
1395242477
1395242349
1932240165
1936369437
1936369437
1634647565
1617927709
1613732381
1613740863
1613626170
1613724698
1613574186
1630294122
1643069674
1671348650
1670248330
1653403275
1653402505
1657600392
1918843020
1918773436
1935550908
1912481213
1895708589
1895699183
1894580975
820785887
812394439
829171142
829218182
872189334
872253846
855476630
855481270
855482038
1928314622
1928310495
1928310485
1919921780
1915743844
1915694948
1915426276
1932199140
1898583268
1886000341
820911183
816724047
816789518
816592926
283916350
283916350
283917342
283915550
275542302
275559227
275552047
829196079
812420897
545032497
543000595
1616747795
1616884243
1612689971
1614787123
3778978355
3794707971
3794708995
2720959015
2720844327
2725042791
2725043055
2725043195
2725050315
2725049307
2741785529
2741834664
2741834152
2708287912
2691510712
2691641784
2699899128
2695705848
3769449496
3769449496
3769580568
4037946376
3517850633
3517850633
3253605451
3245278411
3312408027
1299011035
1307399642
1340964314
1257078138
1256947002
1256947002
174814266
170651706
170651706
170553370
170549258
170549530
187359518
153806102
158070071
157873447
157872420
191426868
174838100
175886684
192541048
167375224
1236923256
1220278104
1220181848
1219125080
1219125112
1219190632
3366473577
3437809515
3295184763
3295512027
3295524299
3563959754
3505370522
4042241946
4042241722
2691674810
2704192186
2720969370
2720969370
2721035002
2720839402
2720841450
2720853738
2725050346
2725049307
2741793753
2741850536
2708410792
2708279720
2708287928
2691510712
2691510776
2699899128
2695707768
3769448504
3769448504
4038016008
4054721544
3551405065
3282972683
3287154699
1139757435
1198478842
1299011066
1299013114
1332576090
1248689498
1248460058
174718234
174846010
170651706
170586138
170586122
170582026
187359518
153870638
136962342
141091623
157872933
191426916
191410532
174633468
191476184
191623640
1224471896
1220214600
1220181832
1220172360
1220169304
3366538856
3433580392
3437773673
3320365435
3320676699
3304034651
3236935162
3228546554
3496851450
3496851386
4033722010
4033722010
2687481498
2737815194
2721038074
2721038074
2720970474
2721034986
2720850666
2720850666
2720813803
2741769128
2741769128
2708279720
2708287928
2691510712
2699899128
2699900152
2695707736
3769449496
3769580568
4054793224
3517850633
3551405065
3287159883
3278771403
3312408027
1164924379
1307399642
1340964314
1340964218
1256815994
1256947002
1248589114
170651706
170651706
170586138
170582026
170582298
187359518
153805078
153810231
157873447
157872421
191426852
191484276
174838620
192664540
200930296
1241117688
1220278232
1220247512
1219125080
1219125080
1219190584
3366473513
3437807403
3295201083
3295511835
3295524186
3295516122
3572336090
3572471194
4033853114
4033787578
2972627642
2720969374
2721034942
2720903934
2720903918
2720904942
2720855790
2737633262
2708273149
2691494909
2708239340
2708231084
2741769132
2725065144
2725065144
2725065208
2733453560
2733388920
2729196600
2729195576
2729393176
2997761032
3014534153
3501072395
3505262859
3303936538
3303937642
3433830378
3433831930
1336696282
1323883610
1248459850
1244396554
1244328986
170582074
170549274
170553354
170533134
170533134
187327254
158036534
166457959
166257253
166257508
166240740
199795180
191410284
1266200936
1232728376
1224406792
1220214280
3367689736
3367652888
3367587368
3366454824
3437758057
3429384825
3295396699
2230293851
2230302170
2498608378
2498600186
3035479546
3027089050
2960110218
2687480474
2737803930
2721026746
2721034986
2720642794
2720595690
2720594922
2725051322
2733506459
2741794699
2741793689
2741769144
2741777320
2708288424
2708418984
2708419000
2700030200
2695705656
2695706680
3769448504
4038010904
4054723592
3551407112
3601740809
3337568521
3471819131
3471818986
3404288234
1248425210
1265270010
1231714394
1214937354
1231716122
191588154
170418490
170418458
170471438
170598430
170467374
170467622
158032742
149582423
145380037
145310340
145281724
150533036
150528936
150528440
1224470936
1224472472
1220272088
1286200184
1286191864
1286191785
1286127547
3303572922
3345776794
3613687962
3609559194
3609628890
4096177178
2955849274
2960043578
2699994666
2700059194
2691469882
2687009322
2703786602
2703868522
2704262122
2737624046
2737690094
2741917023
2725148107
2733602249
2732864984
2732856824
2732921336
2733060568
2808553944
2808422744
2817335320
2813146168
3048152104
3048016936
2511149112
3584896008
3618450441
3337143305
3471360265
3471426395
3404452346
3395997930
1248490730
1261075578
1227521114
1227517258
1227515146
153841946
187257114
187257210
187261310
188310014
188244454
158983079
435811253
167506868
167506836
167465876
167465876
167465916
141161388
141095400
1214838264
1223228760
1290403096
1286199576
1286314776
1307295512
1172936536
1206420953
3353903577
3287122425
3522068985
3521819899
3505042938
4033523194
2959716346
2959650538
2959713966
2703991486
2737550014
2720633534
2720780966
2721043110
2720912038
2720846754
2725049826
2750182690
2716627251
2699830033
2766938900
2758288148
2758287652
3026726956
3169387564
3165260860
3182042204
2645171405
2678721673
2678789259
2410230921
2414465161
2372501963
3442193163
3358303769
3358307865
3358453275
3375164954
1261202970
1244479290
1244335418
1248461930
1256849658
1248461006
1248465102
170533006
187375774
187195822
157835686
166258103
199813045
200930212
200840100
1231590388
1214886740
1214948108
1214948108
1223339804
1219213628
1219082557
3416897853
3400260671
3404448831
3396059193
3458973785
3458908505
3476742488
3711608408
3699029592
3707354873
4109937339
4109937338
4109941402
3761802906
3778578106
2704048810
2703524522
2703733418
2737234862
2736972782
2707677798
2774557222
2757780002
2757764658
2758028850
2758090546
2909671219
2951613715
3198815249
3198759957
3198689333
2661822501
2678608125
2646175901
2629529741
2625193371
2352679611
2284456635
2552904378
3643423114
3677239498
3660003530
1512255562
1512251402
1517367354
1523593514
462431018
461382446
197146463
163600197
155311444
155450836
155367892
155367892
155433429
155294039
1258339702
1258337590
1262596414
1262727454
1237496095
3649220925
3632436536
3632446760
3632511336
3699620328
3703872504
3557084920
3557246680
3573940953
3506852603
3542008811
4091330795
4086859001
4072180937
3000608969
2723850953
2718608075
2718666459
2718532218
2735321723
2702811753
2688262701
2687497773
2687356717
2687355173
2704132405
2708436791
2741973783
2741711703
2775135069
2775060861
2775060856
2766671912
2762477624
3030989880
3030985784
3031051288
3567922184
3567926280
3303740424
3295478857
3425551689
3379427161
1231943545
1265497947
1257111322
1257233690
1256971578
1256873002
1248547882
170487866
170487898
170618970
170582106
439083374
438886767
459859301
468319589
468317552
468447696
434893268
166392788
141292540
1214903292
1214903288
1214903992
1223294648
1220131512
3367615129
3367746443
3367746442
3455815578
2414708410
2414183162
2682356443
2649862875
2641404635
3176179434
3171986922
3038099946
2803276650
2805370378
2788066826
2720956938
2721026618
2720838190
2737631789
2704069221
2704098912
2737784800
2725185504
2725052912
2733117936
2733125712
2733256768
2733257028
2716479812
2968137804
2968198236
2964069480
2964068456
2964077608
2427204664
2494510089
2498703369
3304009737
3438224441
3438097723
3387759898
3387755850
1273825610
1256806746
1248451930
1248449818
1244254490
170651962
170651674
170586142
170582110
170516838
170452326
191626611
199949779
166385089
167498192
167375312
142209524
142210028
142210028
1215886312
1224275960
1220149240
1219066232
1219197273
3366707035
3433815898
3437873146
3320432602
2246805466
2246809482
2246817690
2246682554
2548613050
2481561274
3001786042
2993403578
2989073146
2720637546
2720641642
2720576042
2737418858
2703876714
2703884010
2703870959
2708003245
2741525948
2749960604
2750091724
2741703004
2708017468
2691244344
2691375160
2968200248
2963875880
3030980648
3030976568
2494171144
2510951432
2544562184
2280387529
2414604937
2406085291
2368231083
2301104042
2301173162
3408541850
3395958986
3404412938
3404299290
3395937290
3395936266
3391856650
1244303642
1244312382
1529520702
1533731543
1508631239
1508471479
1500001191
1495798181
1495863461
1497043100
1497051336
1214849096
1223172360
1219050776
145438984
1219111177
1286225163
1286098395
1290291162
1281935242
1143768970
1160222619
3311908761
3580343705
3555046811
4070948795
4070948539
2997333674
2733024938
2720506538
2721026794
2721022698
2737799722
2704257578
2687361578
2687296298
2687268650
2691456298
2690910570
2716076539
2716143003
2716276104
2716283272
2716279176
2699370648
2963611832
2963607800
2426864680
2426864680
2426809368
2175216648
3286707208
3278263304
3345892617
3345892105
3455010506
1240401626
1240415850
1231633194
1265121578
1248345146
1244144698
170467354
170618890
170541322
170615066
170418474
187229038
153745263
158070773
157939189
157872628
191427060
191427068
191427068
1231679868
1240183256
1219146712
1219164040
1219165832
1286273688
3434863288
3434864296
3304705976
3313092505
2235139481
2167248217
2171577625
2205000987
2213389594
2465179450
2465175098
3002041914
2993394410
2989200058
2720629434
2721677994
2721809066
2737549994
2770986666
2770986587
2771119897
2775580441
2775406395
2775331643
2808881979
2775331643
2783445307
2783510843
2913538105
3181978680
3182114856
3182102584
2645166088
2645171208
2678793288
2414424136
3488334025
3488334299
3421361066
3412882858
3375127978
3375323642
3408558538
1265334602
1256947466
1256941322
1248551738
1244258602
1244262714
1244327962
440066138
427483642
417063422
416936895
408540079
408482733
404353453
404353448
408514744
408514808
410611768
1484356920
1491696920
1487666456
1487666952
1554741064
1554532297
1290323867
1282131642
3446310586
3429545659
3698114459
3714621403
3714619227
3052124026
3047793370
3047924442
3047858938
2775233194
2771096234
2905440938
2905445038
2905465582
2905465598
2905597534
2938627911
2808575807
2808415038
2800025918
2817331518
2817274170
2817274171
2813079611
3047956539
3048026169
3165197352
2628455544
2628394200
2494512328
2221874376
3291368584
3291399561
3290953097
3295015835
3320296346
3454449658
3454445306
2415308347
2398465599
2398404415
2390074687
2390090030
2385867070
2385903894
2339770646
2314613558
2293641762
2293237282
2292190754
2296385506
2289065350
2289106054
2287182979
2295377024
2294327680
2285943680
2281749120
3355556480
3640785536
3674406608
3658643024
4195510032
4199703824
2060463409
2051042085
2067819309
1799371373
1765816939
1765817211
1765875579
2034308443
2042704219
2042703961
2042835033
1505964120
1484862584
1216427128
1216443416
1233253384
1233368072
1266922504
1271051528
1237554456
3380843832
3380854072
3364076856
1237489976
1271044377
1254267150
1254279454
1246154014
1243333918
1243201886
169590878
169529422
169500742
169353574
169353575
158884708
419066876
146428620
146425480
150554248
150500264
150495656
150495656
150495672
1220113352
1220237256
1286299544
1286306729
1286335403
1156185019
3295186330
3245114763
3278143883
3546579865
3546780505
3010376249
2985207353
3014569515
2746002986
2733418026
2720838186
2720629290
2787738154
2787869290
2737422954
2704078442
2704277306
2708369243
2716755785
2716365785
2741502936
2741502392
2741768632
2741842408
2741973224
2750361720
2712604680
3769570312
4037884952
4038016056
3501075512
3517852681
3350019081
3471574027
3404465419
1256788347
1256878459
1256910970
1256911962
1256914010
1273674842
1231732186
191542746
187339226
187207930
170447086
170418414
170402030
170467822
187376104
167392232
146413528
146480840
146365064
145358472
145356680
145355400
1219023496
1219019448
1286129384
1286297256
1286307512
1152085929
1156115881
3320366251
3286795450
3286532251
3278209467
2472903033
2435297849
2976359961
2984748571
2712120858
2716313146
2707793450
2737079018
2737603242
2720891562
2720907946
2737689258
2737694122
2741499326
2749822431
2749756701
2749653276
2741265212
2741248796
2707759928
2707886904
2691563816
2699952184
3769500728
3836546104
4104718393
4104853529
3567922187
3702139915
3433774091
3454616843
1231603465
1231587161
1273598425
1256952283
1256894938
1256912346
1256912378
1248520186
1244325882
1244361706
170472442
187184090
153821642
138092986
150479018
431497387
163079593
196634088
200865256
192467256
1231802648
1214968072
1223353096
1224401688
1220080488
1220073448
1220075432
3367624617
3432635819
3436828075
3428435370
3306799498
3306787274
3311116555
3581584667
3581656379
4151946027
4084771386
3799558666
2719583818
2719581834
2719580826
2719711930
2721747626
2721829546
2720658090
2737336746
2741858747
2741985725
2750374397
2750161404
2749637500
2749637468
2741313816
2741317944
2707755064
3790016568
3786347576
4038007864
4038002808
3501070409
3517590731
3316329675
1172907211
1164461515
1298710859
1298776331
1307164954
1340798234
1273687354
183168314
174783802
174849338
170652954
170479898
170475786
187384074
187392378
153838058
158949866
167371259
167309753
200864169
192475561
175698408
1249497448
1266282872
1241248600
1220212680
1287321480
1287323272
1287315096
3300515496
3298352808
3302541224
3305685945
3239674297
3275592057
2200806681
2200808731
2473439003
2481827354
3002048026
3001976346
3001717370
2724967162
2738586282
2738455210
2704900778
2772013738
2754209451
2754209625
2771119897
2775547705
2775340859
2808886075
2808881979
2808623931
2783445307
2783510587
2913538105
3181980728
3165337640
3165325368
2645166088
2645179400
2645238856
2414440520
3488334025
3488334299
3421360554
3412882858
3408747946
3408550394
3408558538
1265269066
1256947466
1256941338
1248453434
1244193082
1244254522
1244327962
440066426
461038074
433840638
433714111
425325503
408449965
404320685
404451768
408645816
408514808
410611768
419003416
1487535384
1487535384
1487666440
1554773832
1286129609
1290323867
1282131642
3312092858
3308172955
3710697371
3714621275
3211369786
3085678458
3081479802
2796266202
2796266234
2792002218
2922218154
2938929834
2938933930
2905465578
2888689386
2888167386
2888298331
2909110075
2774861627
2783379738
2817462554
2817339707
2783719721
2783719481
2779258937
3047764008
3047754792
3047885880
2510948424
3584702664
3580509320
3341733000
3341730952
3341809032
1299051928
1299010969
1307465659
1240344186
1240411706
1273574970
1256928810
1248535338
1248403770
170397722
170459162
171466782
171466814
171566461
188472660
456906068
154915284
142340564
142324220
142193148
142193144
142193144
150532584
146339304
1220148712
1219230184
1219165097
1223351225
1282002841
3425292171
3446310795
3479929737
3614224857
3756560763
2683016506
2682959674
3219893802
3219695146
3219694122
2943066682
2938864218
2938733306
2938733226
2905196202
2905205419
2905205435
2905308043
2905177994
2942842330
2942828922
2951217466
2917732650
2913673513
2913607736
3182108728
3114868792
3114799160
3114860600
2578056312
2561283144
2565479624
3694791883
3443150794
3443163018
3443287946
1260934586
1260930234
1248398474
1256922250
1256930507
1256920347
1248490811
1248485691
1261134139
153805083
153800987
410710299
419029295
416850799
416867303
433644453
459010981
1511739812
1511608748
1528394216
1532588536
1509519640
1224441096
1220181768
1220279064
1219100504
1286201289
1290323337
1281934731
3446375835
3312092571
3345921435
3614291355
2548864474
2548929850
3085940538
3085739562
3085738538
3043861034
2775495226
2771026538
2755363563
2755252907
2755194539
2754145963
2770927546
2808700810
2791921050
2791903674
2791834106
2800226619
2817012025
2783453496
3035177016
3031113784
3031117864
3030974504
2494103608
2494238744
2494178313
3303871499
3291415562
3442345226
1294873866
1294345482
1227308298
1227296522
1264851722
1248623370
1248648986
1256769306
1256837434
1256845626
1256845593
1257951512
1266344248
1241178408
1239146792
1236907304
1236901161
1241036138
1266193770
1261998442
3375993211
3376141273
3376083912
3361468872
3369727448
3365500408
3365502456
3365559704
3371851161
3439019433
2381858219
2373567931
2406450571
2414851467
2414656970
2657918010
2657983786
2658121018
3085935194
3085935178
3211698906
2905309930
2906227370
2906161834
2905126634
2905124587
2905140985
2905140824
2905138968
2905175865
2909356857
2909339961
2917732664
2917732664
2900963640
2901090360
2901090360
2896770104
3165326392
3165260856
3182042136
2645175305
3723441161
3446490187
3446620619
3446526922
3446436794
1231836586
1265587626
1265532090
1257209050
1256816090
1248492922
1244292410
170615066
170516746
439013642
456847674
423355178
410575658
427352879
427357053
460910956
458813932
458879468
458879224
1230762232
1222341080
1222276440
1218084168
1220181256
3367730040
3367599720
3367558889
3437807611
3454584763
2406188954
2263778714
2263852426
2263659994
2532154858
2549061098
3077552058
3043992218
3043664522
2771034778
2905322154
2906165930
2905114346
2938682986
2938695274
2938695194
2938695450
2942957338
2909487930
2909340475
2909340475
2909483321
2909352248
2900963640
2900963384
2896761912
3165199416
3182107704
3182042136
3718919176
3719176264
3723432009
3446014026
1298535418
1298610170
1281628154
1227169754
1227325402
1260743498
174906186
174640986
174716186
174711098
174715162
170574106
170586394
188408618
188473642
454615403
458814829
458813821
458879357
458879484
433844696
417067480
417001944
148566424
148493752
148438456
1222244792
1222310808
1224400776
1224333192
1223214536
1239974233
1608876315
1609011514
3756365098
4293104938
4267949866
4263750186
2939206234
2937106122
2920523466
2936185562
2936189690
2904003307
2769650283
2771698217
2771173929
2704066345
2708266809
2708307257
2708296057
2708279800
2741834232
2741965272
2792165880
2792165848
2800554200
3874174072
3870243960
3870243960
4289608793
4256054346
3719183434
3702406218
3362149450
3357996890
3374839642
1231550282
1273354202
1270110202
1268004538
1268590250
1272588202
1264198122
1226510570
1226375290
154746890
423125002
422076474
422109498
455729435
460050715
460047161
468435753
469365096
435745144
418967928
417984632
417976440
417977688
149552504
149683704
1223360472
1223415688
1223280521
1239990667
1340834202
1592689082
1592178090
4276467130
4268006906
4016938842
3882662490
3857493594
3882722906
2804916858
2788139642
2787934954
2787934826
2788000362
2787963434
2804732714
2808928043
2775383359
2775414079
2775404861
2775388540
2758611324
2758619512
2758750584
3831959672
3840348216
3836165176
3970381880
3970381913
1822832714
2108046538
2141600970
1525028042
1512527306
1512568794
1512372186
1516558298
1525964794
1521762298
446443514
446375675
450503659
442114539
437846251
439877755
456740891
456745018
455730234
455863583
455800079
461033743
461095229
442093868
450425132
467202344
433713464
433836376
417059144
412865880
412745080
412875640
412811096
148561737
140101449
1282983369
1300070873
1568506329
1600959961
2137888249
4277051321
4277051323
4008689338
4008556218
4000297658
2922357434
2922160810
2938942186
2905314026
2905322218
2888426090
2888360826
2888426331
2909365115
2909279019
2942828841
2942828857
2942898488
2909352248
3991605272
3974829080
3970645016
3970645016
3970579480
2091793416
2091791369
2091856905
1575813195
1567572314
493834746
460149210
460084698
442832378
442973690
442842586
443358554
443096922
451622778
451502970
444167002
444289882
456843642
421192042
421126506
421060971
425260395
458862953
458863080
458863096
458863096
467251704
198816248
165384664
1218155976
1218182472
1218115928
1218075000
3369737576
3369735544
3438887256
3438887881
3300770779
3316945914
3585381354
3589572266
4117733034
4147100346
2804791994
2787942026
2787939978
2788143754
2789192410
2788799210
2804462186
2804474474
2905203306
2905301994
2905302011
2909286891
2942828971
2942828731
2951282939
3890942203
3886690395
3886691339
3886687243
1705649161
1705649161
1705649161
1975202825
1979520009
838599689
830226761
830260697
830338523
830322139
838833594
838833594
872396218
855487994
847090170
846696826
842457147
1932976187
1935073593
1901490537
1900441960
1908896105
1908889065
1900893691
1900859738
1900859770
1942868858
1942868858
1926095866
1380837338
1380841433
1380964312
1389254616
1388737880
1388736856
1388802328
1389256760
1389256760
1406067000
3521107289
3504196953
3495791993
3494481403
3494485498
3494422010
3561531386
4106851322
4106978026
4106867690
4106810218
4115190121
4110995832
4094387256
4098515992
4098516280
4123686200
4123785065
4158182250
4141405050
4133016442
4131976058
4132172666
4132098650
4148875866
4048179786
4048253770
1883862345
1884116296
1884116312
1615691096
1615683064
1632460248
1632230809
1674104218
1674104218
1674102202
1674171834
1650193914
1918559226
1918890842
1935635259
1943429945
1942364456
1900486712
1900490808
1884099640
1884230696
1909395561
1909150075
1909019482
1405637210
1405637242
1397248570
1380785690
1179597338
1179531802
3326487114
3334875850
3334879690
2277579979
2239758539
2223046873
2223116376
2223182136
2224104236
2224038444
2224039460
2224041508
2224037412
2161381157
2178206501
2212268407
2189265271
2189269367
2189277558
2189277302
2189408374
2188359766
2188359766
2188294230
2200877142
2151610710
2155772502
2155772630
2164153078
2164005607
2164005607
2155625047
2205957079
2189179285
2188327333
2196650149
2196715957
2197633429
2197043589
3279231365
3224836997
1077295493
1076246933
2505093
2500743
2369671
287582407
828651991
837057015
837146999
837146999
551917943
552048951
552057655
543537463
543537463
543537463
539335959
807784757
271044917
271020341
270947125
7750437
13435685
13371189
13372247
13441494
13531590
76446086
210696582
210697606
194436486
178771350
182841782
182580150
178516982
179565174
181658149
180413985
172025380
167831076
167830308
167834420
168030996
440504676
440447461
465613285
432125373
423737245
406961821
423754493
423721725
457325145
448928537
449190169
440868153
977548345
977548345
973352985
440676571
440758458
457535658
457568426
432338090
432338106
432403866
411432410
411301210
415430426
415429914
407041306
406977818
406911258
423754011
457431305
465721609
440555784
440557320
440537880
436409144
436220712
990130536
994321768
994325865
994391401
1002796409
1002796411
1002829179
960869754
960869882
944092666
944094650
675658170
734378431
717731997
717731997
709343436
705083596
705082444
705605660
705597484
705613869
705610797
710855743
710920479
738183455
738056991
696123227
696212955
696208891
696077823
695033279
703421375
703421375
972381181
972385021
1005939293
1005943581
1003880213
1003875607
995486999
961900343
962033494
962009046
945227730
945227698
945096114
953497526
953495222
411381398
411381462
411380446
411052638
411052574
142617119
146811453
146812445
197164572
188765980
188864284
188863804
155309356
155317612
138802668
134591933
134722975
134723487
134739871
138802846
147193534
142835455
142817855
142818109
159742269
176683325
176593949
440843293
436704316
436503612
973378652
973382876
973913340
973978876
973978748
705607788
705608812
705608757
705616917
705612821
710855989
996102013
1006587775
1006587869
971853789
971857917
971595676
971603868
971594684
971856828
971864764
972909277
972942045
1006496319
1004399423
1004399934
1004334398
2069753118
2036331870
2034189774
2017395166
2017395134
2021463470
2021471662
2029860782
949829370
949825114
949824027
412887577
411839001
1489776152
416050712
457500248
440727256
436590280
457569992
424017529
432537193
415759725
407368941
407229613
419795133
956674445
960869261
960870023
943832759
943848102
943815334
956512998
956709158
994457862
978729990
450311174
450180119
450179126
450113590
450163766
461681718
461675838
428120638
428186174
965057071
969382509
994548349
990354045
721919612
725982828
726007660
721813356
721813356
721804157
688257917
688225117
688225117
692403069
692402557
692402557
692533373
692533373
700921949
700921933
700790863
730150991
730151007
730151007
734345311
734345311
