623753343
1697495167
1697495935
1697561199
1697561199
1697577839
3849124735
3849124223
3849124223
3849189759
3849320831
3849288063
3849289087
3849155967
3832361335
3832492919
1685009011
1685009015
1684877943
1693266559
1693269631
1689008991
615332175
615397455
615397447
883899463
346828871
346828871
78393415
78524487
95301703
128857175
133053559
133119095
132987987
99433555
82589011
82589011
99365235
99578195
133068147
133068147
133132659
124744019
107966803
107901267
107934067
108000627
108000627
107871603
124779891
124779859
124714307
124779859
124648819
91093363
91093363
91224403
74447219
74447219
74447187
74447187
74316147
74316147
74316147
74316147
91093363
91093363
91093347
124647795
124647795
124778835
124778835
124778835
124778835
124778835
124647795
124647795
124778835
124778835
124778835
124647795
124647795
124647795
124778835
91076979
91076979
91208147
91208147
124762579
124631539
107788771
107788771
237877747
506444243
1043249603
1043249619
774814195
774879715
1848621539
1848097251
1848097955
1713880227
3861249187
3861182883
3861183395
3865344675
3873725091
3873725107
3873799859
3890507415
3890245575
2816503255
2774623351
2774623351
2774619255
2808304727
2816638047
2816638335
2817776191
2947807775
2947807759
2916215311
2907762447
2907759903
2903568671
2903757183
2941666287
2943832815
2952087215
2952023983
2952027551
2910120078
2910185614
2893478110
2901867615
2901865503
2917654815
2942825247
2938462989
2921685789
2921686829
2942388077
2918273005
2897563613
2897706957
2901831629
2901831629
2901794269
2918511999
2809455967
2792744287
2792813919
2792815999
2801262062
2817906670
2784352255
2784491487
2757228511
2759185919
2759181695
2759185789
2753953085
2758274365
2758274349
2774912044
2774846524
2774916156
2808609853
2808544317
2808601919
2808608047
2808436591
2942653439
2942649083
2942763770
2942637818
2917416954
2917415806
2900703550
2762283318
2762415382
2762417414
2763400454
2763350358
2780049639
3044344311
3073770951
3056999878
3057007558
3059104502
3063180134
2793728870
2793446750
2793440719
2793448412
2798691052
2786099948
2804974332
2805176028
2771566332
2771562476
2771577196
2771900460
2775960637
2784484383
2784912415
2776524158
2776507902
2759792638
2759792566
2759139254
2767462326
2763268086
2780240854
2814343510
2797432086
2797464583
2799690759
2791301127
2786975749
2785931541
2802840933
2773409125
2765016932
2760822645
2761936725
2766008133
2757619525
2757537621
2757529399
2757218103
2773927703
2807486231
2805224755
2805215267
3845402659
3832872995
3832938546
3841331282
3841339858
1693857730
1693858434
1689737858
1722145666
1722145666
1722589123
1726780359
3875320773
3864830837
3860636524
3993805676
4010665836
3981442924
3964067684
3972452213
3973570261
3965183943
3980781526
3976520182
3977105910
3911172598
3915273718
3915339254
3917243894
3908838887
3908908262
3906933974
3990820038
3990828230
3990824406
3990826486
3990511574
3992543175
4026068679
4005095031
3868829543
3869160823
3873407319
2791080263
2786891031
2802627895
2769131303
2756613927
2765538855
2765538855
2765604407
2759194455
2759124311
2775868919
2775925991
2784380159
2784380063
2783141077
2782952949
2757786997
2766372215
2767332679
2784175431
3052479959
3052410103
3085108471
3076658371
3882245571
3882311635
3882344035
3891263011
3875381777
3875316225
3864830720
3994854160
4010602784
4010660132
3977171748
3965601573
3973990263
3906885199
3898568654
3898437582
3897883118
3906263278
3923040510
3923237967
3923244109
3914719309
3893747997
3893784949
3893777255
3897951207
3897885667
3906221986
3918870434
3952555922
3951500930
3938729603
3938725555
1791307427
1792421875
1792478577
1794378801
1794380849
1794383892
1794383892
1790189844
735076660
684782068
683734932
675323797
675322757
675404693
675502999
688012247
721566039
708984087
710030391
720507943
720375847
714092631
730883287
1002501527
968932758
968932758
968998294
969128854
1036499862
1606859446
1599585014
1584856662
3732340498
3597038866
3336967474
3332511010
2258765106
2275560755
2275593555
2243026385
2242960305
2245057201
2236734099
2234710739
2167570002
2167610934
2166558006
2204187702
2212506674
2208312358
2208330790
2208351286
2241971223
2230814167
2230813111
2222425013
2222294965
2490467988
2486419092
2486283956
3039931060
4147231388
4146237324
3861048780
3861048828
3861112044
1731454188
1702098429
1701048797
1700917759
1684075007
1692464639
1709309791
1709308799
1701051263
1700920287
1730378701
1696759757
1700943357
1701003757
1709195501
1700819165
1700814925
1696687135
1734538287
1726143791
1721948455
1721882886
1725987078
1717594886
1650671122
862074674
863115011
871761667
869664003
315428115
331943217
331890033
298335729
344546689
344612225
76208513
80468353
222878611
256506739
235567891
235822866
168656162
173894690
190671906
165637138
147811587
147574211
147443121
147383713
147645857
416280465
416217985
424545153
424544897
458689265
458558307
441727779
986981667
986980643
986997075
717545943
734310837
675591589
675592613
671398325
671464381
671603677
721836573
710294045
712388111
712390167
712323367
737423399
701509671
680554551
679531543
683775047
952343751
952344007
943955415
944217559
956807638
994490710
994491222
2059844374
2126879538
2118500146
2118647058
1581675794
1447957778
3620603170
3620603170
3582854962
3582922578
3717009362
3721136627
3721153011
3754187251
3754719603
3687611763
3419196723
3410873650
3410947378
2337271154
2337140082
2311974226
2295267267
2291070851
2291045811
2559411619
2563540387
2554628017
2617548709
2634399413
4245073812
4278628228
4278365572
4278230172
4010843324
4010925244
3979541756
3844271468
1700984108
1701040956
1700909837
1700819725
1696621341
1696819005
1700953901
1709332845
1692552701
1692622285
1709437132
1710485964
1744015692
1743815432
1735426616
3866140200
3865176617
3865307691
3865307434
3865177130
3865165914
3881943242
3984048266
3849769114
3830899194
3830900206
3830840686
3967089966
3983865134
3982882111
3982873871
3982873887
3979736431
3983930735
3983922543
3984051519
3992440639
4025999127
4025873687
3950503189
1803019541
1765007637
1764978741
1764970541
1748058157
1750139119
1750143215
1758540191
1757618591
1757623967
1757617855
1753423551
1771117215
1771125455
1803628239
3951062735
3955582927
3947196895
3947327871
3913633919
3922022527
3922551871
2042981687
2042981687
2034577205
2034578961
2034701843
2068189715
2068251414
2076509490
2059738482
2059812178
2055617858
1518804418
1518622166
1535435175
1535435175
1539613103
3653546431
4282750893
4282750893
3712332717
3712332796
3695686492
3695612700
3561408284
3558788381
2485057853
2489317669
2489305383
2547961111
2531180807
2661212487
2665374543
3739050975
3620484015
3578544046
2488076718
2483947966
2483947662
2504858766
3511448718
3554436238
3554436255
3552372159
3619481021
3618366397
3622462397
3622458301
1399833581
1395638639
1462616363
1999164459
1965616139
1965615115
1999367177
1999564057
1999564553
2004874761
2013234777
1979156057
1979029337
2010625865
1465091407
1465303407
1465315823
3614892541
3614896605
3614921205
3615479269
3615454693
3623835125
3623835607
3623712727
3589568502
3589625846
4118148582
4252366310
4252300662
4252103991
2138306359
2138302231
2071193351
2037513991
2033319703
1764785463
1762751783
1745973541
1749242157
1749472061
1757926269
1757475581
1757456093
1757458141
1749072893
1749138303
1749277055
1749212503
1761762631
1766216966
1766195511
1766195559
1808208247
1774530903
1774461767
2034508759
2042898431
2042970111
969357823
999111167
2072803839
2056027359
2056057035
2060227019
2051834315
1531548027
1531679595
1494062446
3624708462
4165839230
4182681982
4190804318
4225419086
4204708687
4204708621
4206740284
4227617068
4214497580
4178845740
4162141228
4161157148
2013411613
2025995102
2021752782
2021711502
2021709726
2092995006
2101449110
2135159175
1979897220
1980122500
1913019792
1933983648
1933847968
1925452192
1926709653
1922482583
1927729654
1927655734
1927589158
1944365358
1944365374
1902426174
1898371103
1931926605
1931891020
4079370732
4067906540
1920410476
1928672028
1928605965
1945376031
4059827518
4043209018
4042156842
4042160686
4041952830
4041788942
4041788943
4042835469
4034709373
4116616173
4133396989
4133396975
4133396654
4132218046
3058482334
3054275838
3037498878
3021916158
3026122454
3028165367
3028165351
3026985959
3026728933
3035174372
3047818740
4155395524
4159556928
4151115072
4131187792
3594316916
1447027829
1446409235
1450579202
1450575106
1467417394
1433674274
1417421410
1424827106
1424979586
1420709250
1554697603
1571539075
1601817747
1597896113
1579475744
1579475492
1583407652
1583407652
1608573484
3756027708
3722472253
3637537086
3628079902
3628481486
3687194062
3399353758
3468509350
3468447974
3466387685
3466387681
3457458400
3457458352
3474366592
1561764225
1544987009
1549174147
1558089683
1560251223
1421712183
4110199591
4101828391
4114408751
4148000063
4282078527
4282008879
4250621293
4259014141
4237030348
4236890828
4241086156
4241086173
4232617727
4232879847
3159211750
3155158646
3171935062
3171939158
4250530135
4015542565
4023996717
4024390957
4024382749
4250877263
4233985503
4233984255
3960764607
3959782559
3980918175
4006016413
4001857981
4001731485
4001673677
4005880159
3994313007
3994300462
3860271150
3862298666
3883270187
3858105403
4105649483
1958620873
1958624969
1419708041
1419248265
1557676747
1171842826
1163455546
1146808362
1373300782
1373558846
1409205518
1136509198
1123926351
1392394633
1384009880
1394500780
1394502060
1393322924
1397504684
314837672
851723915
868598410
855831498
823321578
808509802
807461358
812704222
821219807
819130847
810574333
809509224
826359096
861043464
846351112
316820281
316996409
325381897
325366025
333807881
334332233
392987048
388862380
1462145980
1462154637
1432812999
1441163766
1442080998
1353984126
1370761342
1370828158
1375153470
1408710414
326501135
377426751
914170669
909910317
1065148781
794595695
759465471
624986107
625186475
1698936493
1707258557
1707319996
1816240828
1811980956
1812062877
1812099773
1946304237
1950488871
3838969894
3774236726
3768965126
3773801478
3790508038
1676574790
1927708743
1919337285
1915110004
1931948644
1932799524
1899244076
1886661420
1893996845
1906641021
832964743
330708102
328466566
328991106
63754678
38695830
113668998
114709446
115753238
112024622
128772142
99149866
367585321
342538248
338336072
338333640
288064472
829141848
829072136
858432264
841655048
1932440121
1933349423
1918666286
1649184298
1649184554
1917750618
1917770842
1913318458
1644885019
1645925385
1650126936
1725604200
1725538808
3856634312
3833496969
3829321609
3829320123
3828337067
3831819754
3831783915
3848561626
3882185674
3883364986
3891746666
2780258091
2778033435
3990170891
4292161291
4292154905
4275375673
4218883625
4218756905
4184948073
4184941689
4174586059
2022920395
2021773515
2021712079
2017521087
2013325743
4160776687
3695327719
3703708909
2629965181
2625635644
2491422524
2508275244
2508418604
2541876796
2273359420
2273359148
2256571692
2262076525
2199226605
2469891311
2469823727
2536943871
2524373215
2532761822
2539122938
2538950906
2501202426
2484551674
2486583130
3560340058
3564535626
4101336906
4101269322
3497285450
3509962570
3526872923
3526810969
3531042072
2465475864
2465475864
2461472536
2209743416
2208170536
2208105000
2208047913
2275173165
2258428271
2258403822
2258404334
2264695230
2398917022
2541262238
2536225946
2502604954
2502604986
2503661754
2503670154
2503633295
3040505743
2507827087
2549838511
2549969791
2527425311
2531644191
2531587903
2531305261
3068241709
3064444461
3082262077
3182924349
3170337307
3158147611
3158083130
2889664106
2887577322
2904387306
2904506362
2942246126
4024175870
4021554271
4022146061
4278068229
2128487429
2122195972
1593730049
1610536195
1474216962
1431879746
1410879730
1410941154
1415463154
1423627251
1419440881
1973150292
4120503892
4158185076
4149779180
4044929772
4112034540
4149803992
4132982664
4128786313
4128911805
4133368751
4133368750
4158006190
3583452150
3565168118
3565177974
3569600527
3569522703
3569592333
4107316237
4124156989
4153709615
2006221870
1935459438
1931244654
1930902766
1930837998
1930827494
1935020758
1657869007
1652564941
1920999885
1920999881
1908498761
1959059257
1422248505
1422379547
1414527499
1414523403
1556671434
1552475546
1570295994
1604010170
1603944602
1593459115
1580819887
2115562927
2115825085
2132665485
1998053516
928510156
936628252
368308252
342979636
342898740
271587621
275847478
283249190
279056102
295847558
850838150
855085702
844400518
840214503
840216423
840216109
840214061
842908461
1916617529
1933377817
1903038777
1911951657
1895179561
831925547
327489999
327486862
314920334
314958986
323265690
1346678974
1346797983
1347322319
1423615245
343442701
342416685
338192685
875047725
1965960767
2137925223
2130051813
2127840165
2123424703
2122359183
2122360207
2126556623
1581297471
1577106991
1443100207
3608343071
3578951183
3589424431
3572778022
2496943206
2495892694
2513423558
2546912334
2546912518
2526986038
2531245622
2533205558
2683872055
2675487541
2642006325
2507784573
2488877549
3562746349
3562679740
3562678716
3561502908
3561503160
3562551704
3579451352
3621409480
3621437960
3600318984
3600324380
1988672813
2005440559
2009839662
1997188126
2132456462
1864007686
1864269878
1863295014
1863164006
1863181415
1863179495
1863306727
1868550134
1834995346
1834962562
1837063811
1837067907
3984453283
4026325921
3992244129
3992444609
3967217216
3967280640
3967088160
2899633700
2916413220
2949966884
2949930084
2807307508
2807444932
2942182357
2950566503
3858563686
3850176022
3850189318
4118620438
2013018166
1992120374
1992128534
1991867398
1987661830
1983529030
909824198
1983570339
2004545955
1970918307
1962525330
1961477767
1961475719
1958325927
1958324901
3837373109
3831020165
3826814349
3826826476
3826822380
3844072940
3843975028
3980277316
3963557381
3962508855
3966506790
3974894946
3974370418
4238738498
4255514690
4255515074
4290073586
4287948770
4270125014
4286901591
4274305141
3729234020
4261907492
4262972468
2115421204
2115433476
2115396612
2115396869
2119597879
2119568934
2111243878
2094860022
2027766486
2027512534
2027676358
2027546310
4174970454
4173900326
4173900326
4169705766
4253592630
4292383799
4267212917
3193537012
3189409252
3193632740
4200267748
4216977908
3948477940
3927571796
3927668532
3927659301
3994775846
4000932198
4023989366
3990559942
1952069831
1952069829
1954159044
1970937844
1912276708
1907950308
1908159221
1889297143
1888330455
1909235654
1909229894
1900841330
1930201202
1930275922
1930339395
1897849027
1881039235
1949963186
1954153123
1979254435
1979195299
2012752294
3623627142
3602852294
1455307014
1454100230
1470678790
1437107970
1420338483
3567886641
3584667937
3623387425
3730354465
3726221603
3726303491
3726266626
3728344370
1564149538
1413158178
1424690467
1420365153
1420303696
1420372288
1424697664
1433041856
1466617728
1445582464
1445499520
1445560977
1466663603
1442484898
1419350946
1422438626
1372120290
1397255394
1376331954
1377446022
1381640579
1390283152
1390349744
316408208
335294848
275063232
6562608
6562352
14688817
14683667
14703122
14809602
6466306
7518466
57777410
49381634
47546626
50233410
41582803
304776691
304806385
288061793
272182115
276311653
1356346981
1887973996
1887962092
1908986872
1908996060
1397268444
1388874700
1468899284
1468964788
1468966837
1569498023
1573709734
3708143590
3708211174
3741470182
3724679670
1442982342
1447046342
1447111814
1455625350
1468137607
360911255
348336535
281162143
272765439
273940777
269795625
269780795
276077371
813148954
821472010
821471498
822052874
821856266
2000520394
2118095066
2118095067
2116997307
2118013103
2118005167
2128491183
2111648423
2089624247
2089624309
1569534717
1569465084
1603037004
1473047884
1431300364
1414445324
1415481612
1423345997
1442155630
1467274286
3608432698
3591635002
3590721578
3590726446
3603309102
3616420462
1435108046
1149895375
1150841532
1287168940
1282969068
1277729084
1546365196
1547348044
1564125388
2117774540
909804685
909803655
1042989191
1043218869
1047409317
2129016485
2124687013
2128880357
2121278045
2121277725
2135957789
2094085431
2089950551
1553096519
1553104839
1553199047
1418788855
1439760359
1473301991
1389481431
1385295047
1385196743
1389372647
1381052647
1396048047
1362493871
1363018142
270480334
274470862
274468430
282594830
284782110
16444959
16442885
350926340
350790404
342401828
342401316
929805604
922393668
922388804
1929021893
1915390413
1915395567
1982455919
1982357551
1982603307
1697382443
1684938795
1961759019
1890457147
1890197019
1890257627
1891109531
1891117723
1406675595
1396185994
1379407754
1379602826
1396593050
1398723066
1375195434
1369751854
1369743662
1369744662
1369744405
1436591156
1428468772
1429521444
1427522644
1561726916
1549151956
1959202404
2110000740
1547976309
1549166085
1549199111
1549247751
1557169463
1557177639
1556391191
1556395267
1556591891
1556542803
1556510178
1566449122
3713928610
3747483011
1599999361
1600066944
1607939024
1330914160
1333010996
1333027380
1333061156
1607511861
1573956919
1572912422
1430293799
1413776703
1431667469
1465312013
1461117708
1461113612
1463600445
1430031725
1971096559
1977392110
1973270958
1855502494
1857598606
4000944270
3996029134
3997085903
2923339893
2922832229
2906088037
2754946599
2767652402
2767532658
2763268834
3031704290
3032224162
3048998054
3051882646
3085584519
3086678149
3065964677
3070159045
3061620677
3056898773
3040129773
3023495917
2759254765
2767512428
2901718380
2899629356
2891240717
2903993615
3977587726
3977521262
3980331246
4286449902
4261285038
2092828038
2092840838
1553867457
1486168576
1486103329
1492410659
1282434098
1328604162
238484482
236377154
240043458
265209234
227465137
1285289632
1553528544
1425585888
1412998756
1430169092
1446942212
1446413828
1446028837
1981853221
1986314021
1935985957
1935983653
1937032661
2004767111
1998479751
1998464406
1465849014
1448871078
1459356902
1392444534
1392406534
1404985350
1404952582
1371070757
1352196388
1352165156
1348167204
1343903284
1342834484
1074463492
1074266373
1074529542
1078856982
1078884630
1087298422
1099860722
1385860034
1452903874
1454936257
1990758512
1994960992
1982505184
3861553376
3794702560
3811487904
3761172641
3762124455
3829151407
3829149423
3850116709
3887861285
3887873588
2814125844
2814125068
2778297356
3990517004
4233766671
4229578254
4229582350
4246227558
4214782823
4269336677
4009289836
4005100636
4273705028
4137320772
4158309060
4101698245
4101694199
2969137894
2968016614
2968008934
2969045158
4040689798
4048164998
4048173190
4081724550
1934172310
4065271942
4082004102
4081471878
1405568886
1405410854
1401224743
1385491991
1385522695
1389781709
1390305692
1389261228
1380892844
1394524348
1344258524
1343604044
1412720396
1412771595
1412704570
1416636718
1425090862
1555442046
1572212702
1605764046
1320420047
1320420045
1324372972
1316020716
1326752100
1293198628
1275373589
1544009795
1549187138
1549178946
1565952066
1599571170
1583132898
1583325394
1583255618
1591640178
2147319843
2105060641
2084088608
3828984624
3829045760
3845818880
3846082048
3879503408
3878986256
3862274560
3862360592
3862413856
3861136673
3865328673
3806598177
3806794800
3823505408
1642475588
1634087109
1626738887
1891044782
1890851758
1891056318
1891580554
1891449482
1369206458
1401743019
1384944280
1921811272
4069824280
3596396332
3594364716
3610158852
2536417029
2536429319
2671657234
2675573026
2683896098
2677540130
2677617954
2646160754
2629318130
2365068754
2365133187
2231030145
3304846720
3573331856
3564935088
3574898656
3608451444
3590686980
3590563844
4127370244
4127367268
4127650021
4148609239
4123935126
4124722086
4259014310
4258867950
4258802302
4284037646
3730381582
3673758990
2600025150
2595759150
2594709550
2598903870
2616746254
2579157326
3656041951
3639133679
3630724589
3630724348
3630953708
3723154924
3723157484
3706243836
3697826444
3559422596
3560631940
3560629892
1432019604
1976234677
2009658279
1984492455
1980285302
1913307415
1997201415
1964695557
1952179205
1951988757
1952008213
1951025415
1414158934
1422539478
1432292038
1432096390
1465123510
1465127846
1472467362
1434874274
1401086385
1401086080
1384179072
1379974048
1375767200
1375783668
302131780
285355524
269623813
274866453
279265319
279199781
280818725
329036821
315393029
306810581
1443534535
1443542727
1444582087
1465553863
1442771423
1442701807
1423728879
3571213545
3570167017
3561254121
3561286125
3561487709
3569803021
3569796877
3571435277
3514663197
3547967764
3598381060
3598373972
3598353908
3598424032
4152076000
4158367457
4158235463
4158431558
4141658166
4133269542
4129158182
4148094006
4148067350
4148038950
4152167718
4152114470
4160498726
1979530550
1962806534
1958612487
1956515397
1973384789
2005693173
1586291445
1582097045
1443682199
1460128183
1460033923
390478211
390539665
390343077
356525477
339943861
348271511
345113478
345113478
347129814
1353756519
1356901671
1352974117
1352961588
1353555472
1353627184
1416536624
1412358705
1412395539
1413099827
339620898
339610658
275646466
32376834
65669123
49939457
41497025
108540625
107500275
115984035
111856290
129677970
96053890
368622259
402177939
401191297
392732801
388739217
355111089
876269729
1950040289
1948202469
1954492004
1961634340
1957440044
1973746220
1991555596
1723116044
1725213965
1724691471
3863773246
3863576622
4144660526
4095402030
3021628454
3155831126
3172604486
3168471654
3032026723
2495088352
2495091376
2494046848
3567788672
3567793024
3303543440
3304721024
1199192962
1178545042
1176848882
1176885590
1176610118
1176544078
372286030
386970235
339780329
1421911663
1438746415
1472365607
1447198765
1447206973
1444077577
1444045064
1444037128
1427260952
1414942376
3562302120
4233394872
4243868601
3702802859
3618916522
3602142394
3737067610
3740147738
3756924954
3303682090
3299483946
3299484458
3299486249
3437759000
3426241032
3426548424
3426528200
3460217736
3460203144
3464397449
3468350106
3466146478
3398972078
3398967782
3415745574
3382193190
3384486942
3421121550
3488229389
1328232652
1328040380
1329088956
1329129629
1327033743
1259928974
1258944398
1330505550
1334830910
1335820070
1304317750
1170103573
1152347508
1156348388
1143753132
70044076
85838268
117812620
369598860
370319756
372412749
372343838
375437358
375498798
1461954622
1428346942
1164314654
1088818446
1084621326
1086194398
1084097197
1082926764
1082920628
1087122100
1078751140
1091522724
1126060196
37634141
305086475
304902154
309099530
313481275
313481272
330266936
334457656
25090568
18858697
17416843
17334923
21529258
25723818
25735082
25815979
26962329
94006665
96353689
87952809
87956969
19795417
289346889
322265353
326459657
309649673
108327208
108316456
125095720
123009832
89516825
1169681211
1170144058
1203490650
1203357642
1186693562
1190760618
3325591722
3325592746
1311350990
1328259086
1307222031
1168810012
1152098364
1416162348
1412233580
1412877292
1410779820
1409469116
1438828173
1468121737
1451287241
1589666584
1330995496
1333228844
1199537196
1194282284
221191436
221871372
205057285
473478405
473601351
1551800135
2097055559
1577027159
1610192502
3740836454
3732447846
3726168678
2652382822
2651401966
2668244454
2648321126
2627341414
2629436534
2628386887
2360025281
3433587152
3437806432
3429402480
3425671728
3443309104
3460094752
3457599744
1310124032
1175907520
1180012688
1184333952
3619061888
3568730497
3568730787
3567555235
3568607970
2490671654
2485445382
2502240014
2536451854
3610128174
3622701866
3752528746
3718778842
3718786507
3722980809
1298926920
1278020984
1278613867
1279142266
1163799898
1574495566
1574494542
1335599566
3483021775
3484983663
3489182511
3475541806
3342371630
3342596910
3319520046
3332032814
3332033830
3332039717
3466191924
3472376896
3324513408
1177033856
1177095312
1093279152
2758272
2757248
15336068
11485892
11375108
16556580
1877612
1879660
827244
823260
905165
937933
1980677
52309255
41823495
49163319
112025633
111997169
116171141
116298117
40797061
32409237
16748197
12360359
1352187558
1352183718
3505974446
3497583854
3543721198
3526943998
2453402015
2455425989
2459681285
2459779604
2478572084
2477531940
2448171309
2431590445
2431517743
3504998687
3505011147
3504892362
1361627546
1396230555
1379456139
1379590281
1379590537
305852809
322946041
812925801
283165481
283239225
1352786715
1352902427
1352908570
1425275674
1441917818
1204939642
1198914906
1190609162
1191051278
1206779982
1206530270
1172971647
1173234789
1298998628
1294271813
1295455557
1295474951
1328865590
1299505446
1301602598
1284870966
3432482366
3449784879
3485436717
3489237309
3476597005
3459885325
3460011277
3749347661
3749348125
3749364525
3615211823
3610829167
3608727791
3607680247
4111006933
4123781581
4119505357
4119505373
4157315165
4145859677
1998373901
1998475343
1998483967
1977504749
1973289709
1973158637
1968439981
4110705311
4110739199
4115042015
4119312974
4152863246
4152748814
4152879118
2546920462
2539537470
2535260206
2506035262
2497315135
2493125167
2509911655
2545423975
2528646885
2527614709
2263406549
2523526613
2524566997
2524962293
2642410997
3695110621
3694848461
3694852559
4248467663
4281941087
2098736223
2098740735
2080976559
2085236399
2085291707
2093491871
2090345151
1553474479
1570267311
1587081439
1589161999
1458098207
1198259259
1148119049
1349437705
1349438297
1349434105
3559819929
3577253513
3610814347
3594289610
3598549018
3598692410
3597639978
3605913899
3605652267
3601523497
3601511208
2528870696
2665008248
2652428360
2669205576
2486950232
3559554008
4096409224
4100654729
4108845706
4104930234
4239282602
4243022250
4260651454
4252361678
4260885086
4260647518
4252247630
2083794526
2083793774
2083921263
4231941231
4244620415
4173128709
4173128708
2025831684
2029948420
2020515364
2037376548
2117034516
2118005252
2117993164
2117402797
2119435433
1859389611
1854945466
1870669962
1015228554
1015168458
880953098
341000970
338690586
337662762
354476330
354672682
367169546
347242506
345091098
482388010
473999402
88258574
88513614
122601935
122372573
122245629
88814573
1162553007
1204367023
1205612223
127209119
127026063
127062415
127111317
1161859300
1157672996
1157669924
1191226400
1460907024
1444066304
1446155264
3610673152
3611198400
3580789409
3564885667
3699205862
4244383462
4259065446
4258803246
4292357422
4271383598
4271375406
4271375579
4294448329
2138584201
2098797704
1595546776
1595813001
504308891
508371887
516301487
382014141
1472230029
1438705356
1423027980
1418898188
1420999436
1437769484
1471384860
3601892669
3601891631
3742400558
3708863790
4227878190
4228049710
4228049518
4240631406
4236477182
4240737231
4257518541
4014252872
1862592504
1829006312
1678125544
3830331880
3856533992
1660815561
1660356041
1651769801
1645478665
844366377
1926301226
1939023674
1905337610
1355833374
1346695206
1346683110
1347273110
1351599490
1351208834
1082809218
1099594113
1099590016
1099623824
1398599072
3543967648
4130186224
4062548788
4062488116
4079267380
4079005205
4045454877
2971713085
3005734429
3073773087
3077967662
3082617902
3216770094
3199996974
3200132106
2663261258
2663261403
2683831529
2675442856
2404922520
2404988040
3445302408
3428723849
3428723903
1146972334
3294415278
3578694022
3579750790
3743395271
3726485319
3726483975
3726615047
3749638658
3716051506
3706655266
3701998118
3702001702
3702001775
3655861423
3681110159
3677087887
3678054543
1595600014
1560994954
1556799882
1552597899
1553646473
1423623096
1551431592
2084089256
2100865384
1983552280
1987741960
1995343881
1995277322
1986367502
1999097886
1965502526
2082869487
2084438949
2088632997
2092368548
2108764917
2108695238
2140152398
2122379086
2126551086
4282689582
4291078186
3921979482
3917918152
3985547976
3184427592
3176825576
3172520680
3172754156
3172738029
3176408303
3184789743
3180726523
3214293195
3214289037
3197528461
2660689292
3734492044
3740582284
3732193757
3742658799
3742854191
3694536742
3694606358
3698796802
3697682690
3706640130
3568222978
3569255187
1423737315
1993122977
1984932993
1984871616
2114358464
2115470560
2115282017
2117394465
4130742307
4113961015
4097180982
4100785718
4109188646
3568115238
2494500407
2495548999
2493463237
2224827076
2375559748
2245540708
2270694884
2270713076
2279231620
2245980292
2245972148
2230632869
2221199782
2367722926
2368768446
2368919942
3474090374
3457362374
3457362190
3457555726
2390622990
2397700878
2410373646
2410210110
2376639269
2376634852
2376633764
2359855508
2380839316
2372508084
2670431652
2536146324
2670364612
2670388999
3744130614
3748228646
3748146726
4285020966
4286331191
2138844253
2136940749
2103324892
2086535420
2094940412
2094518745
2094309723
2110041882
2143594778
2000992570
4127234346
4127230746
4127297290
4128424458
4132585995
4143317739
3064341419
3215729067
3182175407
2650616975
2497590413
2489283725
3160270221
4234143309
4244563517
4244475453
4104964637
4109167133
4096548669
4112909613
3710255215
3711307886
3746762862
3750953070
3749776462
3749718350
3749784526
3347462894
3347471022
3347433118
3583820429
3550253960
1467257256
1446281448
1446412348
1445109772
1445175320
1981849656
1914806568
1932967720
1899399737
1612614169
1616808505
3839790041
3835595721
3841819081
3833381323
3980251727
3980276271
3980272175
3978240555
3990623851
3969649129
3988523177
4290513065
4273805465
4273958025
4269600907
1448398987
1460990091
1429627307
1467376555
3614846957
3598068461
3270982349
3263109837
2204978765
2179809869
2159002127
2158932799
2158997807
2158801199
2158797094
2162994470
2468924198
2519255910
2519353815
3593366919
3594413191
3598610567
3623768221
3588174237
3571200957
1423190013
1423208319
1423277871
1423277357
1434250541
3581734205
3615356175
3615470863
3749615367
1601881862
1601881878
1599620390
1532523814
1532503335
1532567591
3680182311
3680182567
3680203117
3680162815
3663234975
3673735055
3685264015
3685268127
3718953887
3723149215
3715806687
3715793365
3749626101
3749703925
3715915877
3711718439
3711910951
3710809367
3714983687
3714463303
3723826903
3723777687
3723784119
3721686973
3705104285
3705108372
3705001940
3570784117
3572881189
3572815653
3572819831
3572819958
3581801462
3615412662
3598599606
3598665142
3598536119
3530381717
1382885844
1394961860
1931832773
1936056797
1927799295
1928573295
1945145391
1945153597
1936764952
1932571672
1931868184
1931925560
1898338601
1895189290
4107669226
4103423678
4106535566
4106523294
4106269422
4123107951
4148276789
4132678916
3059133440
3061298192
3057112116
4062659604
4062577684
4049995045
4037955367
3770568678
3770631574
4038882438
4032585878
1880940710
1896665254
1913016470
1644582790
575108742
583302870
595689206
1909554886
1892904774
1886528838
1903305038
1909658495
1909462639
2010127981
1976831533
1976908348
1423256076
1423797772
1423959300
1423753476
1423474992
1423475056
1440260960
1926997601
1926932065
1918543361
4061838851
4062088706
4064003634
4063885154
4063851746
4063785186
1918386338
1653096614
1653096598
1653216391
1938437261
1900618893
1880632765
1882927017
1350450923
3522039531
4054634105
4088178201
4088178184
4054627848
4037910024
4037983752
4037984009
4042243433
4028945834
4112777642
3844407466
3878813870
3845259694
1827799470
1823547871
1823485709
2091920133
2090871557
2095082245
1558436663
3705835318
3756163862
4277306118
4275077958
4274038614
4206931750
4265650470
4265715750
4261919783
3994457095
4011249671
4011769910
4011803686
3977069606
3977194790
3981319974
3972924950
3973727810
3968553539
3968394833
3985434228
3989630564
4014800884
4014791156
4128168404
4128144325
4128144327
4144898006
4149166054
3075282407
3083666933
3016556756
3011839364
3011970444
3011851964
2978227884
2965649084
4035253932
3498468015
3498337198
3504129518
3493643326
3510434846
4079873038
4079922446
4063143182
1919844670
1928233246
4093280334
4051419342
4032349647
4099464687
4099472365
4108053357
4107987565
4124831581
4158252877
4160352717
4135309765
4147827159
4148061175
4118689718
4051640294
4051509222
1903966694
1945976182
1944007958
1943871766
1943806231
1375543569
1373626641
1355592529
1355589105
1347193265
1342998961
1359841683
1397655939
1456380871
3599150791
3600197191
3736381207
3739531047
3731135781
3726685221
3727926309
3727860797
4266905663
4283551839
3746787550
3713168638
3696375206
3696377766
2622954150
2631342775
2631219847
2631232199
2626742999
2628824695
2645600023
3202385687
3202385719
4267742501
4267750437
4263568421
4263633957
4264641557
4264694981
4247921861
4231146887
4243722135
4239527574
4239591062
3702608535
3702584054
3702579806
3722482238
3714094911
3709971263
3693340959
3711166750
3711039775
3709164639
3742856399
3749056719
2683699663
2679259615
2679297005
3216110573
3182486125
3182473757
3185607197
3177219644
3210786348
3206917676
3073698605
3056925053
3055377631
3072203935
3072203966
3040744862
3028161950
3031830942
3031831038
3031519743
3031495006
3030446366
3026248571
3043026921
4246858729
4280417256
4264679928
4264679624
4262586568
2115101768
2117201928
2117517321
2120663099
2120675370
2129584174
1047520318
1064303630
1059970318
1027595742
1031722478
1040107007
1040138701
1040011340
1031544840
1060906024
1061104936
1065290536
1055869465
1052723803
1069407963
2145253082
2111632010
2086531722
2086531978
1549791898
2095043258
2095044334
2094915310
2094856814
4242336574
4242319647
4292127007
4267552031
4267681039
4196397903
4196319821
4263428845
4280248036
3176888036
3168356068
3164096500
3180910052
3214468324
3218661588
3210732741
3210671303
3210661367
3210727398
4292665318
4250728174
4246697934
4246688206
4229779934
2082304254
1813996766
1818197198
1842863199
1876286509
1725291581
1716902925
1716904973
1851188233
1865864505
1870055211
762693227
760567419
626333307
626333531
1700083579
1700083563
1733638123
1742014459
1707348955
1703703499
1972237003
1972365018
1955456767
1959653087
1959653069
1951256541
4098674157
4232889580
4282766588
4282904828
4266086908
4266091389
4282836591
4258719279
4259149375
4244398671
4244464462
4236210639
4236202239
4236068013
4233452973
4233584093
4242013517
2111173901
2136335629
2121621775
2121748751
2120631582
2122237230
2122308910
2128471342
4276086094
4276016078
4276061134
4292641530
4259091179
4234011387
4166968315
4167034873
4166352365
4166270445
4166335469
4166335421
4166074301
4166006717
4224786845
4208144847
3667001807
3667083615
3734004015
3734036782
3734038398
3734093694
3738536431
2673314285
2669054429
3745418700
3745494980
3743211844
3726500117
3745407031
3711316022
3695050806
3698266166
3707190574
1559575406
1553283838
1552161486
1418480333
1436340172
1591530444
1584779740
3732403052
3732382508
4267042348
4266978861
2119462457
2130977371
2097492570
2084963194
2093351018
2089156714
2089627690
1485581339
1485580299
1490872329
1499236633
1566153049
2138684873
2138669513
2130280843
1996193977
1988071593
1981658280
1981263016
1712761992
1644618892
1645667244
1633051308
3772138156
3768713948
3772782172
3764398380
4032849964
4032854060
4058069052
4087490332
4087490061
4070716942
4070966990
4071903150
4075572390
4064070822
4080846078
4047425614
4051624206
4051624719
1903977016
1886134840
1887187481
1887374873
1962805803
1960713003
2094934825
2027759931
2019310347
2036084235
958137867
991756890
996016746
1003893098
1003888682
969289786
432418890
424026186
423911534
423682415
423667053
423735775
423867358
457356254
188978174
188842938
1262614426
1237674970
1233484762
1234139515
1234049401
1234049304
1234065672
1271715080
1263321368
1259110760
1527611881
1494188457
1494066105
2030872221
2043455165
2039264956
2039330461
4186945261
4182750191
4178432367
4179558766
4179505486
2014191882
2014196746
2026249258
2022050026
2089224346
2089027722
1552177546
1573183371
1329960591
1330623117
1326305925
1292649124
1276916256
1278025760
1282220064
1575886880
1592669184
518919168
250479616
250496001
184307173
173305319
190083055
420743082
403965946
135726922
152978702
165565710
194931998
178023742
178055455
182249743
182385933
181327117
172933405
457556349
419811837
419729837
402960813
406888877
406893997
1011006877
474217884
474283448
356832664
390501768
390526345
398906841
399803755
399807786
366261562
1425904906
1551666443
1551666463
1547680061
1551821085
1509355276
1536583452
1519735132
1518362997
1522590063
1514328367
1510064431
1510002727
1526767671
1493213207
1493349383
1476654151
1489300566
1485176294
1502019494
1502502838
3687731078
3679408006
3679280791
3645664943
3654051501
3637277437
3637261005
3628872265
1557996121
1558061611
1577023275
3716013099
3716013179
3642611787
1561327695
1560606735
1560598543
2135280939
935741243
918950687
918954767
918958589
910500333
1980506540
1997279660
856482232
827123608
567065304
562858616
562858808
562924089
1703913995
1700505099
1696510489
1696518713
1830703657
1695953901
1696020397
1876166573
1870989229
1871652798
1871472014
1858364558
2127422638
1984942318
912113694
907866126
373030926
388956175
355345419
338570507
485370395
481167931
481561211
412371659
412391113
1507103691
1507099595
1532331003
1531290603
4215580522
4223968814
3955533358
3955667486
3922629438
3922624815
3914241071
3893285935
3911044141
3910949989
3909956837
3943052453
3913683621
3922069173
3901163157
3900968581
3900976775
3896782471
4165218198
4165350886
4182114678
4191551814
4189458758
4189397446
2043945431
4174669295
4190432493
4224112893
4224092489
4208363785
4208311049
3931946525
3929839129
3929309721
3944075897
3944116969
3927319279
3926274479
3930394799
3955299567
1803631743
1770200126
1770215438
2038524174
2076272911
2059795471
2051406903
1514524711
1514655783
1514598407
2051453254
2051453558
2034743030
4173774534
4173765318
4174285510
4175400950
4175222693
4166804397
4161544892
4161544893
4178327464
3109883304
3214215336
3197438200
3197392904
3197434888
3197481992
3130368824
3130303016
3130303017
3130839611
3128709674
3141272362
3107783978
3091074346
3091085674
4169017818
4175374730
3906791818
4192004491
4291607689
2126812313
4265914521
4261789849
4262936729
4264956153
2134253803
4252377707
4239812203
4239806061
4239705853
4256482893
4258300685
4279275533
4279472191
3138626591
3138628623
3138627871
3109206831
3116555821
3095580205
3095547421
3100051023
3167041279
2638481070
2638481326
2647922094
2580820142
2613317822
2613391519
3653509263
3646169293
3625787417
3627942969
1479414793
1479500813
1479369743
1480451343
1484781327
408802895
407754447
1481627343
1489434463
1490474359
1507247479
1265877015
1265881349
1515376901
1523761941
1523962676
1523901236
1522918188
1523050284
1514667368
1514528248
1516109768
1515706248
1515505545
1515471609
1523860457
1523602411
1540452715
1506894122
1490116650
1490051130
1490411547
1490546715
1507234075
1523037451
1523029833
2052558681
2052493289
2048368105
2050266617
2050277577
2050277577
2048377049
2014736505
2018911097
2018910809
2027318907
2027219691
2023025131
2039785658
2144640138
4275864714
4267671690
4267610522
4267619258
4283868138
4250329982
4235650398
4235611454
4234628134
4242883623
4192555055
4218687533
4201918589
3665109197
3679920335
3679855070
3637982206
3633649374
3633657566
3365224062
3367312942
2293513790
2292465166
2296667662
2296891150
2296890143
2313503551
2314498877
2314481949
2306109485
2306199597
2352403692
2356600004
3430325636
3428237196
3377970844
3411392156
2591397580
2654306892
2653258268
2586154540
3123029548
3124160044
3145131564
3112138300
3109893693
3109827118
3109827118
3143381806
3143381038
3151758382
2613314598
2609189910
2609128454
3649315846
3380947974
3364174918
3364190278
3364190295
3380967799
1237801333
1262935381
1241961925
1241960900
1242018260
1527034364
1527034348
1493475768
1476764632
1476768456
1480980184
1480982232
1489436411
1489420282
1489411562
1481084154
2085981386
2104984778
2121696458
2120647754
2116452362
1042714650
1042718778
1042735147
1042735147
1043783723
1047982395
1048002905
1064682329
1031132121
1031264219
1031274491
1031798763
1040052219
1073608667
1073542107
1040044379
1023267163
1014976635
1008693307
1008690235
941517099
947845935
973065007
1002425183
989715791
989646927
981307471
977244415
977268975
994046189
960357869
947774949
945651685
945782773
954169333
954034133
954034133
954034133
954038231
970948599
970817267
970809075
970809299
970850259
969732087
969207287
960884087
994573655
2051528023
2051528023
2051535189
2068148725
2034594229
2017800613
2086081445
2094469815
2094466743
1553401527
1553407639
1553022613
3702533845
3434098261
3433049879
3319807751
3353435399
2279693575
2258892055
2258890807
2258890807
3332493623
3350516069
3316924773
3304341863
3295954275
3291821347
3292476722
3292477202
1144993538
1144923906
1144919811
1144915907
74319745
82778033
99448753
98858929
90462129
123852721
123983793
123983249
123860369
123774387
106997155
107079091
40101267
40033683
40062386
40066482
40072627
39936419
39870947
375448035
375447847
392213287
358659879
358653741
341875501
358849341
1432533277
2002955551
1986245919
1987286287
1980928335
1981010399
1985213870
2009330862
2009224366
1975669935
1950504111
4099064303
4101161335
4100444935
4108637958
4108643862
3571740222
3580635710
3580766750
3614055966
3614050046
3622372270
3618115773
3618132156
3584618684
1441325212
1428742556
1428743132
1429926524
1363043132
1899914520
1936067608
1945372696
1945384984
872159258
333252634
333317434
299790890
1434313258
1966641786
1950122702
1954318222
1953794951
3830942357
3830618772
3042098885
3075650114
3071468034
3205636626
3172016678
3157271078
3169858854
3165915174
3165390886
2628519990
2611824710
2599344326
2587800774
2585436355
3659178115
3659178113
3670713249
3683295905
3649630880
3638097636
3629744068
3709738436
3709737029
3693025317
3696564261
3704896805
3704975125
3705140805
3705124549
3713503941
3612840837
3596453248
3596404144
3529268384
3529321632
3529387424
3529385376
3556717988
2445022116
2427204516
2427261861
2427212790
2158813974
2179769142
3278156590
2204407614
2204548926
2166554398
2166517578
2153934666
2153920331
2153853769
2153788184
2153788184
2162176792
2162241848
2174950712
2174834729
2212517993
2187385065
2183170457
2183499145
2183628169
2472968584
2481357769
2481361769
3018302249
3009717035
3005522735
2971973415
2972188183
2955345479
2956336855
2956331765
2960525989
2984258469
2980064677
3013616821
3013637333
3013857479
3013840966
3013718038
2984293686
2975903270
2971975222
2972030518
2972177942
2972079638
2972071766
2955285878
2959543654
3034909750
3034912790
3030718470
2493869062
2494030854
2510746883
2511259393
2549057296
2532148848
3060565600
3060570080
3056383344
3056447568
3056574549
2805899383
2772365415
2755589494
2755583862
2759777150
2776497022
2818374526
2818374014
2818375038
2810049886
2810163551
2810172253
2809131885
2808992748
2804798444
2804795372
2771220460
2771219949
2771203581
2774873599
2758096383
2766476799
2762278399
2762939871
2762942927
2779588959
2814191903
2818391327
3070178574
3070177550
3070194438
3065926422
3082703734
4122957799
4106059683
4101865363
4097695107
4097822081
4097752465
4101944721
3850351953
3892157713
3798777105
3798773040
3794578736
3794775376
3794793969
3811407265
3812447649
3778874791
3782544807
3790933415
3789950358
3790028166
3789827526
3789827446
3789827366
3789830462
3786225982
3786219295
3786366813
3785996252
3819487196
3819478748
3823677308
3794307885
3794766637
3811478301
3777997063
3777997830
3760634902
3760634918
3760643110
3760639271
3764833575
3781610807
3815234903
3807763831
3807698293
3807771957
3807902997
3816226645
3814194773
3780476629
2706734773
2706669237
2706661045
2740281013
2750766749
2750807005
3824482781
3790928087
3790895295
3782568094
3765905566
3761645758
3778427326
1635126206
1668746942
1677135519
1671774111
1671704479
1671703965
1671703949
1638149581
564935119
564952527
564983631
564982543
602714639
1668133389
1663939081
1663415065
1663548729
1667741993
1667733545
1675991083
3823548427
3789993995
3781614922
3844555146
3828679098
3828822954
3843498922
3843367850
3855905706
3887384558
3820853054
3886921487
3853299468
3857493772
3844910348
3844980028
2771304236
2771310372
2771272484
3844473636
3782542205
3774088187
3774157819
3766433178
1618885018
1694312602
1689794746
1704466618
1738213514
1721447562
1721296010
1721541002
1725739498
1721533290
1738507129
1872663064
3986399784
3982009896
3977817640
4013469240
2940206712
4013875177
3984507371
4025958890
4023648714
4006900170
4005847514
4005880942
4003458095
4007577639
4001286151
4151236677
4147047749
4113489217
4114531667
3846029811
3845444066
3849712098
3858223459
3858154355
3857105859
3831985091
3827393475
3827377635
3848549859
3890480615
3887336934
3870565878
4139067214
4139066190
4160496462
4127024991
4110310745
1962821977
4110174328
4101793899
4147914846
3727635534
3727036430
3727032334
3748004158
3718656558
3702874662
2629100069
2629165668
2646381124
2548859588
2519515844
2251207364
2536433620
2537484261
2503895535
2491316718
2497141198
2497174926
2497043854
2513761679
2513760701
2547315181
2547315180
2538992108
2522345980
2522341717
2524209509
2524729447
2520596582
3531493494
3513667606
3563995398
3572420870
3572486919
1416617735
1412299573
1412279077
1970125095
2003679527
1987885174
1987880134
2117976262
2118074574
2118009070
2116956390
2137989350
1836851566
1828463470
1824482935
4240426741
4254974676
4288459716
4266452428
4262258124
4261733788
4261867181
4266065645
4140224237
4141338333
2798956493
2807343437
2773526553
2758977817
2758974233
2758968889
2754707993
2754671129
2754732601
2754638441
2754613996
2754873004
2758020013
2766408629
2762283473
3030849859
4121377794
4255327234
4289929218
3753107474
3740446786
3740434626
1584567491
2121439427
2117310545
2134087793
2133964835
1865528359
1865474095
1831919663
3979698217
3962978425
3967173113
3967241976
3974449896
3974486760
3971283704
3988056793
4004818633
4009013963
4001137099
3996963050
2923294955
2922897643
2922799339
3983946219
3967162079
3975550686
3975624414
3971299070
3971233454
3969660910
3969660415
3969656062
4254803150
4254758094
4257770958
3746328014
3742134270
3746529274
3746463738
3738095482
3733308794
3733312891
2659575113
2664822088
2664813832
2522731800
2539115560
2501276728
2484474908
2486567949
2491286814
2499675438
2493339438
2493309550
2493310591
2496177757
2512955341
2638784476
3712726492
3742012636
3708518653
2634797245
2634773679
2618174654
2618174462
2622372606
2648574718
2644332158
2677830222
2661081614
2661081871
2661147453
2679960364
2650329900
2620932652
2620999192
2621071128
2486860120
3560585689
3564771787
3564834251
3698859403
3698859485
3697022444
3697046892
3697238292
3697205508
3722354964
3734933776
3737030672
3737038913
3735785938
3739977186
3731459554
2653461986
2670306662
2620122454
2620122182
4234925334
4243309943
4240430455
3170760167
3218925031
3193758935
3055383751
2518549959
2534802919
2539067239
2513778279
2509583959
2509579975
2543150791
2543187894
2543179686
2543097782
2463405462
2463404438
2455015863
3071578343
3071651941
3073892413
3040796733
3027132476
3035526461
3035502393
3035565595
3028028955
3027520058
3025521210
3050699386
3079990906
3063197146
2996089035
2996076747
2992406731
2988241083
2988204203
2988314859
2973631979
2688419823
2701004415
2696877581
3770430989
2965135885
2969330253
2967233357
2958325709
2953207773
2433097725
2437353071
2470518655
2462133599
2457937119
2459116701
2459116733
2459006141
2480004541
2438170557
2416084637
2953025245
2953875997
2970661695
2976948543
2984288575
2975981886
2976084762
2972127802
2956330538
2954239594
3025537770
4107602942
4103354826
4103355595
3583258827
3600101449
3604922377
1449050120
1444925464
1578955833
1578918955
1595763995
1547575050
1559891466
1486489178
1486436074
1486381802
3633865643
3638056379
1490601369
1490613689
1482288553
1499162025
1494902265
1562079689
1599852825
1568379705
1568387897
1551479608
1568259388
2105129276
4250515773
4279875965
4263360989
4129267151
3860758991
2786492869
2792784244
2801185572
2801066532
2809405984
2771662372
2771845749
2755068663
2759135926
3035960758
3031764158
3031697582
3031701678
3048224958
4157630607
4145081487
3608339661
3608338508
4111654924
4111654973
4101239085
4034250029
4032089917
4032155199
3503804031
3583442557
2509696605
2543316829
2526405977
2531124573
2522740061
2539508541
2505953839
2489172543
2499663406
2633889582
2633788719
2642173247
3749567495
3730824263
3726267847
3726262727
3726307798
4280021238
4284211374
3713655214
3724076542
3724079070
3724083038
3724277630
3724212078
2650461486
2549859711
2547905887
2547971533
2514417101
2506082253
2505951197
2501691373
3038630381
3042963821
3042829689
3084707161
3076320601
4149607769
4111850617
4111848825
4116174201
4116173311
4116149247
4124529407
4124529373
4116150237
4116015101
4116018549
4116010261
4099364117
4107728149
4109821269
4101502805
4118140885
3608467413
3608664021
3596023701
4141282775
4143403223
4143272183
4159992943
4159993199
3052692847
2515893546
2516410138
2499632906
2499772170
2634018654
2650797950
2650658686
3187463006
3218969438
3218973567
3202130541
3202134636
3059012348
3071562492
3071637484
3040310764
3044427244
3027387628
3035841789
3033660621
3033656527
3033787599
3050503631
3050491343
3044236765
3178330093
3207672557
3207795453
3211989725
3211858911
3220201839
3220234607
3220239407
3220233245
3178347789
3176316687
4250054159
4250140191
4249998974
3209811566
3209806702
3193028974
3192963183
3192967215
3209818141
3209946381
3176328973
4250069775
4250065439
4233481087
4232367990
4232377846
3167216086
3168203223
3184972279
3218591925
3201692853
3193435317
4267072661
4261633173
4262493623
4279250343
4115752935
4107433959
4105323255
4105421783
4122071879
4122015559
4117816647
4147178871
4147244150
4113792102
4147272934
4149349614
4157738463
4159856591
4159856597
4159764469
4126204917
4124107093
4124090645
4101157141
4101150485
4116959029
4112580151
4246862391
4246961719
4252128822
4252107606
4258333014
4258267518
4258267262
4258358399
4258360351
4258393215
4253153397
4257275381
4123057605
4114998725
4110874053
4110864837
4110602741
4114858471
4114863079
4116051959
4157994871
3084255095
3084386101
3084377909
3075855637
3075790101
3071600407
3072288535
3072210775
3042842598
3050636262
3168010726
3163816438
3164017111
3180795349
3184865109
3176426325
3209980757
3210214357
3218538437
3218603983
3218404831
3218929142
3218920806
3210581095
3210727463
3193958711
3191206163
3191173379
3191300371
4195771763
4199961971
4207297875
4219880791
4254553415
4241872215
4233483607
4234147157
4234132821
4234001781
4233931109
4233410919
4250246231
4283817031
4279628870
4262949118
4262854911
4262854903
3193307621
3201775332
3197976165
3197910581
2661039623
2682007047
2648518150
2622891534
2364933646
2360821534
2629059695
2626737263
2626745581
2643506349
2680206748
2671818684
2656090044
2652370860
2652304812
2671140269
2671197679
2641764158
2640715550
2640785182
2641700638
2650087774
2650632414
2646458622
2644295871
2648478876
2640092620
2637994444
2638057292
2503906828
3040780828
3028197916
3036586552
3032326712
3036472872
3027033705
3039611631
3073133550
3073330334
3056489614
3060692110
3068556446
2998296734
3065405582
3086905478
3045053574
3028243670
3024059478
3040836631
3077401911
4134399271
4142917431
4143957533
4143830557
4143773309
4158453476
4124960500
4108248788
3026109396
3021980629
3021787511
3021268262
3021794342
3051342902
4120824838
4104059910
4104053830
4125091271
4125054869
3076474549
3072149167
3054767791
3054788262
3071567606
3084248910
4120376590
4120179726
4153713694
3082071359
3061296423
3057032565
3057550677
3057554773
3074289781
3044340085
2776101220
2784949108
2784940908
3086829164
3078381164
3077847661
3073718815
3040755470
3028164382
3036497182
3032236382
3032272990
3032346719
3047024125
3047007724
3084697596
2807865308
2803693276
2803885789
2803787677
2803793855
2803830190
2807827886
2807832494
2807904158
2816353166
3049156943
3082801183
4155265055
4155270175
4155272253
4159466541
4117638188
4113436028
4112909772
4096133069
4096922575
4101142494
4109623134
4119904030
4153454366
4136676670
4140868922
4139823419
4131553561
4132602680
4145463853
3038144045
3021350509
3157669471
3159756543
3025473022
3033799902
3046399070
3079960702
3063213182
3063213182
3067469902
3055010126
3055010782
3037123294
3025597183
3034505965
3030238948
3036466932
3028077148
3023887180
3023563524
3023564084
3174425909
3210039319
3212136462
3218567486
3214405934
3180840742
3185002294
3176494854
3176523014
3176523127
3184911845
3184903396
3184903380
3176526980
3172298884
3172360581
3205652887
3075633574
3084076966
3050391222
3050405598
3041947342
4115722063
3041979743
3050421613
3086212189
3086210125
4134786253
4134785245
4132684269
4128469477
4149420533
4115870165
4115870199
4124119526
4124066150
4124067190
4124075342
4124110094
4124175630
4120051471
4120043293
4124231548
4118071164
3040137068
3073691501
3071664125
3075862495
3075991518
