661502391
661503415
627947958
560315326
560052926
828488382
824294079
807517879
811793831
820166053
1893903844
1906545764
1906545685
1940108549
1659024647
3806510855
3806502678
3814956822
3810696982
3777142550
3760379662
3760346943
3760325935
3760327981
3781364013
3789625661
1638930749
1638938900
1638935812
1888691460
1888686341
1892815125
1909658407
1909720931
1942226930
1942245106
1388707730
1384497042
1384420786
1388615095
1380225431
4065690071
4065760757
4065763109
4093033255
4092963639
2818026295
2776542007
2772347671
2770269958
2753548806
2753507862
2753507942
3826718694
3826584998
3847489702
3885238438
3867424951
1720003716
1720003716
1988371844
893408644
873514452
875803924
875799828
874620692
874559287
892450342
1999738422
1987288599
1985191711
1993443615
1992394783
1724033085
3863391293
3880168509
3830881341
3830875453
3827205951
3826681663
3826616127
3826622271
3847601983
3814055743
3812941629
3779387181
3775160111
3775233839
3775346479
3762624303
3763670831
1616191294
1623539006
1619295615
1619811675
1636621643
1640815947
1632421834
1632420810
1628296186
3775878058
3775878058
3830387642
3830126522
3838524846
3835378095
3835247037
3835378125
3969789324
3969789324
1843340684
1868547468
1847512460
1713282461
1713285565
1717349607
1716305199
1725464863
1717272863
1712890175
1712890159
1712890158
3877283118
3810186542
3810182438
3814608358
3823050134
3788316566
3785309877
3768532660
3768524540
2696888028
2700962637
2709285149
2772199453
2803427359
2807822623
2816199519
2812005967
2816001743
2941899470
2925191934
2923061998
2927125998
2868391078
2880964775
2847672503
2831095957
3900586119
3895864707
3893767891
3897962227
3901832817
3900718705
3900980736
4186188096
4219759936
4215598080
4249680944
4258067552
4253611105
4287364451
4136304099
4140485602
4132096946
4127910802
4129025426
4129125522
1980511382
1984171190
4156574886
4118957543
4107464500
4241679892
4235453956
4252018176
4292197888
4204239376
4204120592
4207733537
4199344930
4196294114
4213048754
4162192258
4164305798
4176658838
4170220710
4169181350
4240484534
3175131335
3208755655
3208821255
3184703031
3184972327
3187425831
3187434031
3170640430
3170382382
3036153710
3036155118
3027765471
3044620511
2503829711
2503896271
2507564239
3581338831
3623273935
3623269887
3621168639
3621105109
2538972629
2539107669
2541072757
3077869927
3077951783
3078091639
3073865719
3078039271
3078567591
3053395879
3052867509
3035961237
2633250759
2624861511
4235220247
4235316279
4259427391
4288717855
4271940639
4273053725
4270960700
4265660653
4261418223
4278193326
3691125182
3691133934
4229049070
4241627694
3166128670
3183396366
3216806414
3082322445
3198714636
3198722348
3190337836
3207103788
3140127204
3107634148
3175000928
2887708513
2887665523
2887648195
2753438147
3827179939
3848144289
3849719168
3890617476
4159118469
4159134853
4155856055
4120147366
4124369830
4107330230
4099232398
4032124638
4049032950
4048969191
4090903799
4093000773
1928731973
1936014789
1931753405
1914709676
1914905516
4067570620
4073734604
4085301580
3548438844
3549487421
3515934013
3501253949
3300026173
2226552613
2226521895
2231306039
2220622647
2220622103
3302977799
3300811527
3305009670
3313435166
1194066478
1177290542
1177361787
1177500747
1177434185
1206852683
1168903242
1085019226
1085018490
1085026682
1085158266
1085158270
1101931390
1101951351
1103090148
1107087844
1077720548
1077720532
1092531652
18789828
51287493
50835671
55029974
55948503
290960468
1364694388
1398257444
1383441956
1916248636
1916264972
841290252
841810461
841810539
841945706
1928138986
1923888362
1941705914
884749450
347878538
79492234
79477898
79019402
216448970
493797194
527351578
1043244350
2120917055
2120851509
1848160276
1849327892
1849336324
3996819972
3879387744
3844752101
3827892965
3840673447
3836481455
3769383359
3836492239
4122753487
4143725007
4135337215
4064224430
3531481278
3530428550
3530429574
3513660550
3505268102
3501147014
3501048470
3500790359
3500732965
3500728868
3505955372
2499323436
2490928668
2487208733
2487109919
2621327694
2638138830
2671695262
3194942430
3203367886
3198784329
2930489112
2930486568
2931404072
2935533352
2922947128
2937627224
2887316188
2889532141
2889482926
2892564390
2901151142
3035372690
3052289154
3081643138
3064864962
2527994050
3602780354
3618976099
3616809319
3314819157
3313968133
3485865293
3486977359
3470199259
3470088698
3472153082
3472154010
3472151962
3472150970
3337941434
3354452475
3320898043
3310608745
1146315049
1146298669
1142104365
1142039837
1141248277
1074135301
1078329605
1078329605
1154368773
3298739471
3315571999
3468663646
3472722942
3471608766
3471613630
3467417274
3467432635
3471594155
3472110507
3463717289
3480560041
3442942121
3423805613
1276190949
1276129333
1276129285
1276125189
1276125445
1146319109
1156765445
1152835077
1303809549
1319012877
3466431455
3466365855
3472657342
3472658106
3472134842
3472151226
3335836330
3327398826
3310822314
3293913519
1142170031
1142235317
1142239284
1142232084
1144466436
1080437764
1080458244
1088932868
1105644812
1101450509
1169067277
1202622303
1202687935
1206750894
1189910206
1189933726
1189966750
1123357118
1113010606
34943150
34873510
18096358
3417463
3433783
6579507
7722241
7832833
6718720
6722816
2537216
270962432
1362004480
1382976000
1383041680
1378717328
3526132368
4064072336
4061934244
4060885668
4065075621
4086050990
4036759790
4038992094
3501596682
3501532170
1349794842
1075267594
1142319118
1142319374
1144412429
1077397837
1094108620
1400017357
1383235917
1389592925
1452319077
1451270439
1384161575
1388355623
1392570471
1359041773
1342311661
1342574029
268836749
281415327
25495295
9699919
1087705615
1087845135
1087709503
9709359
9709359
76818199
1150691079
1150703367
1152812807
1148028727
3308029287
3274552819
3257841091
3262035843
3266294419
3266294451
3266155187
3266097827
3245109923
3223597730
3223794595
3223721331
3224253443
3228447747
3236766721
1085088769
1085219840
1085213952
1152322833
1173210401
1160635681
1160765747
1160761603
1198506307
1206895442
1202705266
1336923746
1340956259
1299013603
1294825459
1294820819
1294820801
1160607185
1194284241
1194286291
3329220051
3337616851
3333254483
3333252435
2259510131
2259514147
2259472675
2259468577
2192343393
2196541793
2196549985
2213327713
2164044769
2162991841
2154608353
2150418161
2150502099
2150505155
2150513347
2167290322
2205039858
2196714706
2192380099
2192396355
2192437313
2213327217
2162992995
2154606179
2154610275
2150469202
2150352578
2150291330
2151347090
2172315058
3252315571
3235591553
3227006336
3222807728
3224924384
3225088208
3241866432
1098573249
1102949843
1136434594
1136428194
1122800802
1109893298
1109848258
1109836034
1109803779
1110319667
1106059811
1085022753
1085022741
1089217077
3229353765
3223061805
3277784349
3265154317
2191445325
2192543181
2259455407
2259459503
2263658922
2263659434
2263856026
2196738458
2196541611
3261640875
3525883113
3525944553
3526028409
3542803769
3609863705
3576308233
1411981835
1345851915
1358627359
1354629919
1086193935
1086198093
1170081225
1168970971
1202470379
1181513130
1177351658
1177343434
1177338314
1177342282
1189998970
1169088890
1085202810
1085203417
1085134840
1089259176
1093455528
1127012008
1110431640
1110373256
1110372745
1114628537
1140695481
1409262009
1373610473
1909827049
4090801448
4082411816
3813980456
3816267032
2738271752
2738270744
2738270776
2704708136
2771833384
2771833389
2784760366
2817263342
2817262254
2792096414
2787709846
2787648918
3878163638
3890744502
3886619838
1739275422
1739205774
1705650382
631842895
904669263
338639695
338057934
342260702
367517182
363103726
1436582142
1973653966
2007082318
2007019326
2007023150
4154572333
4142382636
3861290540
2788071964
2804845068
2804922936
2775427624
2775293480
2775302696
2771059224
2754413113
2755395883
3828678766
4101439726
4105571518
4105574582
1955993750
1954887814
1422141574
1409739974
117877958
106078407
1188200581
1383252149
1379127469
1376899245
1376831471
1388373738
1921050154
1937867274
1938006538
1909498426
4027621675
4027888680
4027681816
4027813128
4043542360
4060317432
4060267144
4127351433
4127351434
4141048234
4136726698
4121973930
4105438378
4109765770
4097191306
4097125834
4113841642
4160042218
4158993530
4154732634
4158922762
3622137882
3614954810
4118787882
4118654762
4127174462
4122972989
4126966540
4126704388
4118454788
4097475092
3023734292
2755316260
2772097572
2721675877
2725800935
2734189486
3803710350
3803841423
3808039567
3761975951
3761972143
1613309103
1617692847
1621887150
1889806470
1890855046
1370500230
1406341254
1121108166
1118998598
1135784198
1135714583
3315639074
3298862882
3298862630
3294795302
3290596919
3290887687
3307634503
3441823175
3446066375
3722824879
3724328111
4252806381
4286358877
4001281288
4009669896
4009723164
3996951340
2922947116
2922963500
2938642984
2888708648
2888696424
2901213867
2762214826
2762217658
2762217626
2762242186
3030580362
3030559882
4101153994
4113737674
4113605610
4147176299
4147341163
4130485545
4130477353
4134932793
4133892376
4142281016
4154855721
3550810233
3518247035
3516150011
3498332634
1350880762
1350928858
1355196890
1363601738
1360456026
1377266971
1377174282
1446380298
1379291978
1381397370
1405383658
3548386282
3581937642
3313520634
3313590138
2239903082
2374115626
2374050074
2374066506
2374430937
2358703593
2358566312
2355940776
2351746440
3425678728
3443437961
3441336777
3439763787
3720783179
4287081785
4288063800
4292319544
3994388792
2920582968
3994068488
3994067464
3994120792
4011197160
3843424937
3826647722
3841393578
3837001902
3969909934
3969914078
3971019982
4239647818
4260471818
4258374922
4287804938
4283601419
4279681547
4111974971
4111779627
4112378921
4124994665
4156456185
4156185737
4156192137
4124640904
3508077208
1343034041
1880979129
1886713257
1945429167
1928388719
1928519694
1920135174
1379135502
1377890367
1378168877
3542488380
3496353084
3501067068
3501067884
3568109288
3569107592
3569148555
3317482378
2281477546
2268921258
2268397034
2268001754
2234443722
2507072202
2650759883
2646372987
2381854315
2381848362
2373532458
2373921594
2407349534
2407477534
2415857934
2411679758
2277363823
2277290221
2276241580
2246869180
2234289548
3341801868
3341220252
3307633612
3290853325
3290852685
1147432223
1147469087
3563363423
3563568479
3580278215
3605436359
4142301765
4138041940
4137980532
4134838820
3056902692
3073696301
3038011951
3038082926
2771699950
2775894122
2779039850
2779105370
2780220427
2813780235
3086410249
3077919273
3073712767
3073647338
3073651178
4113826986
4126477482
4105570459
4105582731
1975396553
1438591432
1475636552
1467277608
1395945512
1395937320
1362456697
1345790043
1343627722
1347818202
281413242
277159518
25503258
26550811
27009817
29106440
28053768
99370280
86959400
86961976
86941449
86804425
86804378
90474426
86480826
90613146
90613146
1474729370
1475777982
1459007919
1392484781
1383899565
1920770989
1916711821
1983820173
1983889917
1983652333
1999905259
4096009578
4108660522
4104535850
4104455946
1956644618
1960846602
1960863035
1440838683
1440961545
1475827145
1465210328
1431685032
1431685033
1968543737
1962259929
1962255833
4109745625
4126654425
3849496281
3845306073
3879180025
3879056105
3878986477
3778339565
3778331493
3782623589
3782615541
3764789713
3781572497
1668163969
1667701139
1676086451
1671759031
1940127911
1906573479
1889558607
1889595406
1889575178
811639594
820096554
2003020314
1986181899
1986198283
1986190155
1986152937
1987315113
2012553625
1971134873
1971073465
1971074025
830222953
830218793
838607423
868038455
834475055
817696807
276632623
274467870
1313806
1319950
4571406
13025542
13533446
13533446
9340230
9210222
9222639
42965324
42907980
315538764
302952524
1376628852
839688293
856465645
806261183
805983131
810170296
538852248
539966344
556547000
585907112
581710248
581710265
867963787
280769354
12329242
6614314
6678827
15722799
15723271
15653639
15654789
24036229
40256389
35783045
35787153
102912179
107204786
107016674
107012386
115384610
81892118
77697794
77697794
78091010
82228993
82226433
208054577
204909841
205430599
226412423
242140039
107217806
115606495
115671423
111350061
128132396
82847016
74460456
70266168
70719768
120995272
103208329
107463051
49054138
49058234
49066410
50114987
318550443
326940585
301967273
830384077
828810509
837263423
862363703
862367806
858030126
858054718
858128410
1932922138
1899367018
2002127594
2006338218
1972657849
1972697033
2006230856
1995739928
1995940648
1987485992
1987486008
1983238456
1932836984
1882473977
1883168681
4030127787
4033273515
3769091723
3768878795
3785660171
3819222827
3823413039
3795100463
3795100223
3795223054
2738274894
2738275246
2704627622
2707173286
2690407078
2698861238
2717875870
2750344847
2750349135
2733561101
2732897332
3806651428
3798261796
3794039052
3794219341
3810918895
3816174766
3890678958
1705314494
1688672478
1692806350
1692803214
1688609231
615850973
615781368
613433800
1702936840
1971823880
903260680
812821001
812038667
807897659
807701114
1898235866
1919729818
846184634
1919860906
1915670746
1915150351
1931927567
1881648943
1894033967
1626651183
1626651167
4042757637
4118184452
4147544644
3208102644
3206959844
3173414628
3177676260
3114555620
3115088101
2846682342
2879843534
2880939486
2868164590
2856109038
2856112638
2921165054
2921078958
2920554669
3993445565
3976602764
3960874380
4229313436
4241887932
4102423192
4119070408
3582207752
3616812296
2278844712
2236930344
2155841848
2159971593
2427356425
2494464795
2495066986
3048515050
3086257386
3054800046
2786429166
2786565246
2786501646
3860242446
3877036318
4013319023
3979420271
3962573549
3826258665
3830448873
3838840809
3836742521
3836812088
3031644424
2495035656
2494900488
2276732680
2260001544
2260042568
2193523640
2258600873
2526843819
2531038126
3076298670
3072104366
2805841838
2805972478
2771821838
2770775310
2938547230
4012289071
3995331629
3996374057
3996243257
3996177787
4017211243
3983789803
3982740075
3990997883
4024499039
4024495455
4024560991
4017275999
4017275999
1869857879
1836182647
1836182631
1869867239
1868810614
1860422007
1860290943
1717688703
1717692767
1717824351
1702026079
1685310295
1685310295
1685192023
1685122551
1685122559
1693571583
1709689343
1744292861
1735773149
1719007965
1718741597
1735649885
1735511935
1868615039
1868618879
4016104703
3982714367
3965875191
1818378967
1818444375
1818313591
1818260853
1818258493
3974195261
3991034141
4007807241
1860618505
3999787337
3999591241
3999595497
4007971561
3873820395
3873820379
3865368267
3865375707
3999589354
4016497002
3849770346
3849837695
3832933503
3832867071
3832899831
3831978231
1709591031
1709657559
1633771007
1633708927
1633774463
1633905439
1676921631
1674693919
3813987615
3797213535
3797279195
3866556409
3874934457
3891776185
3855731385
3855678105
3829459913
3829460313
3830576249
3964916761
3967155289
3984059497
3983993193
3991337979
3991325403
3991391963
3991258715
3967079259
3967083290
3962954558
3979797294
3983950126
4016522618
4016327930
4016068826
4024531194
4024654330
4025637882
4025646046
4025711438
3958402382
3958662494
3941949694
3958767870
3948283095
3981841543
3981911191
3981780389
1844721061
1840584100
1704267188
1687436736
1683237184
1679042816
1679239985
1616263969
1626737201
1639321089
1673334273
1671171649
1938558675
1921781475
1942822562
1942775462
1942251462
1942288326
1942353366
1657122167
1673899351
1673903957
1632083796
1632091476
1627909460
1627749876
1610948084
537333237
537266677
566626807
562433015
562503638
595869654
600078278
591685574
591717846
591721974
591711718
591711718
591744502
558726647
567274871
567272821
835183925
835699989
869125397
869129493
868613397
1942482191
1934093645
1901067773
1901053869
1884276397
1892677309
1892546207
1951200927
1951168158
1967421374
1968030958
1977468142
1975514347
1979114697
1978068424
2000157640
2000157336
1999829640
1932716680
590478985
1668318203
1667269099
1675726970
1675804731
1675808827
602008873
593520941
589310253
572537117
572528905
589434139
568459307
565313835
632430891
614478091
614470927
631508239
627964279
627964279
627964279
627964279
627964279
627964279
627964279
627964279
627964279
627964279
627947895
762165623
1030602167
896384439
627946934
627946930
896384432
2003156400
1998961072
1998961072
4146445232
4280679088
4281793216
4260789956
4256624199
3182810982
3182745062
2914289134
2918485502
2905972702
2939600463
2937502287
4011174670
4011125006
3927207214
3927383342
3929410862
3996517422
4001234990
4009558062
4005298206
4254867466
4238221642
4237177417
3700320840
3700218376
3700206121
3561794153
3490224891
3490291339
3541975691
3529392779
3537781385
4072587704
4093572268
4082953388
4044667052
3775962252
3776026252
1662100108
1647424140
1647485695
1647485542
1647485734
1667359014
3781186598
3777235222
1629825094
1629890758
1629894894
1671826670
1671824510
1940784142
1906639886
832836622
363128126
358929702
358939942
359136566
1433861406
1461054934
386154390
390530710
398853783
327549591
310773669
311696804
315895204
307503284
840429724
303558876
305573900
291934220
275153165
275027517
270835255
270900791
807509558
807654942
807571726
820154638
871546894
1926677710
1917217935
843540925
853014953
1922554537
1929240313
1920778953
1915241035
1915245147
1915286379
1660547306
1656279210
1654154411
1921526971
1921523081
1942619531
1900679611
1901732011
1885020329
812131515
812461195
829384907
862440911
308727247
308729295
308670942
308605438
308670830
325514606
325514558
283621167
283490087
1357166387
1357166353
1357166353
1348777488
1348842016
4029649440
4079924736
4067339776
4067330752
4076833440
4076641189
3799824805
2721883559
2720833695
3811352714
3777396826
3764814890
3764815918
3764911406
3760480526
1612980495
1613111563
1613115705
1613103401
1626079720
1621888808
1621957417
1689073979
1689008394
2091706634
2108467466
2137492746
2066646746
3945698970
4218327738
4205425578
4272468906
4277727658
3996787114
3860341162
3877118378
3843695023
3852352941
3854519724
3887385756
3870596236
3860114636
2786372804
2786503940
2786504228
2803277348
2809581092
2708917796
2717836836
2784912933
2783839751
2783708934
2775328102
3044811878
3044868326
4118151358
4108189838
4104073354
1955143818
1955078281
2089352392
2090383432
2086176776
2100922632
1596698376
1059824136
1026269704
891912712
891896392
891160235
890141098
1968073898
1972298922
1972323466
1975009418
1357693066
1349501386
1357836779
1357833067
1357834223
1374543821
1936034701
1919388092
1915201964
3862278060
3861948076
3866342092
3862069772
3861037581
3860857389
3877904943
1735139886
1710166062
1705705514
1705705515
1705705531
1692995593
1886989321
270084105
270481465
6228009
14620683
9909258
9764874
10436618
10371386
10375530
9433454
13627758
55505359
35582415
37679503
36623749
103601557
103603621
37551535
58523054
39157166
41317775
41316807
49705221
49688853
49641253
49604389
24421157
276210437
276202245
811368749
810320367
885817770
609000362
604814250
604879802
604347290
755415946
1862711178
1875288970
3951469515
3952452219
3952386603
3948193321
3944001065
3994467885
3994990125
2921256493
2923382317
2792883695
2792885437
3890743485
3786148020
3782084740
3783134340
1702764676
1977356708
1973166244
1972642223
1972642270
1974739214
346301198
342135578
337815050
1948429067
1952693003
1952495883
1710274843
1733343611
1712503755
1712490378
3860038282
3862332122
4013343339
3849253483
3857588847
3857457775
3849069135
3850118094
3858309614
3854172399
3837395199
4105899231
4105963534
1425811534
1416374286
1550723086
1299069198
1340999502
1320092486
1321014134
1186931558
1203577317
1169482148
1173676452
1463068076
1463590796
1444855692
102673804
119450652
71154708
2947125
2644259
2637090
2758434
6947378
11420418
11452674
62816259
113160385
116359361
103515281
103521425
1445640339
1445640627
1982573491
4129929873
4062813841
3811161844
3781797612
3766085228
3765986924
3778553453
3778552815
3777507562
3777495274
1617494266
1627193594
1621033178
1619923019
546187017
546250252
818884109
818769421
811396941
886875485
903120127
869631135
1935049871
1935064205
1935064205
2002169325
1717020653
1712710237
1714762319
1647772191
1647706671
1659314731
1654924073
1671701865
1671724249
1672801483
1676975243
1677495435
1644069049
1641971945
1667146600
1662951992
1661964824
3775847960
3776961052
3848141613
3854415918
3854473262
3887002702
3891228878
3878048206
3879601102
1698566846
1698570926
1711026095
1622944175
1637628094
1906060430
1943809162
1918838154
1381893515
318639551
313932205
313407916
333721020
333784460
325521804
325521820
325571052
828682540
828420140
811639100
811696924
807640600
807901752
874879545
925145641
1043249691
1043261962
1048201754
2052588842
2060976238
2060976366
2027618495
1490681999
1492807813
1493098901
1486731189
1552721845
3716458421
3750012853
3737434021
3747004325
3581341605
3565146111
3564105183
3564068319
3589234142
3622788446
3605994878
3605990702
3597473086
3605869854
3622662430
3563451662
4100437007
4100439069
3831928892
3831994684
3832846876
3761546764
3811877388
1645539852
1645499100
1644429993
1644433323
3792439466
3806070955
3820816555
3819838651
1638854859
1622056971
1626120971
1881441835
1629793834
1663416878
1650899246
1650916398
1663988798
3811456014
3778941966
3829269518
4101899566
1958281582
1891115502
1905796042
1939350410
1938375563
1921568681
1938348456
4085840040
4090095784
4082887048
3548377032
3526190600
3542962696
4079473196
4079412012
4058444076
4054220863
3769012494
3768887102
3774135854
1880410670
1896106526
1627789898
1627795146
1627792842
1615143130
1620312250
1620852922
1619378329
1619361928
1640341896
587638408
587638408
1661398728
1661398584
1897351720
1895107192
1894071001
1894001049
1894001851
1910768811
1923416234
1924546702
1924554894
1387716742
1386340390
1394909478
1344573730
1344586002
1344728835
807856903
807861045
820370213
816171349
850840965
852935045
1920369029
1920446900
1920246188
1920247788
1668319980
1634769452
1668327981
1646388745
1646420491
1650860554
3806724394
3807182890
3802923114
3806855274
1651114186
1667834059
1667768569
1643659499
1620656185
1620722713
1895717147
1887333179
813165339
275049227
275547403
1911456015
1979613261
1971237069
1971237117
1971238124
1971240308
1969667909
1999019589
4129676881
4129617521
4129579872
4129579488
4142162336
3064811936
3081634688
3048084097
3047830147
3047764646
3035375526
3052174446
3052165166
3052165166
4126110730
4151207178
4285425419
4281222665
4282054441
4248403243
4101569579
1962464303
1962774734
1694413198
1954472846
1952379535
1969182623
1934431663
1933844903
822419879
805634503
806617415
271844663
284638499
816245027
816228659
1940293634
1386580994
308585730
304456690
305115890
305025715
1379795633
1382941344
1403999200
1907159072
1908204580
1891412004
3772033028
3789006852
1901496647
1897306758
1930790534
1664406198
1630810798
1630941870
3761648302
3773043630
3768851622
3768858791
3785627831
3785628869
1671589061
1944249412
1944228468
1923203684
1924186860
1928393708
1383097836
1378953709
1379350861
1379281183
1407609126
1403439394
1403358482
1403297794
3555565826
3522072835
3513681169
3509499393
3509491201
3509502465
3493741123
3491693282
4036571874
4038862818
2965118178
2964064294
3035416631
3022837767
3039738881
4147031297
4147029317
4131161575
4129063335
1981661574
1983792518
1987974534
1996369318
2146774182
4260637862
4250150054
3965001870
4233519566
2094457678
2090259982
2090108422
2090118678
4241796646
4229213991
4229365029
3155549477
2841091364
2849414436
2878770708
2861991428
2928977412
2932122132
2932122212
2919338725
2920334245
2937078189
2905670063
2905801150
2904687006
2908893342
3991026906
3986896990
3988076638
3988006926
3990104078
4233439246
4229426191
4166431005
3101066005
2828435988
2828304916
2894373396
2910891520
2906827280
2902690400
2937096929
2920599201
2922791570
2921726854
2921726342
2925793446
4007669926
4020272358
3987830902
3971475478
3971475463
3973425156
3965167620
1746315284
1763083572
1796636932
1779728644
1779736868
1779475748
1779686692
1863569381
4017212389
3983657909
3982580661
3848358837
3848362933
3881925557
3881925557
3890314165
3890314165
3890314133
3890342877
3890342749
3890342685
3873564957
3865180445
3865180445
3798202653
3798202685
3814971711
3848522111
3831745014
3832727990
3832760758
3831712182
3831585206
3831593462
3831593334
3848371574
3848367574
3881922519
3999494135
3999497655
4007726527
4008774045
3941677533
3954387295
3925027103
3925027599
3899730703
3899731727
3899862814
1844649262
1838222830
1837108670
1837109134
1874866062
1866477454
1732410798
1736594606
1736590510
1736459406
1670407246
1676698639
1667460383
1633828141
1633815852
1902251820
1885740924
1894126972
1890981341
1890977229
1351878093
1351886287
282355071
282387967
284554719
1375180238
1375110606
1400276446
1381468158
1381343214
1383182202
1383182106
1383313178
1449242426
1465952058
1969481018
1970467194
1953650171
1962104047
1961952429
1953584301
1951625469
1970532861
1970533247
2003953439
2011213326
2011217690
2011216730
2002893306
2004072959
1970445567
1970439389
1970438621
4151542077
4133589308
4129354029
1981867325
1981932861
4133647645
4116856093
4108458365
4109502973
4241689517
4241509309
3972062140
3972054748
3972314717
4018512413
4020085021
4026310693
4012418085
4012409892
3978865668
3844794372
3827972388
3827965668
3857319588
3786277524
3787326084
3785118341
2810996406
2810998758
3066849510
4132268262
4263389398
4282267846
2134777030
2101216390
2105419206
1022755287
951388133
951334885
1756653037
1757196157
1773973277
1776074509
1776061213
1833470493
1834527245
1830333967
1698203166
1697305134
3844760302
3777639150
3777757606
3790340270
3785622687
1636895895
1637034119
1640114311
557983879
592595079
600984759
854728885
854663237
862339333
807846661
539394581
543469093
1625598501
1621404197
1621395741
1659144461
1646626255
3795222927
3795764110
3795735214
3793707694
3822543534
3769990830
2695126958
2695158718
2716134350
2707728847
2707728652
2707929404
2707857212
2707851036
2703745548
2737304092
2737263165
2703708783
2704085934
2703492526
2716077230
2695104702
3768916126
3768989838
3768985743
3768985741
1642473869
1676033725
1659242173
1659307004
1927614748
1927557148
1944330301
1939874873
1906337818
1906374922
1906359050
1940957706
1939311370
1938197787
4091446312
3805971496
3797517628
2723776012
2719720980
2719655460
2718605862
2718679654
2735424230
2685010606
2685014698
2753172106
3841602954
3836229883
4104665192
4104656952
4121507853
2007656461
1454040140
1458217036
1449820621
1462403789
1412076228
1412080368
1412146912
1948903137
1953027425
1961422883
1978454055
1919696919
1915671559
1915676935
1919859239
1928247845
1923923493
1923655247
1927844687
1915453903
1932186055
1932157367
1916429731
4068042146
4091039906
4091036066
4120708498
4110303106
4110298754
4243012274
4238687842
4238615074
4238615078
3705676310
3698336310
3698336037
1550909476
1557201952
1556139008
1489021952
1480633344
1208133632
3355883841
3356920387
3631909586
3647707890
3127491314
3127411314
3135799842
2863174438
2863178023
2863178020
2884165920
2821251344
2821224768
2821356000
2821384416
3895126241
3903506674
3954102210
4003906243
4003910208
3999781440
3862225632
3862192544
3862178976
3862177952
3891660944
3819309184
3785754753
4054202753
1890004353
1906392979
1906317218
1939874210
1939874210
1918902486
841035846
857866510
1898062350
1885482522
820173338
815831578
551598618
568371722
559981066
603030026
567771656
567706152
543081000
1612596008
1612278568
1612212488
1629116440
1643825193
599705819
666733706
654082954
1715372683
1713275547
1712296619
1716040619
1720226287
3869095279
4009534767
3996970255
4012664582
3962188774
3962442726
3966632686
3970892526
3836543594
3836547962
3836485915
3836488761
4104923193
1953237065
1950304457
1430251723
354412683
387402890
393543818
125239435
133300665
384979884
380822180
1452516000
1456505489
1448116931
1444061890
1444054530
1429389058
1415756034
1357355298
1357154342
1894041639
1886152741
4034803972
1901992196
2002194196
2004164132
2004620836
1968977444
1884567396
1884566517
818942871
817889686
834667910
868221334
314777750
314827925
331605463
272821511
269679362
271702838
274791222
274786582
274942214
375786950
375783809
518390145
519438720
517407200
517218656
510944544
493135109
476357894
484807959
501586195
2071312657
2052565265
1783073072
1783077136
3927423488
3996563968
4013858304
2888730112
2888468001
2821244641
2821218019
2821226210
2854754790
2854750454
2859075798
2863290486
2863331446
2930436214
2947278934
2892658886
2754243526
3829017222
3833278119
3774430884
3774355108
3765961380
3760980116
3765174404
3790916756
3786918080
3820398592
3820464128
1650956288
1646696704
1646700288
1663493632
3782108676
3765306967
3773761190
3840153254
3840160686
3832820142
3832557706
3765437518
1618152718
1618094599
1618373127
1626827526
1622500630
1622622230
1908326406
1925103622
1920917575
1914626247
1914590405
1914555549
1918683309
2011023533
1973352623
1972890031
1978987918
2004141006
1983304394
1983275742
1983276015
1987207599
2012356773
2005933221
1972635812
1971595412
1959029140
1950510548
1951552964
1951547716
1899430148
1903637284
1912022564
1941255717
1941255735
1924413047
1389631479
1381238263
1380271359
1397193983
1464204541
1975909725
1976696141
1439808783
1422956318
1414837822
1414899326
1415050878
1414911590
1415038838
1414974742
1414982935
1414948113
1414948097
1414952193
1431392529
1431322929
1463907697
1455646065
1455652179
1455586770
1455644150
1472253414
1472515558
1464194518
2001204678
1997010390
1896150518
1896142326
1896150519
1900408303
1908895215
1942320623
1933907903
1917257631
1918257055
844584863
861233087
869538239
861149631
827595167
827800719
827729039
838279390
1374953982
1358172526
1358168366
1089931054
1088831294
1084702526
1101273918
1135377182
1135410958
1135591181
1118682892
1122807788
1445760936
1463584172
1396019640
320315800
822518172
805798268
805536061
806595903
806529335
812820775
812091687
1902611255
1937656647
1916407687
1916404614
1920603015
1928999335
1924870311
1941446887
1941447927
1905798223
1939344655
832327485
870283565
861826349
861859117
857727293
856547613
856461581
822968591
809861919
1879937855
1884135290
1883626490
1883756986
1883716026
1883716506
1933982602
1925592714
1921393289
1921327768
1922380216
850669928
334245928
271327272
1345119240
1345109256
1345165577
1076795658
1080985866
1088850186
1101302634
1102352298
1103091338
1136550538
1118708619
1118183853
1122377901
1113927844
1379139748
1393672272
1362276612
270770437
270574085
291548725
291609397
304199989
305244212
303290580
838994053
838995077
840040581
829817733
821432981
817238693
815862437
815821733
815833317
561029351
590381087
540114975
557026367
656575279
652380975
648194333
652257293
639674381
639807501
640864271
624050191
607256943
607519471
620050095
1823751855
1821650623
1820601999
1837382287
1837398991
2110061519
2101665630
2085076254
2085004574
4183271198
2077751070
2060441366
2060212022
2051804966
2051813095
2052007925
2068190116
2084962724
2093088948
2093109396
2088882332
2088800412
2109775965
1832952857
1811987769
4094867768
4094867752
3027417896
3025586984
3025472057
3042709003
3067871754
3063546378
3065643562
3065516650
3199734698
2679640494
2646081966
2649233294
2640848523
2502502027
2502633371
2536119466
3530180779
4075473065
4071270536
4071206024
1651024072
1663610888
1613406216
1613406216
1613668408
1613674536
1630456104
1646676521
846596651
845023802
1917652490
1985745422
1994346878
1991946350
4255817847
4104824001
4104829376
4100688576
4096494288
3022690928
2888545904
2888688224
2905367136
2938905313
2934715111
2930509286
2930247846
2930247870
2931325086
2935519389
2910353629
2893733325
2893735629
2893734607
2893734639
2893596398
2892809966
2783760110
2800535030
2800022998
2725528726
2721387662
2719884430
3793628318
3811981503
3765831823
1625688205
1621494157
1621493212
551833964
551870744
551592248
555802664
555868473
539283723
556127499
1629912875
1635671017
1910246312
1905007496
1905097100
4053728652
4053725324
3586056588
3586056701
3619611623
3619611238
3622822438
3622588966
3614180910
3576446750
3576654111
3576588605
3581892972
3522972108
3556559240
3552112008
3535380632
3535450300
3539894461
3539910911
3527401767
3526222630
3526152998
3526148662
3530352134
3538808582
3551451414
3518941526
3523135686
3579763911
3562923221
3562856532
3564986388
3514721556
3523099956
3522500964
3522431972
3522436004
3520937909
3520927639
3516732294
3523031942
3506254774
3497292710
1345606630
1344586606
1344590654
1898227214
1931783693
1931586316
1982048524
1982052636
1986500668
4075128860
4075193356
4091986381
4058432398
4042179502
4060042150
4042531750
4034142630
4034142630
4033245590
4041664454
4041670406
1894177543
1885661959
1881451287
1932306743
1915665671
1915667719
1919860743
1919336471
4076191781
3539230821
3537133925
3552716613
3519153685
3510765105
3520136737
3620804151
3350402823
3350410503
3350409477
3350270005
3320922405
3302342965
3302355741
3301238303
3435457055
3427138366
3427137894
3424451046
3441228182
3477067142
3728376710
3732571014
3753546422
3720061863
3166216677
3168314469
4229475364
3977816100
3994790148
3994725124
3994721540
4009395232
2935718944
2943927328
2822565936
2822562816
2889805312
2889805408
2902380257
2762985106
2813294210
2800514690
2792117938
2787399330
2787384754
2720282774
2724473014
2732861622
3802541239
3802541271
3819310167
3819310151
3789958151
3781618693
3764825365
3840055604
3836971540
3851459092
3885022740
3864044069
3859849783
3860116038
3860120550
3876962470
3879128230
2784413942
3853969494
3853936647
3858065733
3845400261
3828753101
1681007245
1680212653
1684278957
1688471981
1638144175
1671707807
1671640205
1654726863
1671487566
832610318
1893900318
1685234750
1680976959
1680910391
1678817591
1611905853
1628871229
1645645343
1647755791
3795763918
3795731103
3811443631
2741835181
2749635757
2728679661
2729769325
2729868557
2729715213
2748588751
2708742798
2692096686
2700486566
3769044390
2695628966
4042004662
4041480343
4028906631
4079447237
1935862852
1919132932
1927394565
1919005493
1935712565
1664131381
1630769463
1618117439
1618383423
1618384447
3765935647
3845430847
3879517995
3860646953
3860710441
3860677657
3862823113
3997041609
3980268169
3967706793
3971806889
2898055147
2898054491
2898042139
2898046266
2902238506
2889654571
2755257115
2755269071
3760849311
3765056943
3769317799
3819772327
1655576967
1659770246
1646662022
1915163062
1919234214
1923375342
1654972462
1923392782
1940172558
1944885774
2012060174
4159618575
4126064415
4117671215
3179203887
3038661926
3040759062
3044957446
3086956310
4156368758
4155319287
4155322804
4155311524
4160488868
3581681076
4113841556
4113837956
1899179908
1882400196
1886602741
1894868215
1911635190
829503734
828455134
862001566
862063102
862329822
862392271
828639183
559949789
559948781
559968749
551678445
551604589
551604509
568361225
560046361
555872537
539193625
807629081
807596312
820160312
820165432
547593016
1621146377
1621396425
1621461643
3820919434
3807286986
2720969226
2720969274
2721030698
2720949034
2720932142
2720932142
2750284079
2746157164
2745960684
2745960604
2712410252
3765264268
3762189964
3760071308
1611936397
1611924158
1614025646
1626612966
1621372006
1889934358
1957066758
1957095431
1420142593
1432656689
1429650691
1597416707
1597407234
1511375074
3658834402
3663078882
3663081426
3674087378
3669952498
3668444514
3668456802
3685229857
1522036016
3673746224
3663244080
3659049264
4195985712
4196117552
3929781264
3946493380
3896153796
1751813828
1751797444
1747655397
3895016358
3895208422
3894684910
3898605678
3902996718
4239589578
4237308362
2088772554
1551950539
1149281992
1149344440
1149352616
1073846952
1345817496
1345227144
1345234312
1345233352
1344704781
1344700687
1416021783
1415980854
1416048418
1424828194
1470772050
1453982098
1588199842
1588199603
1588138129
518574256
1047044256
1042849952
1042850084
1026073357
1009558045
2082844213
2082967093
2082966325
2082914085
2083956517
3973481269
3989735173
4015951621
3879635717
3879635733
3862932325
3865882597
4000113583
3995931534
3995926922
3995931050
3995349162
4016848042
2897025258
2896824618
3970579722
4238876938
4238877002
3718783435
3735609752
3735594424
3471347612
3593243548
1462078428
1428328252
1949472060
1949475100
1949540381
1691463734
1690341431
1681953847
1677768983
1677769495
3825318439
3842411047
3859720726
3859736070
2798572294
2799583574
2797339110
2800496870
2926060014
2809803150
2776237453
3856219564
3969394860
3973589416
4242090904
4242152072
4259188360
4292609673
2145125066
1599349034
3748929578
4259700778
4255555610
4239888398
4239688974
4237602078
4236553509
3691288356
3691348496
3691418112
3691966992
4095636020
4095607588
4099542324
4158261460
4139403413
4139436191
4138454158
4138530190
1990496654
2011464111
1952821615
3827344431
3828393007
3828395021
1613999109
1613933831
1663492087
1646675639
1647249047
1647116951
573375143
573321895
585376422
581181862
580915366
564139158
564145286
564145351
564145351
836859975
300153173
291764565
325179729
325294421
862173527
593607031
593541413
593533237
585341205
585275652
644004116
639744052
1713420324
1713429556
1713855796
1714304293
1718231845
1693057703
3837396614
1958428294
1958286982
1958229686
1958224294
1962418606
1952981215
1902649353
1399730440
325453064
291900728
291514665
291531049
325249291
929270026
912296266
371493050
372612266
375829723
359043151
472289286
472797186
473833522
473768226
471605858
484386530
496902818
513409666
515834755
381485440
111935888
117208480
125627872
68479716
68479591
68655686
89295558
1391692742
1391625671
3538321860
3538321860
3605430848
3601236496
3617956384
4104430116
4109148716
4109149739
3832326698
3844917546
2789001322
2787068122
3860752586
3793104330
1647715722
1647712138
1651840922
1676682666
1622344875
548537501
548537484
547501244
547415204
551593188
551595012
601926660
601922577
568433713
555923473
539211793
539080753
539015217
539146275
606273315
606488099
627442307
661521027
640030339
639843971
652229283
648026785
649084837
646981597
663757133
565190921
833659147
871465771
869369659
860982107
844213243
839101435
840092107
861063627
863161803
1910681608
1910681624
1893761320
4041249064
3764691496
3778322984
3776217640
3771515497
3767517930
3767403242
4036899818
4034669674
2956732522
2956793978
2956355658
4042713098
4053195787
4086793483
4137518923
3603931723
3595559771
3591299947
3591270697
3596497193
3596498217
3596490009
3606973721
3623161213
3321108863
3300146655
3300154566
1157006422
1165398102
3592327190
3591279875
3590956304
3595087152
3607866640
3574246656
2484792576
2619026704
2621052784
2625246896
2629437088
2629371554
2627208866
2627208866
2492208534
3301715086
3305908382
3339221150
3323649166
1444588686
1459266698
1458152840
1449699272
1395165912
1361677016
271252188
808069820
808331948
811995069
836895156
866255028
866275492
870359284
601923584
601930752
585152561
593532961
593532977
572700673
572700673
589557009
555824881
555889333
539103909
543295149
547359725
547359021
547362840
564160520
597731336
597730568
589402633
589795849
539345451
539836970
540985198
545184102
549386342
566081638
582789190
586987591
574527553
574534721
574271552
573219168
1676321632
1626059296
543802880
539559169
539573331
539569250
539506786
543688802
552339686
548346838
548289222
597647055
579640972
579648196
579648196
1657575876
1645001172
3792550644
3775576788
3758816916
3759039140
3760071332
3772588718
3770417834
3770417578
3774087354
3773042938
3769052218
3768985626
3768772618
3785533451
1671800841
1927587848
1931775496
1881440824
1613607480
3765404281
3765339115
3766387183
2690560239
2690641062
2736712118
2988321666
2990418562
4062645890
4066709170
4070839974
4070843302
3803193766
4071633039
1922048143
1928340671
1377840301
304163989
321005765
321038535
862174534
602127639
601931061
593532213
593531957
593736757
555988020
539210032
539202353
539055665
539112995
539115107
539101859
548407715
546310274
565385347
582101123
850601089
852582593
846459137
846381617
853656101
853565989
861987365
807450151
539006503
543526439
552963383
550800631
1620348343
1620348823
1666680455
1647744645
3794187972
3794190020
3794792164
2720329444
2749657060
2745569164
3819308940
3819837061
3803068038
3806602662
3806602406
1658856614
1658848422
1658979478
602027142
866198662
836772038
836771909
274739221
274805020
274928412
274945593
820174361
820222521
820034361
836811561
828487947
828546891
828874379
828739226
856985258
857038506
856768426
858989994
846341551
849485999
849486015
849551573
849360117
333512165
325122407
325154935
325155159
325278035
291658067
291666803
291711859
291519475
291511283
291592561
300046705
300153201
299956561
291543377
325295425
325229889
862174545
861978465
836804449
820092771
811767155
811775315
807581015
824308823
824302711
857888871
857880695
862075223
870513109
870423509
601988677
602052109
585274893
576755261
576763693
1650506799
1646304294
1646304294
3810831414
3760633110
3760651814
3761143526
3769518758
3769387686
3769387680
3786672560
3782487424
3777244288
3777113216
1612852384
1617050784
1625308337
551561667
551627203
551759331
551566691
618673426
618673410
635647234
660749570
643971846
644299270
652491286
648821286
917181998
917049886
531165965
1571332940
1286115780
1144561124
1144555940
1412995488
1344010640
1343900032
295324544
331221888
313929603
316749682
304091938
35664162
304095522
304144678
274768162
278965554
280017155
278169859
30181633
38505936
34247104
302707072
302670208
303722368
1400531873
1370221473
1353448355
1890438018
1889849218
1895084438
1882251686
1882255846
1948263782
1948263718
1965108518
1998732582
1994792230
1924011318
850072838
849950469
313012996
313013068
325592024
19415992
2740632
3924360
272280968
272345480
274565545
282429866
284658058
284602250
342287306
338674634
338609146
355394026
359589355
393145823
393211357
376307199
393065911
393065911
811962871
811971059
820359523
820293923
811905317
555843879
656576263
639802118
908237318
908319270
1713691182
1717926446
1718514250
1726956170
1722401194
1722335403
1740154028
1740172460
1735977100
1732045188
658439812
589723284
589715172
555927012
564383205
564186595
564194771
568389571
555771843
555824966
555882278
539104546
811734050
820187170
815992882
815992834
279130114
279130369
10892544
27687680
44497664
49203776
36539072
53249732
54301332
24416932
62173871
62038974
45264302
49454246
102881446
102890630
237237702
237105478
237035798
237019430
526623014
501391654
480686338
481199874
481267474
480812899
485011425
493414305
2134389680
907673984
912130432
920519156
852754724
844116268
860892476
829516040
829679896
837863801
569428171
569855114
594952330
578109834
578044410
578093930
578105898
577774123
602940203
569450857
546338281
546331065
830531737
834726025
869374089
844269707
846367882
842170506
857907662
862097726
836875054
887137070
887136550
887205174
878898263
878901493
874707172
1949358516
2132016004
2117262020
4134722060
4141997628
4141921836
4137722412
3869286956
3869291064
2728497721
2745283114
2749677354
2749663338
2737080558
2737670334
2722085086
2738791630
2736710094
2685821774
3765846630
3774235174
2766491170
2766408226
2892249618
2888067330
3966068739
4008077379
4008051843
3999662210
3995468162
3995489170
3999396770
4003528098
4004571298
4019251394
4019252231
1871733765
1836195847
1814179919
1814430815
1814433006
744897198
750652078
750325406
750265039
750264909
749265480
636002824
623424280
623615288
623544600
557484504
540969437
540379551
540120462
540263310
555926414
555893662
589451694
593648878
1675749606
1675683926
1675667462
1675863046
1675858694
1658880534
1650500134
1646371383
1663230467
1629667843
1629700833
1612972961
3764650400
3764650144
3772994704
3768802388
3768834068
3768842260
3819153664
1658956288
3798183424
3793990145
3793846787
3794059559
3794059303
3865363494
3849207970
3832414595
3832427139
3849200263
3849069231
1709445803
1642338219
1638145067
1638152219
1621501963
1621501963
548284427
548154698
816580042
820773306
812593306
276701326
282992782
277745902
9195759
25482351
295081999
301381639
333883655
317107015
317046615
845451861
1915519541
1915519508
1915654676
1647223396
3794707040
3794641632
3811352288
3762064101
2686241429
2692668055
2692672166
2691526310
2691445430
2686722718
3777241774
3781440430
3789554094
3768582335
1688220863
1688217757
1688414405
614606853
618801157
904013829
832706567
933433607
916657095
916587463
916603783
916505511
921740199
936423335
904968614
292665846
288458966
1394723862
1394736150
1176659222
1189241622
1470292518
1470464550
3617882670
4121866815
4121868072
4125919608
3844901080
3878455496
3878459848
3861883336
3861295048
1713808264
1730327480
1663222697
1633862121
1642120425
1642093677
1616915473
3764595971
3760336146
3760340786
3831701283
3839954721
2766212913
3080861441
3064076032
3198550528
3735421505
3736863473
2677565090
2644045478
2630388142
2617804970
2617804970
3692796042
4282035338
4282033295
2000330893
1970972044
1971185069
1698561445
1698581925
1630428597
1629885829
1663447495
589435331
602014483
597758775
597701413
866136868
870326556
828385036
828585740
836908568
815992569
815794875
832621466
832604554
870746506
846638474
913745290
921149914
937730106
937721898
895795242
874569770
1965285418
1965192490
1969389354
2112060970
2142299662
2106634766
2105709132
2088931848
4240803352
4094987064
3560737592
2487200636
3576687580
3597602764
3601728396
4138598812
3601732012
3601147309
3601081775
2531536047
2522887343
3325051087
3342061646
3307397134
3559104782
3567365902
3567368766
3567622702
3567557166
2512166702
2642251118
2638124366
2621363470
2621406478
2620189998
3161320750
4239306021
4256087332
2930478404
2934474180
2921956740
2922087812
2921967028
2921901412
3996691749
3995774759
4012556069
2939076389
2942737700
2942356772
2938160420
2938225956
3995320612
3861074212
3865268524
3865264444
3865134396
3882174844
3848624636
2766625244
2900777860
2901285509
2901285509
2901352069
2917938868
2952274597
2952536725
4026475399
3988066726
3970187494
3970225250
2901473314
2893080578
2888869891
2888951811
2903762947
2937198850
2786201094
2790655494
3059156518
3067885094
2797347366
3015451430
3014406191
2980577405
2981630152
2427981960
3505914056
3224895688
1077412056
1075469416
1343912312
1342892873
810285579
814390859
865777227
918205003
914068169
1982431881
1713931963
1713945259
1732029097
4013730731
4018057131
4013597258
1831518730
1815790094
3963343398
3979928102
4017677346
4005095459
4004023328
4004151488
4004151488
3995762816
4012569216
3962200736
3962119844
3962317487
3974900394
3903593130
3903064506
3953395850
3936622730
3937207498
1789857802
1873682442
1873682442
1840242713
950444344
681947948
728012092
1781828988
1778432236
1778493468
1778497548
1778489356
1778563085
1862456351
1812349231
3960877614
3894018670
3900375726
3904373422
3903324846
4171760294
4171765126
3634900423
3634899267
3366463491
3370789155
3362400291
3362131025
3412198721
3404879169
1257424832
1255393264
1246820192
1241573152
1241573152
1241572144
1241571892
1514218037
440406582
155195174
138425638
138492966
134356006
134353926
134362118
134307846
138453254
138449221
138515397
138647495
138583751
134388439
151182039
151132867
184687171
167909203
180490547
176291891
176357489
176189557
176218228
180396388
188790244
188792804
155238372
155303892
155449029
163771079
138564422
138547542
138613094
138621286
147006582
147010631
146937159
138612039
138610117
138614215
138544455
147261255
148309335
148177239
150798679
150950231
159379799
158314839
158183891
191738323
191336883
174555571
442992053
443651509
441558453
437364149
436314868
436314676
453059109
402858535
402858534
402731558
415237158
947930150
949472258
966171714
999730243
983014464
978621520
974499920
974622800
974274672
976355424
976360032
978465381
982591078
998256358
998256358
998256318
981479310
448803982
171975822
167797902
172007855
172073391
172208573
172209037
440505149
440435501
465602349
433169965
418623037
416460301
408073743
402802190
402785814
402654758
134223718
134222950
142804070
142738627
142755011
142865538
142648450
163620018
188853426
235060354
235048066
235307138
370655634
383767473
379511460
379560612
379364076
912057900
926740028
892119612
808234536
539462968
543327257
1642233865
1675853833
1676838665
1651678729
1646439979
1646325290
1646323322
1646327514
1650737578
1650720938
1659109546
1675890794
1642410042
1671853097
1656121641
1660316440
586476296
853330008
853328025
919912585
913752201
875974793
875720840
1949491640
1953689192
1957816872
2091952681
4243630623
4099975695
4100431374
4033266190
4058956510
4088087214
4071097006
4071240359
4075430533
4068090497
4063765413
4063768805
4083691565
1894253609
1621903369
1621944329
552380617
595499656
591305352
1648266889
1648263819
1648264090
1651421690
1667604522
1613029418
1680616750
607070494
607005502
607010350
619583278
799932783
781517261
780402893
780197964
780181816
792764984
755020344
738234905
1677821449
1677893129
1677892217
3830811624
3839658920
3835530904
3852371592
3856044744
4013355720
4013355640
4000179564
4008504365
4004441127
3870215174
3870212166
4135440598
4131184870
4129284262
4146000286
3961451166
3965604602
3969715962
3969718874
3969727034
3837296426
3837285674
3832038474
3827883210
3828017354
3963267307
3984239017
3885738472
3868769736
3860374280
3860390664
3860452120
3862589740
3794415916
3794732140
3823897828
3786213813
3786017678
3787070094
1637427902
1670916798
1939357342
1918381966
1343775942
1345905778
809098242
809080834
809080834
272602114
272535891
272519633
306057664
306058112
306054016
318115493
379927270
379857774
379873578
363129114
77897738
82215178
83264266
79069755
79594024
347989544
486305320
524183304
238966536
171623176
440042248
438015707
442019578
995666922
970500266
970504362
972590266
998064266
439222410
438698123
425857417
418517673
414327405
412099117
412100141
147861261
139471117
135395599
139631887
139631887
138839311
155681871
155550943
156730591
156677335
156688631
190247159
190304758
173523954
173527794
181842675
182366931
182432465
182292849
197959984
189571104
156017696
156085280
156085536
156220272
1238277712
1237765712
1233602241
1233388178
1300501154
1304699298
1338257570
1331496098
1314786434
1316883586
251530370
251622835
251422115
243016482
191636262
186917670
157574950
157574694
159213094
140305982
408729118
416134927
416199949
433034572
440966396
440965292
437041324
504150188
504346812
504296628
353268608
335958721
340148738
1422311970
1368703522
1368716066
1402245378
3621683457
3570828864
3705048768
3636845296
4165270176
4161043172
4161022565
4211355174
4198769926
4199288862
2061242414
2061324334
2060448830
2060430350
2060299277
1523426380
1523561548
1515107548
1510907092
1494129876
4161182960
4161199600
4165387939
4173775522
4173841058
4170695346
3101086338
3175577218
3204734642
3188484578
3209439458
3213637858
3079477430
3083812230
3058444166
2517575302
2521708438
3599635622
3531867302
3531867302
3531882654
3532947663
1387634764
1386586124
1390780428
304459836
321355816
287736888
270985224
807823432
807860424
539413240
553028264
582388344
582255112
1654948360
1654948360
1646567979
1646567978
1647309162
1631453614
3761638830
3759540622
3832940942
3835910653
3768645740
3768641836
3768624396
3818955020
3806388492
1647337965
1664098479
1662464174
1628832942
1629358254
1644038638
565512654
597961038
581200205
1659153868
1927718348
1928766460
1943380716
1908712156
1891927645
1892978222
1895091758
1894215206
1902520110
1902522670
1931874366
1932398602
1937699850
1635690507
1641331033
1641319373
1666484941
1661241999
1662291855
1662502335
1933468142
4080935422
4080935806
2986227494
2982032678
2980850983
2981915941
2965171988
2428038668
2442683916
2442659548
2438467245
2451054255
2457607342
2465012910
2461863086
3539272894
3547660494
3493220430
1345773583
1362272269
18194696
5537817
4492331
4495418
518158
452622
67537182
357467934
513712398
1050456333
1056473100
909869132
1714063612
1730853028
1630185892
