627964279
627964279
627964279
627964279
627964279
627964279
627964279
627964279
627964279
627964279
627964279
627964279
627964279
627964279
627964279
627964279
627964279
627964279
627964279
627964279
627964279
627964279
627964279
627964279
627964279
627964279
627964279
627964279
627964279
627964279
627964279
627964279
627964279
627964279
896382327
493728247
493728246
476950974
409842106
409842106
409583034
417970618
413776314
1487780282
1504557498
2076096907
2077932937
4199196105
4194869737
4211712489
4211843567
4182417903
3948581231
3948593503
3944468823
3943493926
3930973478
3931106343
3930586167
3930422303
3931575375
4199941199
4275443167
4275443693
4275373805
4275832557
4275834621
4292681439
2682089054
2644471366
2631921222
2631657030
2623264710
2623128534
2623128038
2633581991
2629533092
2646440100
2679920884
2596034804
2599712885
2587125047
2587255062
2604032310
2574438694
2564022562
2559828257
2559898928
2564068624
2551482176
2551678656
2552141440
4162776704
4161727104
4178439089
4216191393
4274904225
4276077713
4276076673
4267556931
4252886066
4230866214
4230999590
4235198006
4235165190
4285363734
4210849590
4208743718
3134985270
3134723094
2614705175
2572758037
2558409012
2625509940
2633895440
2627601920
2627670528
2627494416
2358567472
2358551393
2362750689
2354351841
2369686257
2403256963
2384394883
2654924179
2654954883
3732877442
3736993922
3737088178
3734823078
3734807719
2664738279
3210579231
3174926605
3157109517
3156978189
3156913677
3156981277
3156795965
3156796197
3156832551
2892693863
2901082343
2896756967
2896756967
3215668470
3199087814
3196009542
3191814478
3191814414
3728620367
3725994959
4275531741
4287918812
4254388924
3163341468
3163472596
2626597589
2627183201
2622793249
2618615329
2551506739
2551604995
2568385859
3142995042
3130346722
3130477778
3130412226
3136799938
3137197138
3128288551
3128289061
3142969108
3109414676
3092637492
3091490612
3091490612
3091542807
3091665906
3100510118
3168733094
3219080866
2665105026
2656724610
3729319554
3729581494
3729581222
3729581223
3746421975
3579829319
3579767815
3560865030
3577630470
3580775958
3614393910
3622654502
3619451702
3619545366
3753763095
3751785585
3755776096
3747383792
4280060401
4262956513
4262901233
4279673793
4250313669
4249286597
4228241125
4229226343
2887570791
2757555303
2765939815
3839743095
3839882463
3838701037
3830307309
3847211948
3880779676
3875892684
3859117508
3859109332
3859240308
3863377189
3863435061
3888600853
3854915349
3833951509
3834111253
3834049543
3968324695
4232397927
4244921575
4244930039
4278611415
4282810071
4014163701
4022421205
4022366941
4022362847
4005619423
1724376959
3871793023
3863334783
3859078975
3875859741
1695395085
1699720473
1733205369
1733150079
1716307327
1648674271
1644676605
1644615165
1665594725
1699149093
1699212597
1699212597
1732635957
1732570421
1732541719
1728400406
1732709414
1716456806
1716391286
1724792662
1724596050
1724595826
1720284919
1720284887
1738274503
1977282183
1960570503
1962667665
1952177840
1952007840
1951156132
1951160292
1951148005
1951281093
1892040519
1892097874
1351955826
1351431538
1355552082
1892435218
1892535555
1355791633
1418701873
1435479089
1440654339
1461093378
1580711938
1580552306
1579103714
1583296226
3734843106
3667736290
3667464898
3667464903
3667399365
3671683828
3663292116
3663228636
1532554237
1498999277
1482270975
1482603727
1482589391
1549436109
2094658044
2111431604
1968824740
890778020
873992612
1947807924
1947939013
1880764726
1895437094
1891616294
1891421718
1888792078
1368689166
1402768142
1452247886
3603860815
3595472335
3726550365
3726550101
2671702133
2642407479
2625237287
2633622311
2627461735
2629826151
2633883239
2625429363
2637749585
2637954497
3074096321
3078280401
3076211189
3084480949
3084415925
3218880437
2665233893
2673621477
2669427045
2669567317
2640209221
3181273925
3720200789
3703362388
3705467733
3697074517
3692914005
3693029653
3692968243
3692960035
3716028770
3720165714
3720086850
3455844802
3489612226
3489546690
1207849426
1207858130
1191011314
1190979555
1476191137
1457285024
1398564256
1394472432
1360954608
1897891044
1897696485
1629261045
1629265223
1629326663
1662951239
1646182199
1918287399
4145475111
4145294867
4113841667
4113973027
4126551331
4122293283
3585409075
3585474755
1435897985
1372987777
1096232849
30878385
64436865
64363137
47651713
318195153
308593011
308592739
308576551
308585839
858040175
828688127
813138655
810975951
819364734
1358335534
1349823038
1348774406
1344580102
1344780802
1361508866
1428575491
1433817105
1475756081
1339432977
1341530385
1333682433
1300124929
1300188435
1299045426
1290656802
1290771506
1308597250
1308597506
1342152466
1325243698
3740908578
3665407010
3661151266
3661151282
2587474962
3145375026
3116023330
3099303522
3099107042
3103307491
2826498789
3107509221
3174683120
3157938592
2889495968
3162189280
3178899952
3187284464
3187350992
3183156673
3216586051
2679714118
2644078918
2644070870
2644071911
2631425509
2631407845
2623019093
2625313221
2356817349
2373594567
2549818870
3338219702
3338342591
3338277055
3338342847
3330044847
3323786159
3340026847
3289686287
3423921422
3428182278
3432507654
3434539523
3434539538
3438698034
3380561682
3414049026
3422445890
3422449746
3422245218
3422115298
3422115810
3422123955
3422123923
3388503955
3380114865
3380112545
3363323057
3359316112
3359324656
1215900640
1283141360
1298822848
1299072704
1333740480
1333055857
1333044513
1314169889
1314237744
1314303232
1316396288
1312198400
1310166801
3457519411
3457523298
3474974290
3441353282
3447636562
3720069986
2629402979
2629350756
2646124580
2650318900
2637735940
2637936708
2637883844
2621059060
3709600484
3713807073
3714003683
3722392290
3583840610
3587506258
3581362178
3577148418
1429645315
1194764291
1328986177
1300203985
1568643539
1566328243
1562116515
1545343394
1551639458
1551770274
1576937138
1576939138
1342144130
3472687042
3472735571
3468532753
3467427121
3471617568
2414652961
2372773409
2624452147
2632962866
2629812514
2629648482
2627223650
2631405666
2354590050
2350592322
2352624899
2369404163
2407209265
2415605793
2411345939
2411411523
2409200962
2409166146
2375586642
2375582562
2379977570
2379985762
2371609442
2373576306
2407132755
2402942675
2407259859
2407161793
2407222721
2379832467
2379775139
2371368115
2371425427
2371556497
3445301425
3436929505
3436930545
3436836337
3438870001
3447253489
3447437777
3476725699
3481182147
3464468435
3464344051
3462176993
3327959265
3344937200
3612775888
3614875600
3581910640
3577585264
3577716304
3577738816
1430218240
1430205233
1430196515
1434387491
1441598498
1437415474
1438591058
1308567746
1308507586
1341527938
1339490947
1335181955
1335214835
1334899427
1339074403
1341239091
1341373715
1332972817
1299289393
1295103280
1293006128
1561834800
1568128048
3749166192
3614940272
3611264080
3611149392
3611252048
3611235185
3514774113
1375544035
1354506978
1354506982
4038866662
3504080886
3504099294
3511482822
1363999046
1363970374
1413844230
1141765890
1141728002
1141777202
3428721458
3432932146
3432670002
3451541330
3417956162
3422149570
3396979266
3396991570
3396988530
3396955762
3413727074
2339918178
2339926114
2348310626
2346311762
2346378323
2312819923
3453732081
3453605361
3447576016
3447707024
3447702928
3447709616
3445587888
3445451696
3445451665
3447716753
3447652243
3456030595
3456095106
3455964034
3480613810
3479560930
3462788067
2397434851
2397427507
2389497137
2389503265
3480022305
3480087857
3748592644
3723217924
3714636852
3715693668
3715882485
3715812821
3715814867
3749705171
3749700051
3747471825
1599992272
1608376816
1608446832
1608439600
3749565744
3745305888
3745308960
1564270625
1564403027
1568602055
1568589510
1576980103
3722038967
3722247911
3724341093
3707563877
3707528997
3699123463
3695125767
3695056194
3443393890
3489006946
3484878194
1320490322
1320497491
1320493889
1324819264
1341608768
1339279184
1339148144
1339144176
1339139024
1330881232
1332975312
1299420883
3446902483
3429076722
3424750562
3425803234
3694177906
3710955090
3715229186
3713262098
3713254178
3755065634
3754980386
3754960934
3671074903
3661834307
3678550483
3678602723
3644916195
3636531639
3636548054
3703595478
3703629298
3435163122
3435162098
3435228147
3435297779
3435280977
3436322321
3436252689
3295678225
1144208657
1144405011
1143342083
1147536386
1164379138
1173312514
1206899778
1206895682
1341099474
1341099506
1340971506
1315813874
1248700786
3396184434
3404708178
3404699698
3404700722
3404315698
3404327985
3674078224
3673998624
3674002720
3663520096
4211426132
2063987708
2063721468
2063655417
2063655291
2067854395
2042647611
2038518809
2105767176
2093119240
1950506776
1950436920
1950373400
1883338568
1883362632
1883489608
1879295448
1883619800
1346687961
1355596729
1351467705
1351471803
3498824443
3498768107
3503208042
4040077162
4032671546
4032605978
4032608010
3491534090
3508503818
3542013214
3525195038
3525186878
3525182758
3537835302
3533517158
3533533554
3532517698
3532517699
3528298819
3255801155
3272581059
3272597459
3272310482
3255533170
3528163170
3536551778
3532226018
3263921618
3280666050
3281780162
3321609666
3304717778
3303669203
3320446385
3320446368
3613982624
2541285280
2470014896
2436595073
3510245825
3493468659
3497736499
3506120978
3501795603
3516411187
3549965601
1406678049
1120416800
1120410916
1137184085
1103628614
1078512454
1074367302
1074367318
1074370930
1154006370
3297291362
3297291507
3297295600
3318258864
3574114464
3709511808
3745160064
3610938000
4160392944
4072326752
4072195363
4067976226
4080544802
3510249490
3492419586
3492415810
1349126771
1890388577
1907890721
1922580000
1384670721
1384703746
1384694786
1107852322
1124674658
1091176530
1074403650
1078606402
1351236163
1351171697
277362272
9188064
13402864
824308
1343074741
1343010229
1343004055
1359845783
1380948357
1380890757
4065245380
4061046980
2987306228
2987319804
3004097276
2983125740
2962121452
2962035435
2961970922
2966166202
2420644266
2434275498
2472220842
2463766746
2463790282
2459624458
2459624715
3537610043
4074615851
4082930735
4061959199
4062023758
2450493646
2449954030
2449937646
2449874406
2449881830
2454596198
2429430310
2425826838
2426355206
2428444167
2159836741
2159836916
2164021988
2154302180
2150107876
2150317028
2151557221
2151558181
2166303767
2199727110
2186095622
3268226310
3264044294
3264023575
3264152613
3268293732
3268288628
3259900228
1112417100
1125061196
1091371608
852568
868872
874248
882440
269284632
273481016
810343704
806147160
806147160
822924488
822997192
860877208
827322808
835580344
835580345
819967417
819967929
283097016
282572696
282441624
276150232
276144600
1374003544
1374003481
1407694138
1399239978
1399240042
1374074858
1357821914
1354666890
1354728330
1356829578
1348309946
1344123310
1361032687
1930884607
1914076533
1916169575
1916759335
1920955683
1929343250
1929343234
1392505090
1392505090
1384052050
1400790866
1400512322
1400512019
1383800609
1392082721
1392014624
1392010544
1392082241
1140546881
1132157379
1094392259
1077623122
1081809266
1085872498
1085881826
1085812194
3233295778
3231194530
3226995122
3221768594
3238582674
3242785170
3284695442
3280484786
3281594802
2207984034
2176526818
2176461282
2158705138
2158705043
2162784643
2162784641
2162743732
3236485540
3228105124
3228105124
3223910820
3240753588
3240851924
3240847700
1126918421
1110010645
1114138903
1122597143
1118402871
1118656823
1122851125
1122965780
1122912580
40782148
57559508
53431285
19889109
19884999
3107271
7207239
15522167
11327863
15595893
7338357
3012981
3012981
3012981
7141751
7133671
7133671
23910903
292395511
334084599
334084469
300530037
65648949
57260341
36419895
36698391
36526358
1114446134
1122965794
1118706466
1135491874
1085160210
1086208259
1084098819
1082984705
13371696
4999456
4999520
842080
17619428
17627637
51247575
51247574
51247574
1095629270
1099823574
1099823606
1099823478
1099955574
1099955574
1099955575
1104149877
1104002421
1095612916
1095629812
1095629140
1095760212
1108343124
1108277588
1108278612
1108311381
1112407383
1120785878
1116722678
1116657126
3251549686
3226383830
3222181318
3225793990
3234119126
2156182006
2156247542
2156378614
2156391894
2156391895
2177365981
2177365981
2177201021
2177201005
2211804013
2178250089
2178250089
2180283755
2163506555
2155109754
2155105626
2171936026
2167813914
2205557530
2188780314
2186752778
2197106954
2197558554
2197554491
2189184059
2204982617
2205146457
2205154633
2206201161
2206029145
2206029147
2204071259
2204004699
2170450299
2169468282
2177725818
2160874875
2160907627
2161956715
2178734075
2178742267
2170404827
2203959291
2203959291
2203959289
2455748600
2524954072
4152212696
4286430424
3979851000
3963073784
3963072760
3963072728
1813418216
1813419496
1812901868
1817178092
1825373135
1833761231
1833757005
1766844764
1800333612
1783548204
4006595388
4006398748
4006406668
3998083612
3997949500
4010528317
3876310591
3842764335
2774126190
2910374766
2909588350
2909591935
2909665663
2909665663
2909534591
2909395455
3983137279
3983145471
3983374846
3983505918
3983505662
3916126462
3983235326
1835751678
1835759806
1844082878
1845131422
1845389471
1843358109
1843390877
1875770332
1875762012
1858460444
4005947932
3997559324
3997559356
4010139197
3976711743
3982481967
3982346791
3967601254
2909588342
2909591927
2909665655
2943220087
2944268791
2944391671
2910845431
2910579191
2910845431
2910837239
2910702071
2910706039
2910714231
2910714231
2910714231
2910706039
2910714231
2910710775
2910714359
2909657591
2943212023
2943212023
2943212023
2943220087
2952784255
2952788351
2818570621
2785008479
2776628095
2776492927
2776488319
2776484223
2943211902
2943342974
2943351166
2944268638
2877290879
2843736567
2843703799
2843048437
2842156021
2825386965
2842032629
2843081175
2840979927
3914721750
3914721750
3914856950
3914848502
3923237110
3923114134
3956799671
3956799669
3956730005
3956734356
3956734932
3914791636
3981957716
3981834804
3983862324
3983932197
2910178101
2909129013
2909129013
2909133687
3983006583
3983006583
3983006582
3982874998
3982817558
3982878998
3982981182
3982972990
3982972990
1835497534
1836021822
1836021887
1836021887
1844402271
770594911
770594911
770660439
804247893
787470677
787478869
1861089621
1861221204
1852832340
1852799573
1852791381
1852791413
1852537461
1860794999
1860795223
1860925767
1860860231
1877670215
1869347143
1869339479
1835662167
1818885111
1827273719
1827265015
1818876406
1751776342
1747677254
1747546206
1751724142
1751920746
1760301291
1777147129
1793792985
1793817304
3937131224
3937008344
3938040536
3935874760
3918045769
3901268555
3893011306
3893268842
2819522922
2819476590
2887567471
2906507389
2876201308
2859359068
2867821148
2867813981
2867715709
2867656447
2867652350
2884429822
2834126334
2825868798
2825870842
2821684698
2821684698
2821535194
3900454362
3900519898
3908904154
3906938074
3905891547
3905906891
3905907147
3922192793
3951557017
3951532939
3934764939
3930371722
3926188682
3926188702
3942839278
3947021166
2840838951
2851196199
2851200273
2882660609
2874273041
2874406193
2873348401
2873180453
3913367861
3913371965
3896603965
3896605977
3896604953
3896998265
3905386873
3922184665
3922708937
3922590153
3914196109
3914129567
3913670911
3913806062
3947024870
3955409766
3938632503
3938697747
3930121751
3925927431
3925928735
2852387631
2856831339
2857748843
2866629115
2866772443
2866638283
2866669003
2883576283
2883515371
2845819882
2847262702
2834679295
2826302975
2822108671
2822102522
2822233594
2906126586
2906126554
3984021978
3916913114
3925047643
3958602073
3941825816
4000541976
3998444824
3998317880
3998318392
3998449464
3998703164
3998633500
4009156108
4009221709
4026387295
3991783775
3966753103
3966753103
3966761343
3966630767
3966630783
2892889983
2892890111
2892890111
2892890111
2825780735
2825911775
2825901535
2825672175
2825679338
2825679338
2825147898
2825353722
2842130939
2884073979
2863134809
2864183385
2862082120
2861952264
2860900617
2881938235
2835796523
2835858986
2903887722
2903887726
2905917822
2942654814
2942654814
2926017374
2951183230
2951740286
2951609215
2951609213
2918055773
2901213020
2892890108
2893938684
2893938684
2893404668
2893404668
2893412860
2893380092
3900014045
3900014047
3915214239
3915378079
3948935359
3948935423
3957324031
3939498461
3939494237
3939430165
2857365013
2874535445
2874469941
2874466085
2874462055
2882652535
2884749655
2874403159
2874403159
2840848759
2840853367
2840845175
2823936375
2823937367
2840722775
2840721791
2840975743
2908084607
2908223871
2910804351
2910669183
2909620607
2909363679
2909404639
2910453215
2919230975
2917133823
2916997631
2915420639
2907031903
2907176319
2940726655
2873617759
2873616735
2874665343
2874657151
2943699327
2952091999
2818522589
2817992157
3889637373
3824629757
3791067133
3774156799
1626671615
1622415870
1620326526
1620392030
545601550
545532942
562850894
596415566
600609999
592288991
592297182
588102910
571316479
571447551
571381869
570857517
570866732
570883116
571407404
638483500
642677804
785005853
786046797
721034061
721099597
719921119
719929311
736704414
703281038
686372766
686372510
686374558
682179230
682433182
683481818
680868602
684994554
675556730
675292523
675293035
2042762857
2072125033
2072059480
4219492936
3665885768
3665865480
3665869064
2592128024
2323758136
2340664376
2340607016
2344803369
2344750381
2344750895
2413234990
2413103678
2413088318
2681519742
2681577086
2683803262
3115816542
3120346702
2851380814
2822020686
2822093391
2822224477
2820586093
2820578157
2820581741
2820598125
3911052381
3915381855
3948903935
3948903935
1784643071
1784625535
1784486013
1784486013
1794971773
1862212733
1858018397
1857961055
784231503
784227407
784222542
804997598
737876446
695942622
695942550
690699654
673914262
679288502
678770358
687158942
682833550
680738510
679558862
947923674
947923546
947923547
952134235
968925017
692098521
1774302681
1774302680
1774302552
1774305112
1765915448
3909204536
3942758968
3942881816
3942817336
3942815272
2869073448
2869084968
2874656553
2840937837
2851423741
2901874109
3967229365
3832749495
3832749495
3765516695
1615931798
1624320150
1620125846
546519254
546388054
563162118
563358726
596913158
597445638
601738263
592170291
592173367
592009527
591944055
592009591
592083815
583957349
583892853
583819093
600637405
600702429
600701437
592312829
592304637
558750175
558889471
558889471
558627327
558455166
554244478
558578047
558579519
566897455
566963007
562653759
562592535
566811399
566876934
566876438
558471446
558471446
558471446
558603318
558611510
541830198
541830454
608804214
608931191
608947061
608893796
621488756
655043124
654977588
772418100
776677924
801713972
797450004
629675781
612919111
612990807
613023319
550034135
537451223
554289879
571199351
575325557
583697781
579507543
596158039
566804063
537431647
537759454
537906942
806287014
1892676262
1892644790
1347367810
1414477186
1422865554
1418667170
1150100643
1166943363
1334719683
1334723779
1314780659
1331689459
1327494643
1331688915
1331688919
1331557847
1331557847
1331556855
1331294711
1197077495
1197209591
1197471191
1199560151
1199429079
1199437301
1199437301
1165881845
1163784692
1197330932
1197330868
1197470644
1197471669
3336566517
3336566487
3338655447
3338262103
3271095927
3271091831
2196365935
2213147501
2213106541
2214150525
2180739421
2180641117
2163863925
2163798373
2163798375
2155409775
2155467119
2172376415
2172310863
2268788687
2268757967
2273009501
2272869180
2272803132
2407086396
2407087388
3454604572
3454734620
3450540317
3450810718
3450302718
3451187438
3446714606
3624960238
3691035870
3691030733
3691031373
3691031116
3712195276
3720517325
3754070735
2547438494
2530625454
2524923310
2524790190
2540649886
2540582278
2507105734
3563971030
3563975127
2490356823
2960104471
2960111671
3043993879
3043469845
3077028373
2787481109
2789069367
3862811255
3997004519
4009521575
4007411879
4007412903
3998555287
3994432647
3994443975
1846730951
1743970407
1689505829
1687175173
1682975749
537995525
538065669
806492773
861014373
1924271415
1924547591
1924580356
1924645892
3537153316
3528780068
3508330036
1343030976
1355679360
3500020352
3499766419
3567194786
3569103266
1475617954
1445203106
1445345474
1445084162
371401730
371220498
388030499
358670375
362917927
368107541
80802821
79748103
79863559
76717895
1154932295
1155452486
1173933654
1165623254
1199175158
1199175158
1199165782
3346911574
3355308406
3321753974
3321881446
3321226086
3319129063
3319134199
3352680373
3612726676
3612736924
3612736924
3608540604
3608655292
3610621436
3614815740
3615332220
3547199348
3547199348
3547293557
3547228151
3547224054
3555608550
3555657702
2460829670
2464970102
2464998719
2464998717
2465003325
2464999229
2481776445
2448291645
2448086837
2422916405
2422916405
2491139445
2491139445
2507920725
2507896149
2541446421
2540430645
2540434741
2540435249
2548815667
2548684567
2682871127
2675514710
2407079382
2373533174
3443211766
3447395830
3430551958
3439006198
3304665334
1152987391
1157116029
1157135420
1417198620
1433971992
1463395609
2000396299
2000336139
1964674314
1963690842
1896647403
4077161129
4144340616
4144427656
4144128908
2537710509
2680562605
2642747877
2642683877
2642682343
2626101575
2492342343
2493382711
3317235743
3250139407
3254336795
3274263355
3274300283
3257645531
3258689675
3527191689
3527180425
3527180424
1377735064
1465836184
1423598268
1419388589
1421487783
1421426342
1424764902
3571720422
3580170486
3580194902
3575767127
1461760021
1462809877
3346050836
3486558740
3331570196
3333602068
2260138292
2255903028
2255357236
2238513172
2230260503
2226000386
2360226418
2360100834
3433843106
3438037154
3425499314
3441817746
3475432578
3475431810
3476480898
1561784962
1438959266
1417997986
1417964454
1418017719
1434859909
1473657222
1180046726
1110835334
1109528774
1109594454
1113592102
1139073326
1084530990
1084529978
3232209212
3232602396
3320625420
3341593356
3341524492
3341464076
3307917828
3228226068
3236577829
3236758307
3228311843
3228374322
3229488130
3296601154
1147016514
1163873746
1163877842
1092572626
1094669762
1094702530
1098510803
1098510835
1098641907
1174131699
1173977075
1173976947
1174009651
1165612850
1165612338
1098511730
3245991282
3287922131
3287913939
3271263697
3271268304
2197533392
2197533392
2197394160
2192175840
2196370085
2196301477
2196303781
2204684199
2204749223
2204718519
2204726743
2204721623
2171167607
2171335479
2439771447
2439615799
2439560503
2439625783
2439756823
2976562455
2984940823
2976618327
2972317663
2972317695
2973333503
2973579183
2973578671
2986149295
3015511535
2982092031
2444967117
2443912261
2447975749
2439718213
2238389590
2246778646
2246777654
2246646582
2246647094
2246653238
3320524822
3450548438
3450409142
3450368189
3454591164
1294508188
1294500060
1295625500
1295755548
1160489228
1143662861
1097788367
1101680271
1101678221
1101726348
1105789580
1105937084
1097520044
1345040876
1344847660
1344846636
1344842521
271362571
288267786
288003598
287998478
288015134
287981878
1361604647
1365794855
1374217255
1370149941
1370145797
1470775367
1207583175
1207452038
1207452342
1207662247
1174107815
1174089463
1173893063
1146891719
1146910199
1146909175
1146909042
1146974578
1149202802
1165947346
1165947347
1199560147
1199429075
1199429107
1199437233
1199437233
1199175089
1199141297
1199141873
1199141873
1165718257
1165719155
1098479411
1098413875
1098409234
1098462482
24850754
33231187
33247571
16478577
16511856
1090246480
1090492180
1098751252
1132238900
1114422324
1177332756
3329074501
3337584966
3337601654
3333079782
3333079782
2281235174
2247680758
2239357766
2239484871
2273038807
2272916983
2272916983
2272919031
2273048023
2273007063
2205898198
2482591230
2482533823
2482533807
2482599343
2482585087
2474188287
3514374527
3514383165
3548069693
1374368029
1374368060
1365840188
1344852024
1345966136
1343795512
1343798072
1342736952
1393068569
1443469854
1443584590
1309292110
1310339398
1314525270
1274687718
3366592738
1219174482
1219092482
1220259073
1220188688
3367733840
3707275984
3743977424
3727209904
3727270832
3660231557
3727315591
3727312582
4264185574
4276644198
4289227246
3887619311
3887645901
4156088520
1966657736
2101027032
2100961656
2100963128
2134518312
2129291816
2124991277
1857866509
2126035213
1989707023
1984594767
1447732174
1427825094
1410998726
1547313654
1551438310
1559957990
1555631975
1553467941
1553480229
1574451717
1310259973
1309182213
235572229
235569159
240816198
171618371
154853488
138109024
1211834593
1276781283
1280972514
3436906146
3432734338
3350941314
2260257410
2259192530
2192150242
2460597987
2528685923
2511908451
2499325473
2486738481
2620955249
2619989619
2636865107
2670450163
4285068512
4289315936
3988446272
3987389440
4243237888
4230652992
2083168368
2099961920
1999249601
1999245507
925499811
896074407
816320229
816320109
817371757
817380877
284700175
272117070
272518286
272506014
289282238
327039134
309214606
313464478
313463485
313348796
850170524
849654508
577020716
572826412
589606700
556054796
589604877
572823559
572885014
573555718
573440022
573177894
573179110
598359783
564857397
548085253
547956245
817373701
815276557
278405645
281559893
273468903
273467895
273471987
273471603
269342739
286160899
302916611
303964419
308179715
316592675
311214819
311198371
315392678
290230950
273454006
806336438
810269590
810269079
818657717
1892661428
1934530692
1913038980
1914102916
840311236
571605765
573702695
577839654
602939942
564143910
548416814
565463310
580159502
583829517
575506509
1649383548
1649129596
1644869852
1644869852
3796548828
3779788253
3771366365
3771349735
3771348711
3838452455
3829932782
1946690270
1946689998
1950884094
1892492526
1351420118
277612742
277366854
9029698
13303106
13268290
4858178
5910787
16388435
16389985
16398177
7939937
7874369
24642497
23658945
23941457
57505137
57505139
57505139
23950707
23950707
23950707
23950675
23950675
23951187
23942995
24074099
24082291
32372083
32371059
32371059
32371059
32372083
91092339
91092339
91092339
91092339
91092339
91092339
91092339
91091315
91091315
91222387
91222387
124776819
133166451
133035379
133035379
65926515
65926515
57505139
57505139
23950675
24082259
32470867
32339793
32339825
32339825
23950705
24114545
24114545
23983473
23982451
23982451
32371059
65925490
57537906
57537906
57668722
57668722
57537906
23950707
32339315
32371571
32355185
24097649
24098801
57653233
57523697
309180913
309180657
841857265
841858257
573551825
573550673
573485169
573485155
573485155
573436003
644668771
661510503
627964279
627964279
627964279
627964279
627964277
627964277
627964277
627964277
627964277
627964279
627964279
627964279
627964279
627964247
628095319
628095319
627964247
761657719
796260727
796260727
796260727
796260727
796260727
796260727
795212151
795343191
795343191
795212119
795736439
795736439
795736439
795736407
795736407
795728247
762304855
628087127
628087127
611178839
611187063
611187063
627964279
627964278
627964278
661518710
661518710
661518710
670038358
670038870
669907830
669907831
669907319
669907317
669907317
795736437
795736436
795736436
762182004
762313044
762313044
762313044
627964245
627964245
627964279
661518711
661518710
661518710
669907318
669907286
670038358
636483927
628095319
627964279
627964279
627964277
661518709
627964277
627964245
627964245
627964245
627964277
627964277
627964277
627964277
627964277
627964277
627964277
627964279
627964279
627964279
661518711
627964279
627964247
627964279
627964277
627964277
627964277
611171188
1684912756
1684912756
1684912756
1684929141
3828218485
3828218487
3832347239
3832347239
2758605415
2758605671
2775382391
2775447927
2775447927
2775447925
2775578999
2775578999
2775578999
2775447927
2775447927
2775447927
2775447927
2775447925
2775447925
2775447925
2775447925
2775447925
2775447925
2775578997
2775578997
2775447927
2775447927
2775447927
2775447927
2775447927
2775447927
2775447927
2775447927
2775447927
2809002359
2809002359
2809133431
2809133431
2809133431
2809133559
2809002487
2809002487
2809002487
2809002487
2775579127
2775579127
2775579135
2775579135
2775448063
2775448063
2809002495
2808478207
2808478207
2791700991
2791700991
2792225279
2792356351
2792356223
2792356191
2792356191
2809133407
2775578975
2758801759
2758801759
2758801759
3832543615
3832543615
3832412543
3832404351
3832535551
3849312767
3849312767
3849189887
3849320959
3849320959
3848796671
3848665599
3848665471
3882219903
3882219903
3882219903
3848665471
3848665471
3848796543
3848796543
3848763775
3849280383
3849280383
2775440127
2783828735
2783828735
2783828735
2783771614
2783770974
2775382367
2775447775
2775578879
2775578879
2809133567
2809133567
2809133567
2809134079
2809134077
3882744829
2809002973
2809002845
2809002333
2809002365
2809002365
2809002365
2775579005
2775570813
2775570813
2775579645
2775055357
2816867197
2816867197
2783312765
2783312733
2774923613
2774923613
2774923645
2775054653
2775046527
2775046527
2774915455
2775439743
2775439743
2775570815
2775579007
2775579007
2775570815
2775570815
2775579007
2775579007
2775447935
2775447935
2775447935
2775447927
2775578997
2775578997
2775579517
2775448445
2775448573
2775448573
2775448573
2775448029
2775448061
2775448061
2809002493
2809002493
2809002365
2775447935
2775579007
2775054719
2774923639
2774923767
2775054847
2775054847
2774923775
2808445431
2808445431
2808445429
2791668149
2791669141
2791652789
2800041143
2733063351
2728605878
2729654454
2729654454
2727508118
2727505030
2748476806
2714988422
2698477462
2698477463
2689695639
2689955799
2692048855
2700424183
2700424055
2700424055
3035965271
3034920791
3051691799
3051691293
3085245725
3086974221
3086974221
3086972173
3086996749
2516578381
3573543261
3565023605
3565024629
3565024629
3565149477
3565150069
3573536629
3581802305
3615486401
3598709185
3598701013
3598668773
4135409639
4135540711
4135542775
4143929303
4160714694
3623711174
3581702646
3581702638
3564990959
3565106687
3565106527
3590288735
3590157661
3590092159
3590157663
3590192479
3590192479
3573407103
3564950911
3564958079
3565023583
3581931853
3581858141
3581858173
3615389037
3615452525
3615321469
3615358431
3581795679
4118660447
3028064095
3036452703
3053238079
3051206205
3076503101
3059676701
3055546965
3072160341
3072078581
3044815335
3053195430
3032219814
3032306918
3053352150
3044963535
3615384655
3610670415
3610765069
3614828317
3581368189
3581891967
3581892063
3581900767
3581892574
3615310814
3623703518
3623711711
3590185439
3590189439
3581735215
3581206573
3581276221
3581408349
3581932877
3615454669
3581763037
3581759487
3581888495
3590281199
3590157311
3590157151
3589100303
3580711695
3580719935
3580716335
3581766959
3581901183
3615447519
3615448543
3615348175
3615343055
3623732191
3623736319
3623740287
3590120303
3590119789
3581731181
3581796717
3581933053
3581900253
3579739613
3581836765
3590281181
3623835485
1476220189
1442648351
1416368415
1412175159
1546466614
1546610486
1551822646
1560272502
1560254163
1610594179
1585348995
1585348995
1584890259
3732378083
3732252131
3732202851
3748980583
3713394487
3713455895
3716077333
3724527381
3724529941
3758084373
3749695765
3749695767
3716108599
3715978551
3715700071
3698925031
3696852471
3713630199
3722051511
3722049413
3621377413
3621638533
3623866773
3623866805
3615355301
3611091365
3611124151
3611259831
3615421351
3623802807
4159686615
4159493463
4159503637
4083985717
4083985701
4083924285
4083850525
4134245661
4134113557
4134072629
4146717031
4113264999
4113187303
4096655846
4100851190
4042196471
4038006231
4109182919
4109182918
4109182678
3572307687
3573290727
3573290967
3572266951
3589105103
3614270925
3606017485
3606005199
3606005215
3622663663
3622659567
3589039599
3589142015
3580744063
3580227967
3580191037
3580326207
3521474847
3521467711
3521475903
3513597310
3513728510
1367301630
1367299487
1367299487
1367332301
1375598029
1408103885
1408087389
1383051581
1382920509
1399697727
1399697727
3513774399
3564098879
3564098879
3564098879
3564066687
3581892575
3581888471
3590277077
3590281181
3590191101
3590187005
3623745501
3615356383
3615340415
3615471487
3615463295
3615332151
3615340343
4152209719
4151308567
4151243031
4151243126
4151243110
4117746022
4118795367
4118639719
4117331319
4117462357
4117331285
4117329749
4117493493
4126136053
4160604117
4160607701
4160615925
4152227317
4152226933
4152357975
4151309399
4151309591
4151276823
4117722391
4117713207
4126102391
4125954943
4109186047
4110170079
4110227423
4110376959
4110384127
4110286751
4126998429
4118345165
4151898575
4150907343
4151308671
4151310127
4151174959
4151181103
4084072223
4084071711
4085110143
4152348791
4152316151
4118696439
4118688247
4118684663
4127142775
3590140791
3590074727
3573298549
3573364053
3573505365
3573111293
3573119997
3572105183
3614179279
3597400014
3597652942
3597652478
3597529582
3598049647
3598049407
3614831967
3614831965
3581273397
3564627253
3564631861
3564623669
3589756775
3590276983
3623834999
3623876055
3623867863
3615479255
3615479255
3581924679
3589264727
3589133623
3589076263
3581732135
3581797687
3581801791
3581793663
3615315311
3615317373
3615446365
3623834957
3615446349
3615315229
3615323445
3590289205
3590289175
3573543699
3573412627
3565007219
3581776371
3581842883
3615397315
3615393731
4152336339
4152229875
4152162279
4147963367
4152124903
4152194407
4152194407
4160573799
4160517495
4160583031
4127028567
4127159639
4118771031
3581834567
3581834567
3581891927
3615430007
3622638967
3622647159
3589109111
3589232471
3581892551
3581900743
3581896647
3590313415
3590178263
3621639671
3621551461
3623645157
3623692279
3615438807
3615429527
3615425462
3581874614
1433276806
1441665478
1156518230
1156412727
1156343079
1155818789
1156899117
1148580109
1148637965
1148634893
1163284285
1196755773
123148573
90122501
90126613
73211185
73138481
73203985
75370753
75395345
209608961
208598017
208521233
204261489
204314993
208649203
233813731
263168739
111977395
116174979
376209539
371823763
304856241
1378613425
1378777505
1382951649
1391340065
1387081249
1387012657
1392255521
1383866657
1394352433
270270481
269287505
273548481
281943489
9321921
9320261
9188213
25965119
63771151
39727627
56504843
56571451
64765739
64761643
31247739
81563083
83795403
82681227
82621882
82621882
74232250
74428858
86946718
1194242958
1445900686
1446945174
1451139494
3598688678
3606881766
3606947302
3607090687
3607021567
3615356669
3615287021
4150060777
4150064873
4150122473
4150089577
4124931453
4124861821
4236108829
4235719709
4101493791
4101493855
3564557663
3579245910
3747017686
3755471830
3754259446
3603264374
3604281326
3621574638
2547898350
2516539358
2508160990
2508019678
2505922558
2505921535
2505929599
2547905375
2549998589
2516445181
2516579837
2516573693
2508053981
2508053981
2508051933
2508191199
2508181983
2508182495
2507928575
3044799485
3044665341
4118377981
4118377949
3548083677
3548077565
3547946495
4093214143
4093474239
4092557215
4058870687
3521999261
3522032029
3522163196
4050252284
2976429373
2976431933
3043601213
3043732029
3043736125
3043737117
3043743260
3043676684
3077460557
3077395189
3077313445
3085697191
3085698214
3085700262
3085835518
3085855950
3052301518
3043683534
3043683790
4150910463
4150910463
4150908895
4150908895
4117329911
4117328343
4117455319
4125848055
4159394167
4159264103
3605624119
3605619991
3597495575
3614440727
3614432567
3580878135
3580876119
3563574743
3581400535
3581408725
3614954965
3614823893
3613783541
3613783541
3613914485
3613906293
4117223285
4117100405
4117096309
4117624343
4117624599
4117616407
4117624631
4100978487
4109358391
4109227287
4126004535
4126014775
3580755239
3749535031
3732737302
3732872466
3732880402
3728682002
3678086194
3644461106
3639218514
3635020738
3635020434
3635135105
3634923136
3635187680
3644631908
3644632868
3711217260
3742803692
3746996908
4291207836
4291086271
4156863918
4148665518
4111387814
4111387798
3511602310
3514746055
3514754503
3513705845
4117755189
4117746999
4126135607
4126135671
4126012759
4159566166
4151144926
4151267839
4147073535
4151121405
4117569517
4125962221
3589091197
1441611277
1441611277
1466709765
1466709269
1466774839
1466790195
1466953779
1466880051
1433309443
1433309507
1433305987
1156547459
1424851603
1424872115
1424880613
1417470821
1417438509
1417422125
1417424173
1417493805
1434400057
1434391819
1434191115
1434191115
1467827515
1475272491
1455095659
1455091693
1454958493
3606639500
3594027916
3594171292
3576361917
3559846845
3572430247
3572497766
3572301158
3571739942
3747884326
1579494678
1579552006
1601047810
1568539923
1559700833
1559306720
1291002864
1307915216
1339306896
240447936
239378880
247767412
1187294516
1184344892
1168026143
1170127486
1438419946
3556542954
3541861802
3541860746
3609100682
3611222430
3615417327
3623805949
3623773149
3622696925
3614242295
3614244071
3580493031
3580620023
3505092055
3505288662
1357846422
1349326774
1349270950
1433157046
1433353654
2004762038
930559479
871699255
870675255
937489207
937734711
895787574
874811958
874881590
875012670
1949803310
1947636974
1959169199
1971767469
1434896525
3616984205
3621187021
3730730445
3730661373
3730661247
3730775934
3738902334
3690665758
3690672926
3655938334
3655954750
3655921967
3655921965
3648557549
3648565756
3646464412
3713574332
3713580220
3713661117
3715815613
3715784079
3715784143
3589949406
3590145023
3590091775
3590087647
3581731677
3581802365
3615487836
3615424284
3615424284
3623353629
3623345437
3622163741
3614295421
3581892095
3581810655
3581810686
3581878270
3313311734
3447537526
3455926070
3489081142
3488952598
3451138326
3367268406
3367018550
3367018789
3367281956
3371482212
3359083732
3661008004
3659435140
3659441348
3658392772
3662458087
3739020782
3747505646
3715790814
3724167134
3589931775
3585802943
3585619645
3589826493
3581437884
3580450781
3614170589
3614088543
3614162206
3614027070
3613959455
3614024991
4142503197
4276716604
4269376556
4265202732
4265308212
4198174741
3676967975
3626643814
3639214806
3635020486
3634968198
3634963126
3634897638
3450348262
3483902831
1340612956
1340743688
1164575752
1160259608
2635816
2689304
2759624
2759304
3739272
27001499
43807403
46953129
46953129
38597545
35434925
41726447
40669494
40206646
48734510
48668958
15118606
15118606
15106826
82724618
82576170
83633961
77341992
81470744
98176264
207099928
202922296
137926920
137935112
137923848
141394203
140804187
404787327
438407391
438472901
438481093
437434595
436447715
977316322
977316322
2051056866
2046943430
2114060422
2131624350
1968841390
4103742126
4103810734
4103805594
4105706123
3566738107
3499633065
3503877561
3502818441
3494416840
3490287992
3507204472
1394254104
3525026589
3524850223
3528999470
3604677246
3604624382
3598328318
3598328030
3589939406
3567910986
3300590602
3299423514
3299354410
3299356203
3236440619
3229100859
3245869371
3245869563
1096355225
1104745624
1104744856
1103696312
1103704488
1095721384
1074766248
1342681320
1342275896
806391096
806394152
829466664
867272713
850626570
844267530
1914060810
1930821642
1899888746
1899902314
1895706218
1891510906
1891315274
1371022922
1402475082
1132986970
1200116458
1200158698
1468596202
1422442474
1422507401
1552525208
1552528060
1556718244
1544397488
3691352816
4227957489
4244804082
4261588290
4261587206
4005726486
4001536790
4001536566
2794887726
2791087914
2790819115
2776137768
2774179880
3881476136
3877281816
3976982584
3976949800
3976868968
1812600044
1812594917
1813644726
1818169270
1828657842
1822890674
2124880530
2125930131
1452741251
1452614273
109322881
39129989
53875589
3021711
1081072540
1089309608
1353488808
1894562216
4029460456
3761013256
3798761992
3806626344
3806634537
2720309806
2720326190
2720870958
2720858414
2720727082
2716467354
3769237658
4037685402
4037686427
3567987848
1424494024
1143482696
1143662600
1161406728
1194895625
1190706954
1186562890
1186694090
1337693147
1336656875
1307300841
3446367081
3446300969
3446334761
3454723353
1307219209
1307214857
1307214857
1550484553
1546355785
1546228809
2099813400
2133572665
2134813993
1988011307
1988092206
1983390010
1983381594
1915289962
1915355498
1911175018
1890201198
1890204238
1891314190
1891118607
1893262877
1883799869
860389405
843812991
839487590
1913180262
1929957862
1929991150
1930043118
1934244590
1909078702
1401567934
1384790926
1384855949
378026380
379075724
515650748
510931116
522457276
472011020
472052236
203612680
207938090
216329770
207940138
1214573098
1232923434
1272772906
1268304938
3415786618
3415834826
3384443082
3383398602
3450577131
3446203624
3307855016
3341535672
3341474232
1399503800
1399499448
1937354680
1937281432
1933086856
1395232984
1378398264
1378410538
1378361386
1378755626
1378754346
1407851050
1370098218
1421478410
1151011338
1283984074
1283993227
3431497128
3438855592
3454583208
3446514088
1294242216
1294303656
1563595256
1463002424
1997646888
2010163240
668051512
601077784
587634696
554081288
554599464
554337320
554360872
554393705
554463419
554501306
554370218
592119210
600510395
567230139
563033787
562376346
1703227034
1971617354
1972661770
1974758922
1470393866
3584912922
3719198522
3719193914
3718983962
3719917882
3724103994
3657023803
3646538041
3642343689
3713647945
3713584985
3713634137
3709441883
3711554379
3749303115
4217979721
2146157384
2146161528
2011953000
1735109992
1667873144
1663613256
1663613128
1663613128
1663671432
573145240
573407384
574591128
572444840
571364008
571355816
571413163
575484586
583873258
596456250
547239178
548285706
548286219
888024585
887897657
879509032
879234792
610799528
879300024
887700889
1022049675
1039021451
1055322507
1051111818
1050841482
2124452222
1856024874
1860215594
1864410922
1864547866
4012031498
3945182730
3946223130
2872542762
2870789930
2874983722
2885207338
2885252459
2952336715
2952336777
2952339352
2876841640
3949542056
3915988664
3899211416
1760105880
1760366840
1755582520
1755590712
1773432840
1807020047
1792385038
717725966
717596478
717536042
722254698
789380074
789182970
1862981801
1741346984
1742376104
3824846232
3823739592
3814302408
3808993992
3775443528
3775693322
3809448506
2735715882
2769284842
2769285034
2774358186
2917730490
2913535130
2913599626
2913882250
2946916505
2951202041
2951138328
4020672536
4024870920
4024739848
4016368648
4012241931
3978739722
3912122410
3911860266
3899265130
3907655018
3903459674
3920253770
3920187994
3920114507
3924304713
3978831689
3979046505
3983170153
3857336939
3857210187
3858267467
3791189067
1643696201
1635373144
1633415256
1633415256
1661662568
1665834344
1699388776
1699452281
1699279946
1695080522
1695150170
1829425258
1867141226
1875530090
3955897706
3951765354
3955963738
3956815562
3956813514
3118017274
3120249450
3116046970
3115911770
2576883274
2576889418
2308448842
2308452938
2312647291
2312696683
2314778491
2314769753
2305331273
2305405017
2338959481
2339090553
2339026029
2301293677
2301246831
2301246847
2305441151
2340042623
2348422779
2348421707
2310734411
2310607433
2314736201
2314760793
2306406232
3447232344
3447233880
3447233880
3443039736
3443047929
3443047801
3443130203
3440998235
3478869850
3478787450
3486143850
3486142826
3486077290
3481858538
3385385467
3385385467
3385434299
3377066169
3377066169
3410718904
3406524584
3406443944
3410640808
1230650024
1230711432
1230776968
1226582920
1226125192
1293105032
1293054856
1297273480
1339216568
1341257452
1307635436
1299246820
1299250916
1299250916
1299445456
1341322816
1324537665
1315099985
1315102051
1310776675
1314979171
1323363697
1337061184
1337130816
1341316944
1332993888
1327553825
1327750449
1310913793
1310872835
241390850
241193250
259024227
158360935
141721030
141711814
140691910
140757447
158391271
259059687
242266087
259041007
158578381
141752013
141742797
208852695
208787191
217087847
233863463
267413793
242252065
242448657
242441489
242310480
250705360
267548097
233985475
217241026
216190402
81907170
73455970
73460002
73460514
74709762
74636034
275881778
274775842
274775334
811896103
828672311
560827189
561810229
561547620
540576108
540658988
539614525
539589933
539589927
539651367
544931110
553310518
549034262
546871555
546937155
551140163
542751555
538549059
555458371
588971859
588938595
572144995
574241891
586816611
582687969
597261809
597195205
596147143
591952839
587733959
588848127
588921839
593117167
603667951
599342591
599276751
599275723
599275723
603470026
595139018
595279706
595279482
603684458
598343290
598278010
598252378
602446159
602512223
561617757
561625693
557448060
557439996
557398445
557529517
557463981
629029039
636885423
632494527
632363407
797981069
797981581
802171853
802237436
802368508
1068575060
1039219028
1039351124
493977044
493977028
494009796
494000580
527555540
234093524
234093264
267647696
267582145
267582403
266534355
241434083
241237475
241237475
241236435
241433411
258145091
266500931
266566450
266435362
266500370
241334530
241326082
241391938
249583970
266369378
233863522
217217346
216201538
216193346
216189250
232839523
266398049
259058016
254868320
254933840
137558976
137518016
208820672
208886257
217086433
217086433
225507809
259062241
242481617
242481617
242350545
242350577
259259331
267582274
232979202
232938242
207706930
1222670626
1222670626
1218541874
3367131394
3367196946
3367065906
3367008546
2293266722
2293516578
2315045174
2315110711
2306395447
2306395431
2306393407
2306463103
2306463611
2306473851
2306472827
2306440059
2306440059
2306570619
2306554235
2304448859
2304449867
2304333131
2304341339
2306467195
2306469227
2305408379
2305406331
2305406299
2305405275
2305405307
2305405307
2305406843
2305539963
2305555323
2305555323
2306571131
2306570619
2304457051
2304317787
2312723787
2312723547
2314818907
2314858843
2314989947
2306593147
2306462571
2306462587
2306473851
2306472827
2306440059
2305522043
2306554235
2306546011
2306547035
2306544987
2306561371
2306430459
2306471353
2306467257
2305418649
3379148185
3379164568
3379164568
3379166648
3379264952
3409672632
1262451112
1262447032
1261922712
1261791624
187787656
154233288
154398152
154400200
154400220
221509116
221369828
221372388
221511648
225704944
234093552
267582416
267582417
266533841
241368049
237107681
237042145
237042161
241302337
258145089
266533697
266566419
266435363
258177331
258111747
241326339
241326403
241195363
257980771
224426338
217282898
217217346
216193346
207800642
207669602
224455010
259058018
242280802
259128178
158530370
141745090
150133698
217274834
217086434
217086434
233863650
267418082
250739186
250870227
250870225
250739184
250870224
267582272
225639232
90364672
69458704
69269793
69237027
73431330
73627922
7493890
7592210
275839266
275839266
812681506
829458742
559974710
560236918
561809766
561875326
560830846
556374399
556398911
556366127
556497711
560724783
560724783
570137407
565812063
565746511
570014559
570014687
559528671
555326431
555326463
555449198
557529454
557463918
561657966
565852266
565852522
565787082
563624906
563633098
559438538
555310042
555432938
561723882
570112491
565917928
565803256
564754648
568948936
561641928
557439304
557439832
557579128
557578856
560724845
560708477
568966013
568957277
560568669
560569181
561617757
557423455
557423615
557578735
557545902
557463982
557726126
637417903
632428975
632363421
800078733
797981581
797976973
798042589
798042589
800139589
1035020613
1039219013
502495685
502528449
502397393
502381521
502381553
233946065
234076883
229898963
263387858
263355074
266501074
249723362
241268962
241195235
241203441
241269185
249755968
266533696
258210576
258046768
258046257
237140225
237132033
241326339
241195379
241203555
257977187
216103411
216168770
216193346
216189250
224512371
258013539
241232227
237022049
238074721
225622977
208837569
208837568
217242576
217176561
217119201
225507809
259062241
242350305
242415825
242473427
242350579
242481619
259160387
232938306
232938242
1289964306
1289771810
1289775906
1285565218
3433249538
3366066946
3367182098
3366993186
3434102050
2360360230
2360625190
2382153751
2247673917
2239285565
2239269180
3313011000
3310979928
3306806104
3305765496
3305728617
3305716587
3305716606
3310033262
3310033006
3318421630
3448445022
3448313950
3448338766
3452561758
3385436511
3377047935
2303310207
2304358781
2304358781
2304358783
2304358783
2304490367
2304490367
2304506751
2303425391
2303409007
2303408495
2311797103
2311797103
2311788927
2311657823
2378766671
2378783055
2378783071
2370427741
2370427741
2370427741
2304375647
2304342879
2303294335
2303277439
2303269247
2311657855
2311805311
2311838079
2311690589
2303301965
2303306061
2304354652
2306456028
2306456540
2574891740
2572794588
3105602300
3104553724
3104553708
2836118252
2835987180
2837031660
2837035756
2839124716
2871778028
2871774188
2859191268
2926168564
2926169588
2926270645
2792315061
2792315061
2817423797
2767092119
2767092615
2767092615
2699918231
2699329463
2699359655
2699359655
2699359607
2699425079
2690903831
2690903831
2690902807
2690902839
2775042871
2774976791
2808596759
2791688471
2791831831
2791832855
2791765845
2791823221
2808993653
2808929653
2808405365
2816792885
2817390901
2817390965
2817390967
2809133559
2775579127
2775449079
2774916535
2774912439
2783305111
2783312279
2783312311
2775054743
2775050647
2775050647
2775054743
2808535509
2808535511
2808593751
2808459062
2808393014
2808393014
2808395830
2808453174
2804254774
2804254774
2804340790
2770794550
2770790454
2770794550
2758723894
2758658422
2758662646
2775439830
3849312726
3882868190
3882876894
3882876894
3882876895
3882745791
3815627195
3815569851
3815569850
3815111098
3815242170
3815242138
3790077338
3790077307
3789681979
3781293337
3781289241
3781291321
3781684541
3781675325
3848784189
3848784189
3848784191
3848788799
3849321247
3849321343
3849190271
3849182079
3849181533
3849181533
3848788317
3882350973
3882351999
3882351999
3882352127
3882352127
3882352639
3882213375
3882212347
3882212347
3865443323
3865442811
3865442779
3865442715
3882215835
3848797659
3832010203
3831977433
3831977432
2758114680
2758109560
2774870328
2774874428
2783386428
2783386140
2779191836
2779191868
2779068988
2778999340
2779003452
2783205917
2783726365
2783726365
2783804253
2783803773
2775415285
2775374325
2775439861
2775439797
2783836599
2716858807
2716858807
2741991863
2741991863
2741500311
2741369239
2741369271
2716203447
2715941367
2716072214
2707614486
2707614486
2707680022
2707548983
2707544887
2707802423
2774911287
2774911287
2774915383
2775021877
2775021941
2775539061
2775532917
2775531893
2775404917
2783802749
2783836541
2817390975
2817390975
2800744831
2791766495
2791832031
2791832031
2808468943
2808599007
2816922078
2800153014
2791830966
2926343590
2926345654
2943106486
2892962230
2892896726
2834184534
3102615830
3102484790
3098290230
2561420350
2578201630
2611811390
2343111710
2343115790
2343118862
2347247630
2348301326
2339984463
2340025423
2340025551
2340017609
2340027849
2340027353
2340125657
2340109179
2340108667
2337945979
2304383067
2304390219
2304455755
2304259419
2289595755
2306405739
2305340779
2305406331
2305405307
2305405273
2305405305
2305405305
2305537401
2305539449
2305555323
2305555323
2306571131
2340043131
2340043099
2346400075
2346261834
2346259803
2348372315
2314850683
2314858875
2306462059
2306462571
2306462587
2306473851
2306472827
2305391483
2305375099
2305374587
2306546011
2306547019
2306544987
2306560347
2306429433
2306373113
2306467257
3379160473
3379163544
3379163544
3379163576
1231812024
1227619768
1261140408
1262189496
188705688
188557704
188033416
187788680
187917768
154399176
154333688
154399212
225572332
259127268
233947104
234077168
234076912
234027601
267582019
266533442
249756498
249821538
241236322
241236322
241236306
242481986
267582274
263347010
263347027
262232353
266565936
258111744
237131776
237127936
237001056
254863713
158394721
141818835
150141890
141744450
141740354
158386530
187754850
187754851
191949155
192019409
141753281
141745089
141744577
141777361
141588833
208697697
225474913
242284897
242481521
242473297
242473297
242350929
250870721
267582403
233987010
217209666
81938770
73419042
73427234
81815842
83065106
15882498
15980818
7403810
6338850
274762018
