3401508235
3405571483
3405574635
3461669098
3470057706
3470057706
3470123178
3470258602
3461861803
3478574493
3478551948
1163296140
1158962620
1410616813
1413438973
1412359647
1433330142
1433244126
1441632606
1441571094
4109149463
4109149492
4109348660
4108828468
4100427316
3022429748
3022511652
3023511140
3174252517
3211935477
3203532503
2661418711
2661352434
2661299170
3735036898
3756007798
3747623030
3445636214
3445647454
3747735631
1584592975
1580382285
1580375117
1578341709
1594921343
1594929515
1561653611
1561649515
1549066603
1549197355
3705041211
3705028927
3705095487
3704903487
3704913695
3436543519
3432250959
3448948431
3447965663
2411971455
2404618623
2387838303
2658243935
2658248063
3731989887
3746821615
3746812415
3746943483
3709096377
3692298681
3694527929
3694542249
3648401401
3656460249
3673171289
3673191755
3664793866
1517405498
1517548842
1525802282
1525736762
1542513946
1506866506
1481823050
1481818975
3629307775
3629307775
3369336311
3369167317
3360713153
3360767427
3439533522
3440509394
3444720082
3486667730
3484546002
3467699187
3736117745
3740382704
3740318948
3731922148
3725630564
3725639036
3725704540
3727883901
3748847229
3723648639
3723648895
3723844991
3706983807
3698603135
3631555807
1484203231
1484203503
1492596206
1492588390
1507066454
1542468102
1538318854
1269883415
1269867319
1240511783
1240512805
1498519853
1494456380
1494392076
1528231180
1528230156
1530302749
1532395821
1499321645
1499266543
1499261375
1494018494
1481079198
1497783710
1506166174
1506215358
1539658238
1540452735
1540612919
2077487893
2077340469
2077267509
2144386596
2135996964
2135996980
2131802932
2130820884
2130900308
1963126900
1963114724
1950564581
1950569589
1967527253
1967523141
1992757015
1992754999
1984894775
2127392542
2127327006
2127327006
2126862158
2126858062
1564885967
1481012175
1480778653
1480713149
2017585149
2017591293
2017517037
2017519989
2017519927
2034497799
2051169543
2051151111
2051150102
2051150134
2059600742
2059473894
2076193702
2042652590
2042687390
2076240782
2059516814
2055453574
1518583254
1518581239
3670192501
3679637813
3646144821
3624949109
3624955239
1481846247
1480735223
1480727031
1480792535
1505769943
1539321301
1522734421
1522668821
1523782423
1515246390
1515239222
1532012374
1540403159
1501609975
1501666229
1505991604
1497611188
1493367252
1493327124
1493310741
1494359351
1494367526
1506950502
1535122934
1535123334
1535127430
1266757510
1233337782
1233329590
1237327270
1228955126
1230011734
1272048918
1253305623
1253309749
1253309749
1249090868
1244761396
1261539092
1261547284
1494462292
1498660853
1480826341
1480690167
1480694263
1476508023
1493281046
1527966998
1532165910
1540542230
1540447863
1539321447
1539324647
1505827813
1497565669
1505959397
1539513461
1539535941
1539567621
1498525701
1497411639
1476432167
1476433207
1476640087
1480767959
1480784343
1497520535
1530993031
1514355079
1522679695
1522669535
1539446639
1540363119
1263540015
1229993758
1271949087
198274333
193199381
197393685
189005076
151113012
419547444
419494196
419555636
419690772
419667220
453217620
989969908
989900212
989963701
994293175
1002607543
465801910
465957558
1531278006
1531393694
1531330526
1539717614
1339439594
3449043434
3449052490
3432340746
3432503051
3432236555
3432040218
3438346026
3429957482
3444693994
3474120123
3478320523
3460493705
3485716876
1329713596
1296093676
1276236076
1278330156
1546777916
1546774300
1551098701
1567810397
1574106623
3486684671
3485638110
3485505886
3486563102
3486580254
3488675354
3484612122
3449975354
3449946922
3454075178
3445622062
3375434815
3358726157
3358730252
1229989916
1225796636
1258296588
1258361868
1241669900
1241670111
1245897142
1254224294
1539355558
1501607846
1484830638
1484823998
1485020607
1556265461
1564654068
3708992868
3742547316
3727857476
1578275652
1582559940
1581462101
1577203511
1595021119
1498549550
1500519726
1492401198
1486107930
1486755083
1218315531
1218397962
1218240282
1281159146
1281142698
1229242282
1271379850
1317467018
1317458329
1317196184
1321452984
1577082344
1594936680
1563657528
1546892632
2083758408
2104598872
2138149113
2144572667
1598203134
3745754366
3741580414
3742440478
3709017374
3715251758
2628941358
2627913262
3030877758
3047458334
3081017099
3085208840
3061222408
3056974856
3073682488
3071583272
3038724328
3021865960
2753442476
2889749167
2902327982
4239132334
4240185278
4122748302
3583517894
3583714374
1432052743
1295737861
1564077076
1563028532
1596582972
1597746204
1580907780
1580897540
1582990852
1582072404
1514963556
1527547620
2014103268
2015264455
2027581014
2023386470
4170771490
4170773538
4182306882
2064572482
2047828162
2047829459
2047763875
2051962274
2059738530
1539577250
1573137810
1573203330
1573268882
1283853746
1150094802
1166881218
1166963010
1172042179
1106825699
1097393121
1097594513
1076550273
1077561985
1094339203
1094388422
1097358710
1408001262
1403838702
1387061482
3534135417
3550909464
3522530364
3497043244
3492848428
3492864572
3491885628
3496104509
3504738863
3550873134
2460878959
2196703343
2204715253
3240839365
3223942340
3228066244
3236459461
3232723702
1089402854
3228499426
3241074018
3224292674
3224368578
3228361155
3236733904
1106224112
1106158288
3278807744
3257909952
3257910864
3542998640
3547097825
3538741666
1391257762
3538798742
3538930822
3531457670
1383919750
1383915694
1382539630
1382539566
3546562878
1361325831
1344547589
1344748340
1348877300
1357265844
1353060276
1404507572
1454895489
1453822401
1453621523
1994694946
2003084578
1998892322
1965333794
1999084818
1999041794
1999516674
1697518662
1681788390
1694109607
1689980581
1689783980
1689005708
1975265165
1467770317
1446900751
1446284342
1383369782
1450552630
1450683682
3606488353
3602298128
3753279744
3723936000
3438690560
2289435396
3363242500
3363247652
2293574253
2561682158
2576366062
2609924270
2597640334
2320805006
3390939278
3390996622
3661283726
3678061006
3678069238
3690586599
3736659428
3734562276
1591239836
1582854284
1578782856
1444561032
1427783848
3560859064
4110319513
3569274617
3569146424
3505187352
3496798728
3496766984
3496826396
3505263133
3501069118
3568239598
3584885230
3606000806
2519612614
2250931270
2385136902
3462941974
3467142462
3467142527
2393384297
2393384425
2398627305
2398816172
2411362221
2411652781
2411511533
2398916317
2390539084
2386340172
2386536732
2654645548
2654645804
2671416852
2637841925
2621059591
2486841910
3573227878
3567849702
3567846575
3567979709
3567978637
3354994892
3325585612
1176038572
1176036524
1109050828
1109051340
18534028
8048268
15396495
1084940702
1084780710
1088962734
1077428462
1076817978
1076814862
1080322062
1088694302
1084254470
1084385806
1151794702
1168557663
1336198111
1323614607
1315370127
1176954079
1176937727
1177007607
1176798703
1446291375
1458874287
1458874287
1459070975
2004334589
2004718957
1999480101
1999025461
4146497285
4129720085
4130338343
4130174502
4147068466
4247658274
4235073314
4243456306
4243529794
4244058307
4239724759
4120138933
4152417461
4152425877
3619748229
3611687365
3611684805
3579244503
3579762687
3590209919
3573272959
3573150071
3573142647
3589919829
3588879701
3614045557
3614176621
3598440317
3598439261
3598316365
3615093599
3615094383
3581536111
3581738863
3565018973
3565110605
3581826381
3581899101
3590287741
3590287741
3590279549
3590288765
3565123423
3564985695
3572325758
3573314926
3573379966
3565024014
3581772558
3745482526
4282359070
4265589055
4268664893
4000295196
2926553868
2923278860
2940043788
2940174940
2940125932
2772185516
2776375725
2779514287
2779581870
2779061166
2783788702
2775529102
4152242062
4152175822
4143737054
4141643846
1985501190
1448811526
1450890242
1450897683
1458233891
1437262561
1424638656
1416254080
1417365120
1417227937
1417161383
1425550247
3589810671
3605539326
3337174878
3337421086
3252953406
3232035647
3500507965
3500649789
3500452149
3517233637
3605302199
2523762311
2519630470
2519630470
2536436358
2502845174
3022987878
3035373863
3031180335
3047959661
3047962879
3052222669
2641172621
2636793999
2624219535
2632593359
3723113047
3312394775
3312284163
3710505235
3710427169
3710428193
4251823136
4251892752
4260279360
2003742912
1999012032
1982169552
4129386976
4146144229
4112592741
4117768749
4105185901
4105452525
3568573389
3584376717
1470506373
1185284501
1186398613
1190154743
1177608534
1176666886
1193453058
1193520642
1193651730
1181003554
1449964834
1382580259
1390968869
1391099956
1407885364
1349181460
1349148676
1344929796
1344930124
1350240124
1350123112
1356605992
3498850922
3498838634
3549191914
3549229818
3621565386
3598549450
3728638154
3732845803
3741165803
3741165807
3741231503
3732581775
4265255311
4265197983
4264214719
4247417069
4230619629
4234879484
2095785496
2095791656
2091466472
1822980841
1828256489
1828497803
1843181706
1841597578
1875293338
1866641626
3994202314
3994198154
3996377502
4013061038
4013055662
3992079022
3971025646
3835693823
2912955919
2917148175
3206554118
3189777158
3189781286
3193970982
3216053282
3182564466
2628915410
2628129923
2628128129
3438088064
3425455088
3475823440
3460294912
1581115664
1580530737
1580589073
1580658691
1581170759
1595834503
2086568071
2086306231
2094763941
2090385124
3835210732
3839404396
3828918316
3845713148
3879347356
3879350460
3878552488
3890614954
4121297578
4121757354
4121435690
3500687146
3584572442
3584618506
3618350090
3618284552
3618155528
1609079080
3710421036
3694757996
3560606788
3560883264
3560841280
3558805744
3558289889
3558225569
4160120481
3065398915
2997801602
2997719682
2997654162
2460783267
2466035425
2453462629
2453465613
2989255181
2989451565
3060672558
3069052974
3064597526
3064598726
3740934278
3749322894
3694797198
3698983878
1290473287
1286085473
3433589025
3433851169
3429656880
3426544896
1328932096
1310105921
1322709441
1318502849
3466052017
3461633443
3442801571
3426147251
3438726035
3703556055
3718545765
3735331109
3739525149
3727073292
3728143628
3711752744
3694979625
3695077995
3627961035
3632205450
3640394378
3651928522
3752800506
3718914154
3702218795
3702023215
3698878501
3627612165
1211824197
1211820103
1228565830
1266317250
1249530818
3405382402
3472507650
3467264498
3467171235
3468224416
2394468256
2679680672
2644098720
2640023184
2635697808
2619183824
2636100304
2641863025
2541084774
3076841510
3072379942
3073624102
3040000278
3042093846
3042159366
2782243590
2815927814
2815861253
3086385692
3040199204
3023401572
3023378165
3023388325
3157011367
3161200870
3169585382
3182233814
4272821446
3735953414
3735691270
3467317270
3468169510
3484967470
3451446909
3434655324
3449339900
3445133276
3474558412
3323626956
3342771660
3342773644
3611209116
3548302780
3512651692
3512684452
3545524148
3614781844
1450643860
1467417013
1467421157
1466376995
1465983778
1180705298
1180721686
1180823062
1315109654
3471047430
3466651926
3467687957
3484924996
2377553092
2364965076
2624881124
2625405924
2625545844
3170807316
3035606567
3035408930
3077356070
2989280806
2989213494
2720597302
2720542766
2737315886
2687108346
2691310762
4041868714
4055698842
4087094670
1938046350
1367612558
1367678142
1352018094
1356212462
1349921999
1076258255
1361507021
1361498829
1395110477
1395950109
1370787631
1352960815
1352969007
1889857085
1357311533
1344693805
1344669247
1429079711
1446971294
1448351166
1456735390
1451316366
1451324614
1182852215
1183114279
1183114279
1171612933
1146513223
3296098247
3296609991
3296380917
3304638437
3304620324
3317207332
3585909524
3585910324
3720128036
3724324397
2671558255
2671680223
2537459343
2537474463
3056913583
3058977967
3084178589
3084318541
3084313101
3084378653
3086279199
3086279471
2545213487
2545206374
2459258022
2455046294
2450327686
3524135046
3524135302
1394485638
1407069606
1375535543
1374617989
1357787525
1080418628
1348772140
1348509996
1885383992
1893841176
3785472280
3785402683
3818961706
3819018794
3793978922
2787295786
2788557418
2922775274
3996521130
4017432046
4020509934
3988536446
3971759231
1822045259
2090476617
2090410057
475533529
475558361
475587032
471392632
471450425
1276892957
1276837645
1281288973
1289746973
1151191583
1285491407
1285426887
1287523974
1304315542
1302778534
1340449703
1323344295
1579188371
1580433603
1446162627
1446094067
1444194467
1448405155
1448487078
1444822182
1444808102
2000627111
1971197831
1895696007
1890337413
1889850100
1352970988
1369748092
1365553692
1394929180
1462038041
1428188969
1440836907
1419918635
1419908107
1419907083
1424425273
1415889193
1411700009
1411753225
1416077065
1433898761
1433897547
1467322107
1465164522
3595879419
3614851915
3614839643
3577094457
3581289769
3565038889
3573491993
3569248265
1438636121
1974766025
2011475401
1445234121
1446348267
1446490347
1443995882
1443930366
1444012254
4145201398
4145201382
4116111782
4107724706
4105627586
4105631427
4105617989
4125999620
4117550628
2976705068
3043797548
2783751020
2783754732
2783746556
2808907721
3794764491
3794174538
3861303834
3877794346
3877643050
3844089130
3844093994
3856807962
3986819290
3971161227
3985974415
3969134989
4237558153
4241768856
4241945000
4241941677
4241943805
4237749455
4239834318
4256668798
4289764398
4268788794
4264872986
4263828510
2116414526
2116445229
2117476668
2121663284
4275503860
4275376805
4292289191
4237697686
4237701774
3705013903
3570730959
3570692092
3566497576
2492786984
2492791080
3031731464
3032268040
3049233417
3082716187
2801697914
2793243758
2786427950
2786496558
3994460430
4011237646
4011254062
3977454447
3960550255
3960537833
3964732137
3830514425
3838910456
3834723096
4103158040
4105640200
3568777480
3518246152
2209637640
2193391880
2193523160
2191426472
2459939753
2458694063
2462880174
3075244462
3037565358
2769794478
2769790334
3843469070
3845303566
3878858014
3862146351
3862148141
3996243001
3996176681
3996172585
4017211241
4017344233
3982740203
3990932475
4024498651
4024495455
4024628606
4017275998
1869792334
1836315735
1836182647
1836182759
1836177638
1852033398
1860684151
1726335359
1717696895
1717693279
1717824351
1701038623
1684261655
1685573463
1685450071
1685122551
1684073983
1692912127
1709689341
1744292861
1735777245
1718741725
1718872797
1735645821
1735511933
1868619133
1868620925
1868686847
3982647805
1818379253
1818444373
1818444405
1818247543
1818262845
1826646045
1826842685
1877100825
1726368009
1726372105
1717954889
3865373657
3865369577
3873820393
3873820395
3873758939
3865376715
3865371610
3865567594
3882283370
3849770350
3833058430
3765824766
3765725438
3765790966
1617381879
1617381879
1634160087
1634032638
1634036607
1642163007
1675852575
1676888861
1658080541
1649700877
1649697117
3797410297
3799439353
3874934457
3891776185
3855735448
3829432008
3829428168
3829491032
3829617721
3973078041
3975178297
3992021099
3992119659
3992378235
3971403466
3971335882
3975463498
3967083338
3979666202
3979801390
4013355822
4013314414
4016522622
4016331994
4016331002
3991165178
3991099898
3992091102
3992349646
4025838926
3954468174
3937689950
3937890558
4023795959
4015931527
3978178695
3978240183
3981780129
1844721061
1739916708
1704267220
1708403008
1683237120
1679043328
1681271584
1618352673
1621495313
1622017537
1639712321
1671173827
1939605219
1938622114
1938577058
1938585266
1942284226
1942284226
1925555574
1917169015
1665511191
1665662725
1627847956
1611068756
1611035988
1611101652
1610948084
1615072756
1631914485
1640434167
1669733366
1653022678
583358422
583300038
574907334
587523030
591718398
591677414
591712230
600625126
600702439
1674569077
1674569045
1641014548
1641923893
1640875317
1632492861
1900932445
1900539349
1896250773
1896308149
1883705253
4106690477
4106696639
3582277278
3582277262
3615827918
3617400126
3619447086
3753668654
3752615998
3719160079
3719296781
3719036445
3656120892
3748526636
3745303532
3745303005
3742733773
2132189389
2132209801
2136203672
1866654136
792917481
788625705
754981161
754985273
788539707
789716267
634520875
632422699
632496411
632299785
631252233
635702543
627964279
627964279
627964279
627964279
627964279
627964279
627964279
627964279
627947895
762166647
1030599095
1030599094
1030599102
493728190
493728186
358987194
338540986
1424603578
1424603581
1420409532
1420491452
1555726012
1576611484
3447207501
3476696847
3479846174
3479833638
1181228070
1189622838
1185493318
1186599366
1203376519
1201431460
1172103588
1159517612
1159170460
1159104908
1093904780
53586829
56683421
65297311
296488843
296617867
296355243
300556719
23798255
53228798
53238990
36502854
36477270
308644118
317167894
853981443
853978369
853980417
845320981
857912085
824357381
1881576965
1881589253
1881562679
1613511271
1617701479
1626290534
1621887230
1621899470
1890269390
1940797646
1928214606
854473750
854408247
854340645
854078501
870846524
828904508
862467388
862532884
862661908
862481684
393772340
391660853
123257149
89907519
100328255
79357751
213638007
213437302
213445431
213445399
213560135
212528903
226161926
1329234182
1327137078
1327014242
252243426
252243810
256438114
165215970
228247522
1302000003
1301995905
1205781888
1196346256
1192229808
1192029088
122481572
366799268
362603948
299782284
293486781
288317613
321773743
321761774
321750366
321687310
325880590
334280975
317569295
1391114511
1382738958
1114270734
1131052318
1139432766
1105921326
3236496686
3236499774
3299357566
1151955958
1152087029
1151989748
3320379364
3345526756
3324624244
3593114948
3593114884
1445627653
1445693205
1449699175
1449698799
1466494447
1428782253
1412045991
1412041959
1416236279
1416564214
1424962902
1559176966
1575892486
1609512454
1608791574
1269055286
195309367
195325237
167046420
424984340
1498718004
1493471028
1494064692
424521268
424521252
458096164
458095156
1531804212
1531804197
1531797285
1531780452
1498233980
1498233948
1506639068
1506630876
1506639324
1506639196
1238202748
1238317436
1237793085
1237793855
1237654575
1237654574
1237654654
1229397086
1262845262
189102414
189102558
188840446
188840414
189095902
188833230
155287006
155319774
155319806
155319710
423755166
457308574
457308574
457300374
524507543
524384663
524368279
524500407
390208951
390231479
356741559
356544919
340021727
340054493
340115929
340115833
340119865
340260121
341294361
492284169
492808457
1031776521
964410633
427396361
410617099
410633499
410637627
410613051
142226233
142226201
148509561
147723113
147792233
147153276
147317069
147247429
146964805
146969045
163746261
197628887
197507031
197637814
197514934
172349110
189134758
189789622
189649302
189644950
189649046
189784246
181330111
181401053
172856693
189635893
189578276
157068324
136162356
135116049
152015121
185569617
168481729
168457153
173933505
173933555
182391651
182265699
197928294
147596646
139226454
139230534
139362114
147816274
147709810
143587283
143587265
160351040
198885696
242992464
241812720
237622512
237749457
237732931
237736407
528066279
502900463
534294255
513321705
1054640808
920423320
1981715896
1981718717
1981718719
1981735087
1964908702
1950221454
1882065286
1894583206
1353525926
1352936102
1352937127
279193269
313533317
317727557
317767957
317816853
316710965
333489197
811703357
1881573385
1881574217
1613142745
1614056104
1682213544
1698990776
1728368328
4113913404
4230095916
4095877164
4100071461
1960968311
1956774134
2007119270
2125866662
2123636382
1590975118
1578433486
506767694
371584015
371597321
86126603
69337355
69337867
81921579
77793837
212876071
210823959
210807042
80919814
124956934
104235270
103711494
1312719814
1316917139
1314831779
1583130019
1599906210
1549574582
1558102166
1558069406
1423901886
1415329966
1415325934
1952197101
2002656092
2147360268
2147418636
1065095692
1065116428
1027367192
1025302824
1008522024
1012711976
952844840
948586104
948586056
1485596233
1485596539
1489894779
1489951818
1489947722
1489487178
1220921306
1220921050
1220925082
1280692874
1280820122
1280753850
1289147567
1305932991
1339487374
1331098758
1333195910
1333195926
1181151670
1189540338
1190028147
3337057057
3337909024
3329499936
3459260720
3463459600
3467649584
1320231457
1318138470
1300239086
1283719786
3422814506
3424390442
3426502666
1212114954
1227876618
1228860682
1241442058
1218298634
144491274
144491369
144529256
148862760
136277288
136209720
135669000
135671820
135675916
151208028
155373949
188932589
188868068
180467668
180459484
172070524
172078716
180728444
1254405756
1518647020
3666130664
3666198248
3682975464
2609168104
3150225129
3125122793
3125122795
3120988778
3125187182
2856682030
2857666094
2857666094
2859763246
2859783742
2856179326
2855130750
2855126782
2871871487
2838317053
2838320572
2825459100
2833847708
2829653180
2829792444
2829788349
2834179231
3102680222
3102680222
3102684350
2565280926
2561094814
2561029262
2577806478
2616616078
2599871630
3403146382
3470042254
3730154638
3732386959
3728135311
3728135391
3731281391
3748057455
3748090174
3714330910
3714326798
3697549598
3697750826
3722843946
3655735083
3689809179
3417244939
3404481803
3421295883
3412649243
3374900539
3375932731
3376129338
3380254042
3388653914
3388719579
3371725307
3369628153
3369693689
3361633193
3361657768
3361657848
3386824664
1507841496
1541191128
1528083832
1528079704
1528079688
1597291784
1597414680
1597164921
1601359339
1450399167
1448108447
1443914127
1448096159
1447178671
1455563175
1455563175
1455559063
3334686067
3352317747
3316702770
3434150406
3433299462
3433494038
3433559590
3437548070
3439121255
3718030231
3722227093
3712788901
4279011748
4279142580
4279154836
4261850245
4262895685
1981243405
1999642639
1965039679
1696731435
1692538665
1705119273
1739595320
1991271944
1928651016
1920262152
1932805128
1899449352
1345734680
1345747513
1353611883
3568192123
3568256718
3567534734
3589591710
3512005294
3553944238
3616006830
3615946654
3616993206
3600149926
3738496422
3728004334
3727971342
3743883278
3609600014
3576046618
3576106026
1437481258
1437482730
1437339273
1572611720
1337774728
3485237900
3455877836
1298437940
1277472032
1277541408
1277402128
1277357059
1294101506
1294089474
1298537730
1298533122
1240337170
1269681938
3401355042
3401363232
3401098528
3405291824
3392901312
3392831616
3376054400
3359293568
3362390436
3639097253
3634899695
2565352171
2632452843
3714583243
3749191370
3749192394
3489194442
1572597994
1572503786
3720331498
3749504042
1597828138
1564473402
1564376074
1564353546
490610698
485360393
481165832
497944104
497688296
502016680
527231640
388533128
371756427
375947658
376013194
384532874
376082874
376086955
1445634475
1445634491
1395324363
1365955035
1374339433
3521888617
3517564713
3517495081
3521685309
3555436317
3555456781
3547055389
3513763709
3513677677
3496902509
3564052085
3563916917
3563853653
3589093191
3589219782
3622532598
3622388966
3614033126
1466553526
1462367366
1462299783
1395190997
1932029413
1932009957
862614391
862647095
1945014567
1906737463
1910804541
1902419005
1902422061
1902610492
1366788381
1345800453
1346243847
1413087490
1413087810
1425670754
1420428002
1420309218
1437082242
1185555331
1185608129
1185580224
1189715184
1181264928
1177069861
1177070373
1446816623
1396612831
1400884894
1406977726
1402749630
1402946494
1474171823
1467954095
1446781357
1445798349
1445864780
1445602589
1600658735
1567108398
1550331182
1550529822
1550464270
1558917386
1218982170
145314106
1219162601
1303099368
1333563292
1595714956
521968076
522042700
522104076
490120460
490124557
355894287
355896391
1966525671
1966888101
2000512437
2000294276
1996112532
2008761012
2008666853
2007557869
2007557999
2145969518
4251694398
4117411118
4117402942
4117660958
4152200990
4152147487
3086855741
3221225021
3203321372
3203321628
3204433213
3195880749
2656896303
2657031550
2656966078
2682132414
3722317750
3707703222
3707572118
2633833863
3700898948
3700696212
3700450556
3698388828
3710971404
1327558172
1608838708
1604447783
1474557222
1457771558
1450278950
1446084614
1460773894
1595384838
1560783878
1543675142
1544734983
1549162759
1566443783
1566051111
1566116391
1607077543
1573523079
1573525127
1574446471
1608000677
1608000677
530085029
513402005
383559095
1459463543
1449570615
1449627959
1449165119
325091645
287420729
287568169
337866025
1410489145
1413634872
1422052136
1423362920
1415040968
1416930760
1567916488
1601536504
1593226728
1588765933
1588765951
1592959070
1584500854
1580515366
3677736998
3644219446
3627444006
3631640102
4171102754
3653032482
3686391555
3736859649
3740844096
3745013984
3711444128
3694867872
3564785312
3573436065
3569307297
3590192771
2533224067
2524950145
2659118593
2657570561
3592687361
3593219873
3609995043
3572379490
3568177126
3568176550
3752070566
3602144422
3593792711
2383718469
3457591300
3457593092
3474107908
3430063620
3304230404
3702705717
3434597926
2375309858
2396268834
2329151522
2387872802
2383809538
2333488130
2283693058
2287887554
3369794771
3432697216
3451637632
3484966784
3472388016
3463999392
3459809184
3460177316
3460185508
3479580102
3446086982
3429195030
3429134102
3429133846
3429230102
3438278422
3372143894
3367732278
3367546934
3367542823
3388514660
1232647652
1563987892
1564204468
1564146068
1562048660
3743086724
3743088004
3747268484
3615146692
3623846484
3623654005
3590108775
3573327719
3573350247
3573473271
2499729383
2499789799
2625434599
2642211701
3044923189
3042759989
3078421797
3078417463
3061836807
3061509191
4135220678
4147860886
4112143798
4118435750
4110026663
4110354357
4110157717
4110182277
4126959509
3523212757
3523212757
3521996023
3521963255
3513578983
3513578853
3547199333
3547330389
3547326017
3522101057
3522092401
2431634785
2430911587
2439304307
2439373123
2472993091
2472997123
2456207650
2532295458
3068970278
3077358886
3077340438
3077565710
3077500174
3077438750
3043874094
3045020990
3179234654
3177140574
3160274271
3168658719
3185436477
2640172861
3713824317
3713295933
3755353693
3755345620
3721793492
3720682932
1564817588
1560623284
1549147284
1549147268
1423053185
1152520594
1154560914
1171272370
121643938
100689314
104918450
109116898
43056482
45153761
44099040
44155232
57065780
1093042452
1076265220
1076268292
1076275975
1076144934
1373940270
1386527278
1386516030
3535241743
3602285389
3606479324
3614892524
3577110764
3577095276
3493215532
3497396524
1349912873
1349986649
1349992267
1349990219
276115919
276107775
276042221
5509501
13922573
5554456
58041657
41330953
41330953
117356809
111839497
1185581531
1185460219
1336447674
1281901242
3426366202
3426361962
3426362154
3296338223
3317239853
3315073253
3247964564
3230164356
3230198453
1082683047
1145648039
1159528878
1194656174
1194721482
1159880714
86207498
90208282
98625562
94476298
128112654
132536398
266780878
258392206
1333166526
1305780910
1574281958
1570742822
1438430005
2008857956
2007805284
2004659300
2100083756
2100199484
2100215836
2099642424
2099650856
2099722042
4251851322
3723369002
1504643626
1504184858
1538791946
3417843530
1251524826
1253671162
1252688043
1323995308
1315606708
1311413380
1312467072
1327032496
1461480608
1427907744
353775776
353768352
366352032
345184993
347081234
346032642
484448774
216083206
208087302
216407334
216925478
418136374
167306005
167289660
158900844
410563304
471433960
474713768
474983081
483236510
479050430
346012414
400463578
373212046
372949390
1445610702
1445559534
1445464302
1449662574
1198140494
69870606
74064134
78254854
78250530
78119457
78128672
78179936
90745824
1193839536
1193970560
1194232192
103186816
108101808
1198563424
1194369056
1160831013
1148215342
3295733806
3300059950
3568482862
2494728750
2544929309
2528157260
2662695500
3068494348
3056435756
3056374308
2787942948
2787959329
2804772642
3878497570
3844869346
3845065906
3878552754
3878565010
4154856594
4122287238
4120123526
3583785286
3314301702
3315526158
3449727518
2375985982
2679745838
2679676412
3216541116
3220735676
2944173756
2939454140
4012933820
3979444988
3962745452
3962741288
3962758952
3962825005
3967015230
3971193150
3969030463
2930940700
2930955788
2926756364
2921726476
2854617900
2855215461
2875994471
2846621934
3115259118
3115007150
3148363946
2611485882
2611485850
2598950027
2590553225
2607328648
2607328904
3110709944
3106577128
2838137465
2839185947
2906369579
2939720234
2905117226
2905121611
3979239881
3979223468
3913155756
3913223340
3916762276
3992388772
3987866879
2896363582
3164668174
3164873998
2628004110
2628053262
2359597358
2381613358
2396359375
2655501965
2655958668
2655946380
3192884908
3193802412
3218976685
3176656878
3107084126
3107084038
3107141398
3106942246
3912248358
3954273334
3954269205
3146873924
3214206149
3210016197
3172323204
3171339188
3020352165
4106660772
4102528932
4119107572
4120162756
4115972356
4080321588
4079830116
1932466404
1932142837
1915365766
1669208462
1644042894
1706491534
1740087758
1706336526
1705292078
3852763950
3852509741
3831734828
3827536444
3827402268
3827715644
3962964268
3979750628
4017493221
4004905198
4022206718
4257087566
4238225422
3701417230
3431803678
3431737898
3431737914
3432790538
1318861514
1320701834
1319666569
1323860888
3472397240
3730351016
3659309992
3658261160
3659313832
3642078956
4162170412
4162300453
3893623334
3967277606
3971406822
3988167910
2948039846
2931786919
2801696901
2787090820
3994657476
3879313972
3844796972
3827982892
3761112872
3761114408
3764783144
3773237305
3768649738
3785369610
4058003466
2977122314
2972863498
3075662906
3063144506
2794627390
2794881854
3063382653
3197407980
3193229996
3205808828
3155168956
3088194468
4161939876
4245825700
4271057127
4270930134
4271055942
3738640390
3726008326
3726041094
3696664886
4239831846
4105667110
4105536062
4103377453
3834946152
2751761128
2751777448
3825617576
3960867752
3960871848
4013037980
3999404428
3873649039
1994600846
1990271126
1991270567
1991303397
1991289925
1722918912
3870468096
3870472192
3881998336
3844507905
3827666723
3827611170
2754064934
2755064358
2755056226
2754953954
2893825698
2901168034
2901166514
2913818803
2947365009
4025297089
4008126593
3999672709
3999410581
4016188837
4024435877
3987735703
3987809494
3985845494
4254145814
4254100742
4119915270
3585141510
3585124614
3585326898
3566387043
2492636769
2421395168
2417086032
2417085952
3490967056
3492965936
3492949552
3509729792
3543271936
3543272704
1366363377
1372601571
1434463395
1438657698
1463835778
1447217538
1455606658
1585638338
1585506787
1586555363
1586556387
1599174115
1326581075
1293092179
1276126691
1280320995
1552954721
1552110880
1553026352
1288752384
1278277888
1295165697
1177741571
1175640834
1175636738
1178848786
1187022690
1451272162
1468050915
3581980129
3586177952
3577776832
4110453440
1996660416
1996668608
1979903552
1980923473
4145022306
4115661922
4107484386
4241636498
2088900738
2088777874
2088773794
2105551282
2005023105
1988247424
1993496512
1982891888
1714459940
1713421604
1730198820
1735437068
1735436812
1729214988
1729337869
1728289309
1728301613
1728188133
1828851367
1812078503
1816337827
1824668851
3968998578
3968945362
3968916546
3968903170
3968968962
3973229058
3830693378
3981489698
4015044130
3998380835
3998355921
3998351504
3998418080
3998223520
4265871588
2143565932
2106992700
2107518228
1570516228
1572627716
1606200772
1605938564
1608167300
1474215556
1442745989
1442743938
4043211442
4030038690
4030001895
4029686501
4029687332
2954896676
4041223204
4037086244
3517056004
3517324292
3550903303
3534014582
3602221542
3602028726
3069360278
3059916230
3995240390
3995177542
3995116054
3995181622
4012024358
4012094247
3978351655
2904579303
2770353381
2804038823
2808221103
2779909886
2779975422
2762030686
2762227214
2762222094
2766433054
2766493998
2779203630
2812790814
2812794958
2812788172
2817363404
2951579036
2942600604
2904876508
2904613348
2904810340
2904748836
2904745252
3978554644
3983599888
3991992341
3987847477
3985873175
4023581447
4015191559
4010992327
4011020951
3876606631
3876602799
3847242159
3838853561
3834659995
3834735835
3836832091
3841157403
3832768779
3848399115
3844204555
3881950218
3882009610
3890398238
3886470206
3886460974
3886457150
3874988854
3862405686
2786443862
2786378486
2785330854
2806302375
2781994663
2765193141
2767267731
2758879106
2758878086
2758881782
2758874598
2766151014
2766215454
2762156302
2694981902
2980263966
3013941262
2997107727
2997097485
2997108744
3068444696
3061616760
3055330552
3054878201
4144479962
4144086746
4144013002
3875639290
3888291306
2944575723
2944575724
2927864316
2927729612
2873137868
2868952652
2902566412
2903684644
3979531876
3845269092
3844160996
3844081892
3849390244
1643186357
1643317494
1639135254
1639131158
1639132166
3784518662
3784386566
3784366342
3816851718
3816851766
3816860470
2743119558
2810220167
2810285740
2802028204
2802031276
2903677612
2903702444
2939350444
2943542700
2947802092
2912023069
2899370511
2888884750
2888885770
2888886570
2892167210
2896349226
2896349226
2917320714
2926766091
2926767177
2922561752
2922561976
2924736936
2924601772
2920309676
2937157292
4011024044
3977465516
3983625916
3983572892
3982518677
3982518485
3991103735
3987888373
1840404597
1843611925
1835085125
1830888901
1830954485
1818383717
1826833767
1822543159
1822547735
1823533831
1823533575
1844472589
1832069967
4013038077
4011006445
3996326381
4000452079
3941730287
3937601503
3937416911
3937412687
1787850246
4203805191
4203805463
4199590181
4195457060
4197615732
4197881028
4214665668
4166431680
4174701252
4173357813
4164956775
3155178287
3157274927
3168865327
3164817451
3164784651
3215108106
4272400650
4269050830
4264856474
3862202266
3862401946
3862336410
1664275386
1613919166
1613898654
1613967759
1613764015
544220335
552608943
598815919
598873279
565331405
565232972
597753612
593541900
589670684
1646766380
1663543596
1667479860
1617071364
1692567300
3835856391
3841103398
3975194150
3962611238
3962627862
3979373830
3979557926
3879091302
3865971942
3870166246
3870950581
3871016069
3870844036
3891817924
3849907652
3829067717
3833523781
3841902135
3837116973
3836789289
2784031289
2909824520
2889083416
2889083432
2893068585
2895157353
2911930491
2945485898
2798813514
2790445454
2788324286
2805080998
2771456422
2754675106
3828422050
3828362674
3836947890
3834825938
3887302658
3869612035
3870074881
3870074880
3861747712
3861552144
3996038176
4012814624
3962491173
3962520359
3962372975
3962307566
3983280110
4025227199
2947356605
2947351997
2913797597
2898011469
3166447372
3166646028
3166579213
3166071309
3182942797
3197406157
3197930911
3202127262
3189617086
3189609390
3189605038
3206406830
4245676734
4228900758
4229950902
3981835426
3990215907
4023835891
4023834817
4023802048
4015458752
4013177792
4247793344
4231147249
4231151331
4243719783
4239394662
4239408438
4239404310
4105186566
3585092871
3618661639
3618764134
3620902182
3612509479
4145450295
4145395975
4149520645
4090804548
4090792340
3775367572
3775040388
3758280580
3842176932
3843220389
3855786981
3853558567
3886064447
3860914955
3860885001
1713646088
1646663976
1651378472
1655572520
3802860665
3870892235
3837468875
3841614283
3841651594
3774871450
4043085482
4043083690
4032073663
3759508895
3826683359
3832985983
3841370415
3852904743
3886460167
3873875206
3861283078
3995435062
3996422182
1848947750
1865806886
1831064622
1831027775
1868788799
1868681279
1877070911
1877204027
1868749083
1868822875
1835223419
761351163
1835080635
1836138394
1836136074
1869690522
1853036222
1785798318
1794195118
716258038
716258006
716450389
716450308
984887044
448013572
137766340
137762244
137500036
141692804
143870596
143674020
143715239
428927974
445765990
466811686
454221622
422761734
422798598
405824790
940602663
957404455
956335461
423858549
432191252
428064516
1501674240
1501674240
1535228240
1602337136
3749886960
3754082033
4290950833
4148344534
4158052038
4124495446
4059416870
1643431974
1630820390
1614026782
1614097422
538321934
538322235
542508331
562497327
562827087
562827151
567021455
558636943
592263103
592393151
667906543
629928431
613003645
1015592205
1015590732
1019849292
1007336140
403352204
403368580
407826309
416167047
411369654
432013478
423633062
423764198
474100082
482493186
214976002
214986243
206629635
206765313
219304960
255983616
239468544
105250816
114754356
115279396
46029364
46037508
113171141
111659654
111462838
111465894
250933414
242610342
236380662
236347730
236331330
238498643
255665649
153560497
140656017
149032337
144917889
145867667
143704994
147891170
147892198
215001574
215001574
215153046
215116182
479410582
478288261
496123276
529682828
508773308
504415204
506525540
505458468
1059106596
1059106597
1059176231
1029938487
1063435575
778222871
779270423
777033783
775985207
637573175
637704247
637720615
553793847
537017607
537017671
537005443
818286499
864817058
848039842
848037762
311183234
328062930
277803778
278848258
12494594
1086236419
1153410577
1153422865
1150994177
1150994241
1154205024
1279845664
1276667168
1276718337
203042049
205139217
205139729
209344273
218056451
217957123
133530563
116752787
116887729
115847345
107458704
103133328
103273617
104258993
104213345
104213027
248982050
244592162
1320433186
1186730786
113000722
243155202
255738114
221139202
204349250
137304947
141498737
149895536
149765488
162346352
199828816
250180928
250336576
250318160
241929329
241802353
237606097
254382291
254390515
254521587
258717155
258717155
258579891
90805683
90814385
75085745
1157211825
1157473969
1425909427
1425389203
1425383058
3572862898
3589651938
3721717986
2505336930
2501126262
2501262535
2503349703
2515927799
2511696549
2509595301
2543112869
2543112933
2547296231
2501160293
2503326805
2503408901
2486627597
2487151949
2491338101
2516407781
2516415972
2516415477
2547864509
2531214237
2531219455
2533195775
2524736895
2520546686
2537321854
2502783358
2624483710
2632896830
2629681534
2629624190
2633819518
3699142006
3558817078
3558481206
3558475543
3493463815
1350184773
1442459588
1441401284
1475217856
1475283072
1450990736
1450505397
1448124647
1581289830
1589936934
1589936678
1591521830
1591255590
1578672934
4263026983
4200177708
4208628076
4204433384
3199912664
3202021896
2669402632
2636106248
2619243016
2621390088
2624131336
2628321561
2494038058
2494316586
2495365482
2226930662
2365343634
2373836690
2335103138
2339043490
2323314835
2323310721
2319116416
2587552128
2604334784
2570749632
2557380576
3102521056
3099370144
3168576164
3160203924
3108790916
3154911885
2619159279
2624848366
2498037798
2498701334
2632919062
3706595334
3698206726
3698206726
3471714310
3471707398
3404334375
3404341287
3472437349
1324880308
1320686012
1320694700
1320708012
1320740781
1325118893
1314632111
1579061675
1578533258
1595053386
1460906762
1463003406
1466087710
1432590366
1432722462
1416482838
1416544262
1424670741
3572122016
3572131232
3571985824
3497541008
3493429120
3508172672
3542009489
3531589267
3556636291
3555583697
3555518049
3555517985
3555518001
3555579649
3555579155
3614273827
3614257187
3614257207
1466896405
1450053645
1450061837
1450054937
1466912056
3623738152
3619470184
3585911768
3720129161
3724315275
3745481435
3728634458
2654876186
2684232314
2680037866
3720028394
3702005998
3701997802
3437756553
3426223240
3426433224
3441125448
3459951560
1312467656
1602137800
2007860939
1940161226
1940162490
1941288362
1941286314
1983229354
1983262650
1983260554
2117481355
2117468665
1868955944
1705255209
1688219961
1688232203
1956684047
1956688143
1962062143
2102632959
2101388799
2101386655
2097191327
4249271227
4116097755
4116105951
4118727359
4051558079
4051465887
4051464863
4051456927
4085215677
4093538541
4092490997
4075779317
4075644023
4067189879
4067255414
4067323990
4159074614
4121318198
4121248566
3571742487
3571739927
3563416839
3559283989
3559279989
3563544564
1416967925
1425356497
1358254657
1358255697
1357215697
1348822513
1348953553
1348949459
3580314067
1466254291
1457861490
1189557010
1189549330
1323765010
1324158242
1324103718
1592273190
1609051519
1605053919
1340675583
1265111550
1266426186
1262248202
1245570878
1265952558
3488917294
3484464430
3482423598
3482751358
3751182732
3616838028
2547291068
2537328556
2503772844
4148071084
4079913708
4079921788
3794709276
3798905880
3798958088
3794583577
3861671993
3861721129
3878630443
4281220970
4260249326
4255845038
2024278666
2091399818
2092510862
1555900062
1560029166
1560028591
1560027327
1567892632
1565811864
1293218968
1292147864
1560393112
1565827752
1435804376
3585577672
3585577689
3619657339
3606945582
3592993070
2519238958
2519447558
3073027078
4113212422
4096438278
4096447510
4234855798
4100867574
4101834231
4118556503
4152180535
4151906101
2012756791
2012752759
2012756471
2004368823
930624693
930685079
931098759
593269125
584353189
578848676
578848480
578855745
642818305
1714462721
1998827521
1948439555
1948388371
1948387619
1961237347
4104522467
4104588003
4104982211
4104939203
3589138371
3614437715
3613778291
3597984051
3614761331
4151632243
4118279671
1953920487
3564525047
3564520951
3560394135
3560398231
3497483718
3513212358
3521468886
3521502198
3550805990
3534024694
3538282439
3538408389
2464596948
2481406692
2447643236
2430875172
2422219300
2439197236
2439066148
2480943397
2476752943
2544230430
2544237614
2544146478
2539948334
2536802842
2501348874
3575023306
3574003342
3491128974
3491180478
4040441006
1889274030
1958480046
1975389342
1475223687
1475223684
1450057940
1181032740
1181180181
1197789501
1172623663
1155835183
1151842590
1151772942
1287039246
1287559438
1304332550
1342082246
1333691526
3325984902
3325984967
3594420433
3611136176
3615465908
1466871796
1429125776
1429195440
1965886116
1965305509
1948526247
1948255206
1948254502
1952452902
1960845350
882909190
900735238
397697286
364814342
345678278
345540006
1418235046
1955104935
1418307797
1432071188
1445635332
1445617924
3609866756
3509453316
3496871460
3568111140
3569102636
3569102300
3619452365
3602825615
3598107022
1444250014
1443922350
1443930282
1443953834
1443915946
1473407194
1420978378
1420979274
1442006026
3581149498
3581174078
3581240126
3589730854
3585532710
3585438502
3566487491
3302426241
3310751360
1205738112
1205811872
1205612192
1188831652
1182540196
1161568316
1143799821
1143660557
1143581967
73971990
99133734
1202235687
1185462533
1459258629
1446674693
1446674885
3577381773
3560604333
3694913197
3698912941
3698912943
3159943919
3185109483
3187211561
3216804921
3200156937
3199116093
3199115820
3136221804
3123499756
3124496277
3122408855
4179569830
4162725094
4166385910
4172677590
4172771670
4172603718
4170229070
4183075918
4177833038
2030107774
2080765054
2081838094
2086016270
2088111391
1961823039
1978481517
1979526140
1476209612
1465138572
1448350092
1381241228
323432876
331751852
1405232037
1405097910
1136672726
1136663542
1128270822
1136659318
1103301406
1100095246
1100359118
1102520767
1101275564
1101324716
1097114028
86278572
87138772
120827156
389261588
371304468
375621653
383948804
371369988
505586692
505589764
438472708
439534628
973199333
1002499749
998489748
2038861700
2026278276
2019002756
4162182020
4162185892
4168613476
3904362020
3903125029
3903120934
3903120934
3907841830
3899444262
3912779830
3944287238
3927583758
1780098142
1784292574
1792752863
986266781
986201493
461977489
411710097
411701889
210375299
211423939
211419843
215682691
83806593
125802881
107321744
106989968
1180734868
1180733908
1190171004
1458606376
1391523624
1391471145
1408379434
1358051882
1349656090
276169178
276037818
273944746
269230266
269230223
269238671
273531293
290313151
319287802
322429242
325574970
291892538
300214586
300218682
367130906
367192331
392624395
526894347
527810891
459129339
459272682
427811306
435937770
434729450
266952170
250337786
250337722
246143418
250338747
251244937
251175304
242786712
1228642220
1277886300
1277881092
1278143236
3437681412
3433336608
3434124064
3450905380
3465650692
2392302419
2392175010
2408889762
2413595042
2401028518
2266762166
2266905479
2266900869
3323342212
3335913620
3333890228
3265605783
3265540534
1117790630
1122001382
1109426542
1126269210
1076015370
1344446730
1344712457
270973448
275024424
275028520
1348782827
1349831322
1364706954
1364644746
1356263866
1423360234
1421185066
1421123630
3568672789
3573017860
3296192772
1144940800
1161718720
1195248512
1177946800
1182086800
1121268353
1121256323
1121190310
1112826022
1114693862
1092739094
2285574
6487302
6736646
15059766
283416870
275032550
1885710503
1935850887
1919058821
4066542212
4062413524
4062220836
4062224932
4079018532
4045431332
4033033764
4041415975
2426734630
2426734630
2427390006
2179860486
2205030470
3274574022
3261994438
3266195910
3283034502
3282858405
1135407524
1202513316
1198312868
1195150708
1193786628
1193716996
1160161028
1428596275
338137634
338002722
1434222898
1549565954
1556907074
1548725443
1544464577
1544464577
3693001153
3709766339
3745435363
4152194787
4160496371
4160488179
3623629795
3623170529
3589604849
3572831728
3572841684
3589614676
3590155333
3623841093
3623779655
3607091031
3623736179
3581703027
3564663155
3562631539
3497750899
3497670097
1358576065
1442453955
1476070354
1467747186
1182546786
1450977122
1450779510
1450914646
1452872694
1452855781
1452839332
1451787684
1473035708
1444719516
4128549532
4128615068
4128352924
4132678284
4065513214
4067579630
3492950574
2418148909
2422345484
2431059980
2427201596
2427201580
2427222060
2481736716
2213463503
2214511246
2207679150
2274800550
2247135398
2238747814
2486221846
2485562374
2619780358
3693522182
3693522183
3710295095
4280716311
4265511942
4269714454
4269650998
4267504679
4263305335
4246593991
4229854151
4229829333
4234020577
4242347747
4240250595
4240193251
4105713347
3573118659
3581630403
3615086067
3615096241
3606674613
3539556500
1928935828
1920481684
1916284340
1916544428
1916740013
1937121711
1912029567
1906626847
1889837343
1894031647
1373941534
1365547806
1374522166
1425967926
3573451058
3707431218
3707431986
3640258866
3640365331
3657158929
3665424657
2587566401
2586452419
2318008722
2322203042
2678790050
2629318562
2629314466
2627219349
3432542084
3436767620
3447323012
3480800644
3459829700
3458987732
1311400533
1445601887
1445671646
1462318074
1433019883
1420434683
1420511483
1438177499
1438185563
1433988361
1361628425
1366021961
1365989369
1374306792
1391067624
1382678760
1378357368
1378361352
371925000
120198424
6884136
15563305
78572042
78559754
212634122
1290571022
1215070430
1211994271
1262137525
3392839812
3392840064
3403334528
3401237168
3401270945
3401084579
3669519010
3757599650
2675472806
2654587126
2654652487
2654887173
2670554372
2368497172
3447546420
3438686772
3434418772
3434349283
3300139938
3300000930
3299937442
3228829922
1092880466
1127091202
1110322182
36580358
36580358
36571397
107759909
107538725
107523375
108562302
114852766
114262670
248152974
266240903
228234631
217752915
1282010162
1277783074
1277699106
1277698082
1282089250
1286210418
1151992518
1151992455
1152057988
1151868572
1157118892
1161570728
3340528040
3323783592
3323914632
3323786632
3332162504
3334259241
3467559483
3467571755
2393875242
2393678122
2397875242
2389477482
2319157338
2335869018
2335880527
3409613135
3380257231
3378045387
3445154155
3428602347
3693004011
3693005227
3692988811
3697191307
1565829515
1565829513
1599387080
1595195656
1580646680
1579548968
1579557673
1596400429
3747750719
3757192574
3721480638
3716176302
3716213694
3716541070
3716600462
3716600463
3482763933
3623699308
3580645676
3580650540
3496818732
3496814652
1366047196
1366034877
1399654843
1379798426
1444876682
1444274586
1444258234
1450549630
1978446110
3568076038
3567824134
3567889686
3567889719
3698310439
3694095655
3710784823
3646817575
3651016037
3650495973
3650358756
3639872972
3627289548
3356822148
1209932420
1208429185
1212427905
1283729283
1288163714
1300746643
1335285203
1322702291
1324527043
1316130625
1309970289
1326751265
1561634405
1427940965
1430103789
1451198445
1459586989
1459586975
1457502095
1448996750
1448602526
1601629103
1568045551
1551239551
1550257421
1550062604
2087477308
2096062508
2112614444
2112418092
1567142188
1567138684
1568187093
1559794389
1551418111
1551483501
1551520301
3715785256
3757717000
3623751176
3623238408
3623291160
3354658856
3321104427
3455322234
3455323610
3488874890
3467841946
3467784634
3398643882
1249972394
1249910954
1229005051
1208049947
1208083211
1275194635
1543547147
1543809243
482654458
1032685722
2139987083
1602789515
1608024457
1585091001
1580921321
1597661673
2134799848
2100712808
2113033704
2113075192
2094131144
1011941000
1023474632
1023441881
1024491517
1024622559
896693199
896685007
937575423
938496431
938500591
936404463
919629181
921796477
930185085
895645533
895645021
895669725
895735263
837875131
837877179
837877242
837942106
1374944010
1365507354
1365408826
1365644330
1357317162
1374507066
1370050590
1437324415
1438241260
1436074668
1418298020
1556914940
1545380364
1547477516
1547693580
1563355663
1529768462
1517181742
1525353518
1522009134
1526202382
1534591182
1264137354
1230711965
1239083948
1268443820
1251647124
3403384452
3461907077
3461915365
3480789543
3706364470
3706365494
3706639910
3698249506
3714993959
3714714997
3748137461
3740797348
3604490404
3604822172
3596557468
3728692380
3592409300
1444335684
1178005829
1165403975
1155976775
1156565570
1357892306
1357876178
1357679011
4109147297
4100435168
4114066880
4113936192
4079332864
4062686720
4066500128
4066381349
4083158631
3789557734
3773042086
4041612710
4041350310
1885408406
1952451782
1953508358
888155142
900806918
400689926
375532034
371404306
375463906
375391654
383780006
380652710
112249022
114542750
1196550342
1158916422
1144175366
1143127558
1155724806
1151521287
1151648293
1151640100
1151570284
3298985445
3294734565
3290466407
3291514898
3574638594
3608389634
1465035779
1475523585
1467397376
1999033200
1999028848
1965441744
1966490224
2004177440
2012508449
2010390562
1968178182
1964125382
1410476230
1410545846
1414666661
1170356900
1199711876
1199706820
3264676356
3266593300
3265589796
3266093860
3282870565
3282993430
3287188534
2267841575
2234289207
2368636935
2235492359
3347049527
3355206887
3354752406
3355312526
3346928542
2239698614
2235305638
2233212582
2172399270
3288082086
3287048902
3287147014
3287061006
3249308463
2427232303
2431430701
2422772781
2418773020
2955577352
4046367240
4046367240
4047358552
4078783225
4044232363
3491635646
3491700982
3497263222
3497263142
1090329638
1136601137
1119824129
1119803904
1186913793
1320850945
1316717313
1311281635
237609139
204123267
204163202
1277888658
1278150834
1277640102
1546086054
1559455462
1552967222
1571880470
1605413399
1454419229
1185019180
3332591660
3290841388
3290841452
3291891580
3424013852
3424610828
3436997132
3432802831
3449674254
3483257358
3483291438
2392375406
2396553454
2346422430
2346365070
2311758223
2378804621
2370349997
2367204013
2400832173
2384086669
2388284043
3472515466
3472384170
3489193070
3479750702
3442460726
3475957766
3480134661
3480203268
3471737092
3731522308
3731523348
3732577268
3748370864
3756768404
3714692245
3694940342
3694924198
3694400174
3692438190
3705022190
4240385638
4104926758
3568047998
3568047311
3605857485
3727608013
1178380493
1310501115
1582606826
1582607738
1583207706
1585299770
3480929066
3480928810
3715801711
3749290599
3757614645
3738742549
2660875536
2660932688
2663025680
2658839568
2586487824
3660205328
3728608817
3728608801
4269674019
4277944166
4142677222
4150807735
4100573315
4100626563
4101681027
4107972227
4108162691
4095521443
4095009762
4094977314
4113828914
3597076514
3605407778
3601213474
3617994754
2544269314
2511265026
2498610435
2624423441
2624554689
2624501441
2642339457
2670534337
2653425363
2523401891
2531794339
2527866019
2544646307
2980845745
3522967684
3541904512
3541970048
1393436032
1393960324
320218037
320288183
320079350
290718174
324272382
332727422
316026942
313863178
313796619
318556169
318613801
326019336
289323785
272547593
270440393
811370153
810320553
558662313
571246251
571971307
641111407
1719055407
1719051309
1718853669
1697665140
3826319604
4094820524
4094829997
4107414189
4102101741
4103084797
3566217951
3517983439
3550750351
3265540765
3265594269
3269771679
1383367071
1379172698
1395100954
1395042586
1394977034
1915529226
1915586574
1915586574
1915718670
1647228126
1648292270
1667122094
1632503470
1615726279
1616260677
1886791188
1885610532
820257317
816062765
816066589
816058383
280231950
13896718
12863694
13494686
14674318
10414990
27196302
46059407
46039948
45974460
50307508
36610100
1110286372
1109958692
1378394148
371766580
338337284
1412103684
1412062725
1412042455
1424688806
1424503974
1420307622
1420306598
1420363910
1153054854
1157245062
1174027142
1119494022
1119575941
1119635348
45892020
41182628
34891684
35442660
20762596
1076809284
3046919
3042822
2946598
7120678
11314470
61650214
1118602535
1387105557
1388223509
1383771428
1446618404
