1148524307
1157054738
1152827666
1152811346
1152885234
1101373859
1097185185
1126667924
1109821060
1109821060
1109886596
1109767884
1109456444
1109452591
1113648174
1122034730
1122038842
1113936922
1131888671
56557599
23003421
13501749
14562597
14560565
6171921
6169857
6172993
6226371
14483859
13435314
59572642
42799522
1116172722
1117221299
1117091251
1123415457
1123347875
1123347939
3287608801
3254058273
3287612707
3270901042
3269983510
3269915910
2191712534
2191782166
2191773974
2192691494
2192630062
2211504430
2161153327
2152760601
2153088328
2152170952
2160496072
2177865164
2160956924
2152576236
2148381932
2148383981
2232130773
2232065479
3558522306
3558518610
3558532978
3564893042
3581670130
3581539027
3615224465
3598373520
4131047056
4135177872
4135115680
4135123360
4141411749
4158154229
4160480599
4118536503
4117620022
4100842806
4100844854
3832523062
3840850198
1693353990
1711246342
1702724630
1702686774
1732010038
1731141670
1697525798
1680736290
1680540002
552142498
816384691
816388784
816396944
816331392
816343680
293136000
305832576
