1457895871
1453702591
1471610253
3589701517
3293980607
3293849599
3293652991
3293787998
3304199438
3304133902
3299890463
3320872767
3320868655
2236835359
2236745231
2236809743
2245018175
2244014895
2223038766
2223026478
2223289454
2223355111
2223355127
2277872855
2248641751
2248576198
2248592582
2249612486
2249604182
2266377702
2228626934
2225027031
2224894869
2157720501
2174489524
2212254644
2187154868
2187188148
2187122597
2189229991
2189229543
2189225454
2201347566
2205607230
2205593886
2180428047
2176300813
2162472764
2154100268
3223637548
3223834204
3239464652
3238403980
3238407557
3242337431
3250791575
3234018518
3234010134
2160133398
2157008662
2157012758
2157012790
2243127062
2241058582
2241185078
2244267494
2277821670
2261093558
2252835991
2252838039
2253894879
2249717087
2255942927
2272716575
2281074237
2247454253
2247900716
2247886636
2247886652
2245866301
2178687869
2212238319
2212250607
2178696678
2170314151
2153086119
2153086133
2149022869
2165832837
2165767301
3339124103
3339124614
3342987142
3351379862
3314019750
3318146534
3301369078
3301340613
1146185156
1158702516
1326514084
1595268580
1578610164
1582605527
1599382742
1599451158
3714035742
3699089470
3699089710
4125799743
3052115743
3085541145
3078340121
2541410873
2541410857
2541439531
2541424171
2550074939
2482964235
2482848011
2478592107
2478588137
2478588137
2549924025
2550002840
2540698776
2507111865
2502908393
2503875053
2503883647
2489204062
2514363726
2514429262
2514314590
2547803630
2538395630
2546849782
2546984855
2546853271
2513235383
2504850615
2504841470
2500807166
2232306046
2266904862
2271095582
2262707726
2258515486
2260538910
2277250622
2281444902
2247902822
2247935991
2164051351
2154613143
2154613143
2168244615
2168412631
2205571351
2205575189
2197171207
2197105687
2264151351
2255754535
2281508647
2245922343
2229149207
2229038615
2229067351
2229047159
2247925237
2239536596
2273099220
2256386044
2256516860
2256443100
2254354140
2250227452
2535309037
2501623535
2501554159
2483727855
2504699131
3049953371
3045768459
3084565769
3067854601
3055132185
3057227579
3057382699
3189503019
3193691179
2925251625
2925255737
2925198345
2919951368
2852840713
3927635833
3944629229
3898541037
3093234653
3093238669
3101635213
3097441021
3097310957
3097247343
3096717871
2562992694
2562992646
2563058182
2563010310
2579789126
2604974406
2588378054
2584195798
2588387031
2596777557
2592452085
2592455909
2659556589
2659503341
2664695021
2518417903
2250052350
2266894958
2237535086
2229024046
2224825382
2224825350
2241739842
2178817090
2162052163
2161953987
2161678529
2153290225
2153487185
2166012417
2184887809
2184888065
2189145425
2455286881
2462622944
2529733796
2521335988
2517158036
2517325989
2517268903
2652532390
2623155862
2629451462
2629443270
2629328583
2629332725
2650598884
2667375844
2659043556
2659093700
2623440004
2625545668
2633933524
2633933552
2633880161
2491205155
2502706723
2452357414
2452107302
3526042678
3525983246
3530164239
1391069455
1357515023
1358510862
1090001678
1085802254
1083703582
1082659118
1082978670
1099740134
1133282279
1116571377
3264192145
3268393649
3276651169
3272473313
3272571633
3272489539
3276421955
3284806915
3251266675
3251332209
3234419825
3225994321
3225980115
3225984467
3226271730
3226271474
3234617186
2160924514
2177774946
2207130978
2190355522
2190354498
2190281026
2211187154
2202802659
2202810739
2169312579
2169389379
2161037635
2161090913
2160894432
2152509920
2152497632
2148303280
2165150096
2182002048
2182004672
2182020032
2181962561
2186156819
2186160930
2194614562
2211261474
2208113682
3347918850
3318153474
3318088003
3301376833
3292878673
3292823409
3288432496
1141075792
1141010240
1141012416
1073992656
1073861553
1090646416
1124590992
1112014224
1120258448
47040944
47008240
63920401
1128906033
1091088673
1091084577
1074569521
1091547409
1095729456
1137544416
46959776
38312096
34127025
34305171
34223234
1125003682
1091446754
1079911970
12525090
11352594
11282946
1102850562
1136455427
1138591027
1105036595
1103987570
1087345394
3234697954
3234641570
3230463666
3230416562
3234807474
3251574242
2169320674
2203918434
2197762066
2193503234
2193570818
2193369106
3283908898
3254540579
3244050737
3244035345
3227325696
3227455744
3227460400
3226281760
3226236768
1074550624
1074644304
1074644304
1091491137
1108276547
1108278610
1112513874
1120860498
1116666178
1116731730
1116732755
1116732753
1120793968
1129182688
1124905440
1124970928
18788736
2012544
2004352
2078096
18332848
17153200
50658720
50396576
50392481
54587299
21004211
12808147
12726083
12726019
12785458
13702962
22095666
22094098
22098194
29443346
8768818
8756530
1082502418
1086690578
1078231346
1103462898
1116636546
1116648833
1116650880
1116707760
1112394656
1108101792
1108156064
1108289204
1376592804
319054316
323248429
290775069
341086221
349537293
349539613
341178685
475523357
471268623
470201615
407281950
407281950
1481093598
1489475038
1506653614
1540138414
1515038110
1510994319
1578058127
1594245533
1561723885
1549153005
2094486125
2094351901
4237676317
1572199709
1609936157
1593091853
1584722445
1580515849
1580548731
1582700266
1985359274
1993681066
1993685162
1927223450
1927232650
1927094410
316486027
324928443
291386091
1346118379
1346118191
1350332975
1358742311
1084015397
3231483157
3231485205
3231497525
3231628565
3231624453
3567173383
2515967767
2541133607
2675283319
2671097303
3191312855
4265062551
4265078967
4262982071
4262875559
3994448295
3998622694
4015469438
1842623806
1842623806
1775529246
2043964702
2043948350
2044013855
2044077903
2027291463
2027356998
3705078630
3705092070
3570741222
1434725298
1452093330
1385053571
1385039233
1386021249
1381761440
1377313188
1377395108
1394340324
1360590197
1901632821
903384373
936938813
920493341
912241933
2116022557
1579147551
1595924798
2082367358
2081324990
1557028510
1552813726
1553927838
1553747590
1570533271
1608279461
1581543908
1578455332
1578529044
1584849156
1608958212
1571213316
1554445316
1558629388
1550306333
1479395389
1479343405
1547496751
1567911739
1601511291
1459568091
1457456603
1459553723
318452907
318316990
318251422
318313374
333001646
324559534
270033903
1343779711
1344062271
1079821621
1088277813
1088223509
3231496469
3231037717
3231104775
3298211591
2545332999
2662761271
2662696807
2662634983
2658973095
2654250151
3191120039
3122114743
4196323511
4196327847
3944637935
3948838399
3915349854
3923537758
3923535646
3914883854
3914953503
3914928927
3914937151
3923453743
3923394367
4191883037
4190707485
4190709517
4190713621
2043164533
2043164661
2026385397
2017996181
2018000311
2018325939
2018439603
2076606899
2059829651
2055307395
717274305
717268997
708880423
704690215
705936423
1846715431
1849077807
1849081903
1849573743
1870610879
1845318589
1828524733
1694303935
3841396382
4109834910
4042603230
4042603262
4042533598
2966694622
2442405454
2442474318
2425713118
2425676127
2425680687
2429851431
2421984037
2421983765
2422073879
2472471319
2518609719
3057571637
3191767540
3196033012
2925311924
2916398484
3168044484
3158672604
3171086428
3171115052
3204522029
3204654381
3204589359
3183615535
2643597887
2677410366
2660502094
2661026254
2260211918
2390284510
2386283774
2386228366
2402984078
2621088142
2625287134
2631828445
4259087868
4284267772
4263290908
4263290892
2115942428
1781984316
1781949484
1781932076
1786118188
720830781
704053597
955585501
955585245
955331199
951136863
949173838
1484859982
1484843726
1484843726
1489021646
1505800134
1514246598
1514389702
1514537159
1515586037
1532367269
1532372900
1506092965
1220554663
3384815542
3418370014
3401592142
3401591054
3397389582
2323651630
2323653678
2323783982
2323804478
2392244542
2394194223
2264695151
2263647727
2204928495
2204998135
2205153751
2205055447
2201893207
2206083447
2206137687
2214509911
2180955607
2180824565
2482806245
2482802084
2473362868
2439877012
2419045264
2955915952
2955403952
2955305648
2955310756
2955304933
2686867751
2749786382
2728815886
2729862414
2729960207
3065823784
3063693864
3218867752
3206290168
4215225065
4215221163
4215027882
4223404250
4223140042
3652915402
3636080842
1488593098
1222254826
1222140842
1217980332
1217964972
144219044
140351908
403671460
1493601668
1526892420
503489476
503571415
504484582
504485542
508657574
508641190
515931622
495049958
1553175654
1555477511
1554953229
1550683151
1546165295
2099820591
2133436463
2116724751
2121968653
2122027212
4284125612
4250833580
4249273068
4232463980
4249946909
4249889031
4283443286
4283902054
3755351270
3751675382
3753771990
3720282775
2378105428
2376873492
2414663172
2407302660
2273093124
3337922372
3331633124
3332160932
3335306663
3326409894
3255127206
3239462054
3491152006
3492995526
3497191174
3497061942
3497044534
3492850182
2440079878
2482092550
2465380886
2461181478
2461242158
2459271982
2525332271
2529481071
2521101821
2516909557
2533719285
2538019069
2504399071
2487621838
2219190606
2220240158
2228694334
2224368958
2224366878
2224305438
2224297246
2226931006
2231158078
2239530367
2273019359
2256180685
2256187845
2256446868
2256319924
2273088932
2273156516
2269093300
2233449972
2233384916
2501312213
2539056853
2539054839
2530600695
2530534391
2531062711
2522665407
2518438335
2503755199
2487109007
2486857167
2491051471
2491117015
2490957045
2497242229
2497504341
2447238229
2480927957
2472410581
3542056405
3541983189
3541965813
4082507620
4082573108
4082455828
4090819845
1658101781
1658101815
1650234662
1650230566
1646036006
1646048310
1646040070
1644987398
1645051942
1645134950
1645106663
1646140839
1650342823
1660828567
1656635271
1656632199
597046151
832446861
819929229
811413721
811413624
285029688
285158968
280968728
280956424
279711241
279719433
279711241
65849883
40667931
309303579
309173595
308662651
308670843
307589499
306668027
306536874
315482538
315421098
332187054
327978414
864849318
864852406
864917942
596613558
596621751
558807213
554608765
555722781
624535580
623618108
757786668
757786924
757755436
690642476
1777999405
1773678109
1771581199
1775779086
4191696974
4216928350
3684317566
2593790334
2325355374
2324306478
2391424622
2391350894
2391543375
2261045071
2277805391
2269482073
2269481049
2269501561
2269993081
2270124395
2270067563
2278439531
2279488127
2245803615
2245800543
2222732127
2222863227
2231268221
2231366517
2164039664
2155650000
2151455696
2151455632
2151652240
2151586432
2453583488
2453312128
2465895040
2465895057
2455483041
2451108771
2451072930
2451320802
2434739042
2436765986
2449422626
2445027378
2445031446
2445032450
2174628866
2174627842
2224689474
2224751011
2226930083
2231125415
2222737575
2218023102
2218096798
2232842590
2266397471
2252799501
2256987660
2257887948
2257887884
2258417340
2256309932
2252114852
3275065760
3275196577
3241667825
3222727681
3222727937
3228987200
1081503360
1098260096
1131810432
1123354512
1119092897
1387528355
1387544743
1400266923
3508986217
3491930888
3491996168
3495996936
3504642568
3500513816
3500653112
3500653115
3504642922
2430895098
2506408858
2540159370
2519093402
2524340394
2541150442
2502255659
3026676767
4108741646
4242992394
4238718762
4255429930
4284777530
4263824394
4263630858
2116155418
2116217114
2050385215
2054574861
2054488845
2119500415
2128044782
2144756654
4237747094
4241642374
3705030534
3696575367
3704939501
3700745580
3566513452
3030166572
3032258588
3036198924
3052050445
2783610911
3891956798
3862924334
3860694062
3994451982
3994464526
4011254062
4011221871
3977323375
3960541933
3964732137
3964732393
3837859832
3834657592
4103158552
4103281416
3568769288
3501467912
3249810696
2192885000
2193064264
2191426488
2191496105
2458694059
2458685870
2546766254
3037500846
3037050286
2803348974
2803283214
2805378318
4013337866
3996298537
3996363817
3996374072
3996176681
3996172585
4013017065
3983789801
3982741227
3990998011
3990945755
3990941151
4024690015
4017275999
1869792287
1869870103
1869737015
1869737063
1869740135
1852033127
1852033398
1860553086
1726339455
1717955423
1717824351
1701038687
1684261463
1685573463
1685585239
1685384695
1685122543
1684143599
1709689341
1743244285
1718995933
1718745821
1718741725
1735654013
1735511933
1868615037
1835068543
1835066495
1835229695
1818391543
1818378869
1818444405
1818313589
1818260789
1818258749
1826711613
1843546429
1860323593
1726368009
1718090057
3865373513
3873766377
3873753835
3873819371
3873754843
3865368523
3865375178
3865567594
3882279274
3849769322
3849770110
3849710719
3832868095
3765790951
1634159095
1634159095
1634160087
1634033143
1634036734
1633905502
1642326815
1643367199
1677053215
1666503967
1649697119
3797246457
3866555385
3874934457
3891776184
3855702712
3838869208
3829428168
3829491032
3829625881
3973149721
3973082137
3992021099
3992119658
3992386554
3971403482
3971335882
3975463626
3967087434
3962888986
3979862826
4013351726
4013355882
3999745403
3999550715
4016310490
3991165178
3991099642
3992091098
3992353758
4025974606
4021579086
3937691102
3935658238
3939909847
4015931527
4011720839
4011794613
3981779109
1842684325
1838486948
1704269236
1708408260
1683237188
1679042817
1679239985
1618360865
1627261457
1623068161
1639777793
1673270083
1927025395
1921844962
1921799842
1921803938
1926031298
1926034882
1925506374
1925557526
1917168919
1934094101
1900478228
1879506772
1611069252
1611102164
1611486708
1610882532
1615072748
1640434173
1673923063
1669750230
1657233238
1657108310
1665431382
587524054
591783894
558192630
558125046
567037942
600694247
1674569205
1674569077
1641014612
1640875284
1640877332
1666026805
1665510677
1665658181
1666641221
1666635253
1901053423
1968166831
4124043198
4056901278
4047855246
4081326750
4081327022
1925519790
4068949166
4069991582
4074201231
4067778959
4079350261
4045910309
4050038821
1642573845
1642369037
1642377229
1634119688
1629917448
1697027864
1696761640
1697697320
1678790440
1678846761
1829776185
762325785
762321179
760285465
793845017
770900281
766705977
766706489
766645049
765735689
631513865
632030987
627964279
627964279
627964279
627964279
627964279
627964279
627964279
896384375
896382391
896381366
896381374
627945914
762166714
795720122
804108730
1873656250
1856879290
1856879355
4013866699
3978213065
3911115464
2837320296
2820544488
2833123308
2828796780
3902546444
4170982925
4171179535
3634047262
3636017262
2577926382
2330462447
2317895877
2318068933
2322260037
2331697415
2327470855
2344231718
2294228262
2294156582
2361268674
2361137570
2294025635
3371960225
3363587985
3358913409
3375686545
1326838245
1328718919
1311943687
1328720135
1597155597
1609612060
2140191532
4292131352
4283809304
4283740728
4262756968
4279534312
4011164392
3976643257
2887141035
2824235946
3119868138
3149158442
3136604218
3128215562
3123997706
3121963018
2585161995
3663073642
3667263982
2580943278
2564698502
2633893254
2631795078
3701408158
3701219754
3705414827
2633788648
2642177480
2273082824
2273177432
3347054136
3254738456
3253558792
3505129992
3505195563
3521521962
3521523178
3555004602
1399062714
1396129978
1360445594
1075179678
1342480590
272933150
278305599
284600879
276212534
90614022
1194244102
1194247174
1194213446
1160642694
1299054727
3455985573
3451793060
3485279924
3468437140
3466355380
3466388196
3468223484
3468665629
3485304623
3722741294
3693385514
4230260538
4230332170
3979656458
4011108619
3943147801
3926308904
3993418860
2919744636
2937520348
2903900412
3172336621
3159504615
3163694758
3029417638
3048488614
2545170102
2528395142
2527862150
2264664198
3325835398
3342608774
3308153238
1143925150
1143926222
1429185870
1429050638
1428458759
1428458773
1428465941
1428531477
1965271317
1969404695
1977785895
2142690855
4290137655
2113682967
1971093271
4114177317
4112076068
4116270180
4266216596
4266249357
4266247567
3729300870
3726176134
3728273350
3732584438
2646259558
2646259046
2629469542
2512113093
2511920580
2641947844
2636774836
2502655396
2485796260
2485813156
2491047604
3568979605
3568858823
3589826503
3715654982
3745066262
3745127734
3732539686
3757705574
3757652342
3757915478
3456057158
3447134022
3436512118
3369345830
3365167918
3367035711
3367018793
3367022888
3639711016
3643902248
3643902216
3677853960
4264994824
4264994824
4265520329
4130964873
4131046027
4129968811
4280951467
4251591338
3177718442
3051889642
2515021946
2498233450
2495087850
3568835726
3315285133
3332074892
3334002364
3334006436
3338199724
3324608940
3324936556
1093043245
1076276495
1344465162
1344449290
1344518927
1348836143
1894038825
1889840168
1907672072
1976878104
1970695464
1964387896
1964387928
2098605641
2102884093
2111096808
2140194024
2144371816
2127791224
2127801421
2126556367
1589701838
1447099646
1447173550
1442979246
1442975726
1396838374
1405224534
1405564678
1372858117
1356133644
1348257084
1342997804
1343198524
1343194908
1347388988
1355060796
1351417406
1351372398
1351421678
3502906798
3503963310
3235519662
3227131022
3235523718
1087925377
1078521280
1078497024
1075425024
1350283008
1400546577
1392424194
1384023298
1378255874
1379304642
1377682594
1376263334
1397238950
1355287738
1351222698
1368004265
3616080616
3617071624
3621282312
3346588168
3581452824
3564742200
3564747304
3493432024
3497626312
3506145944
3518728859
3556757146
3531489946
3526234778
3526235130
4063113386
1915691182
1919688878
1944528030
1907758222
1368673422
1372642766
298893310
332443006
334540094
334606143
334688061
334683964
334679356
292736284
288836916
288717876
286616628
286751797
320232725
324427031
326590327
334855031
836058103
836058069
299178965
290916757
274139572
274020788
1079258612
1079000436
1081094420
1089597756
1085387324
1085518392
1152426552
1151377962
3298862638
3298934062
3303114798
3290531886
3290925258
3577120906
3611211915
3592333453
4131303309
4139688845
4138632095
4137976318
4142178414
4129595690
4146390318
4146489902
4147259918
4147264006
4151708422
4138994998
4072408183
4089184327
4089131207
3518640583
3506054119
3506111137
3505926881
3505928035
3497541479
3495442741
1348217093
1104963845
1138674437
1381944065
1377754881
3256665888
3260846432
3529027808
1381552288
1348129152
1348088192
1358570369
1354438306
1353662118
1354509222
1375480742
1396455846
1379142022
1377069454
303427022
326499807
292930781
293065949
829941117
829941101
829945661
825622335
859103039
863297343
863337759
829914399
829898015
838220063
861342015
861211519
860097135
843325055
868491103
868556623
299193695
299367903
299232767
298188287
289770973
323456477
323337693
323267965
324312445
324390269
324468095
290910079
290910207
290906079
324521887
323275677
323287485
323254783
289889759
289832287
290876799
290680175
290549103
332494199
332490199
332529117
332520925
323079645
323079517
324226399
290942239
290975039
293070639
284653358
284515902
1356123934
1087687966
1087757598
3227514142
3235901502
3231576383
3231314749
3231245868
3298549372
3315329780
3317230244
2281233060
2272840101
3325740199
3324674214
3324936374
3324429382
1109849094
1109781510
1109666855
1379151143
1379282535
1383476965
307639981
307693245
307500685
306456461
39142797
55920093
22500831
1081485151
1081550717
1089550185
1089550121
1085290301
3232760124
3232776508
3232776508
3233112380
3233230120
3233229097
1089804585
1081412075
1091963291
1096210826
1124570506
1392804282
1392804778
1376031658
302297594
840215866
842307899
841345309
304294172
1361193228
1365387020
1357002540
1085413165
3230664493
3230672143
3230674182
3247455502
3247570238
3247570222
3250642222
2176894250
2168833290
2169360842
2177749450
2177758682
2169370107
2169372155
3243227481
3243243864
3276798280
3276537160
3284923720
3242914632
1162539896
1158280040
1158181737
1292396411
1292595018
218853210
218722138
420310394
420277722
453879242
454013386
458199498
441025018
440971754
440967658
441033210
441168346
1338757579
1305138683
1288371691
1288363497
3435830765
3435830685
3301685135
3297358733
3297612429
3314385597
3331244972
3327050668
3322835900
3322820028
2249989548
3323735528
3311151225
3437041931
3432388874
3434495246
3434226958
3434176790
3434111286
3438342502
3425747366
3442639783
3474096773
3457332868
1308733060
1312860804
3464538773
3464605661
3469848351
3480327999
3479276842
3353660715
3336891754
3337514202
3337501834
3337487503
3330212013
3325825197
1178349869
1182540073
1182540088
1182556425
1189928969
1115665417
1115599881
1109296409
1393198361
1347061001
1355452873
1355514315
4039741947
4031297515
3758669546
3825777386
3825966059
3826162155
3826170331
3830312011
3830014155
3825803513
3825807593
3825807593
3830002155
3838390763
2760451819
3029151483
3029150458
2492209866
2424572618
2156138058
2172663626
2172662090
2172662026
2172653882
2210403626
2210469162
2202236250
2168943946
2168800602
2177124187
2177193819
2202359675
2185745771
2185745769
2185482553
2185359677
2185359676
2202067244
2210456364
2176902956
2227304300
2227560293
2227690359
2219833718
2349857126
2349857126
2349710710
2404228566
2387588550
2395907525
2395907524
2395842004
2387381732
2387447276
2383251964
2383392252
2387584508
2387517549
2387533933
2236530797
2219721087
2219705727
2152663421
2152466813
2168985961
3259513195
3259709787
3255448905
3255439689
1107886413
1107837277
1107906941
1124792157
1091229517
1103877965
1099552607
1133041535
1133035374
1116454254
1120648574
1112387034
1112337882
1112403450
1112473050
1129217994
1078362062
1074157518
1074218830
1074251614
3225798510
3225720686
3225720686
3234109310
3234633334
3247216246
3247234678
2161016822
2161000438
2160998886
2160998567
2173581495
2207135877
2210872709
2210667925
2202015717
2202023789
2168469293
2151692063
2227250975
2227253023
2227187519
2227203886
2244009262
2244005166
2227228023
2227557727
2228082013
2228082013
2236599676
2236599644
2236602844
2265967068
2265966940
2232379740
2169469276
2177850716
2207244124
2207115132
2173564780
2177745765
2177746791
2160969575
2152580966
2152550246
2152684926
2169462110
2169396558
2202950990
2211405135
2211274109
2169272685
2169272701
2165136733
3239050573
3272537421
3272602959
3272471391
3272405887
3243110911
3234722271
3230527967
3230527997
3230528941
3234856365
3226467773
3225942429
3242719631
3276208527
3276208526
3259461054
3259327662
3259462910
3259461838
3259494862
3276271966
3242586990
2160391982
2156197670
2156199206
2206577974
2206659614
2189881358
2194076959
2195060031
2211831103
2203508607
2170010623
2169813997
2169282493
2169345933
2202964621
2202989193
2202923737
2198352488
2198345512
2198543656
2202676536
2169122072
2177838360
2177662233
2173486361
2173486427
2173470202
2211287530
2211287466
2186252458
2186195387
2186195337
2186261640
2186131592
2182085080
2181757432
2248866136
2248867657
2396709579
2375738059
2358960891
2359010027
2358874793
2363003817
2354616233
2352521128
2352536552
2367331320
2367335368
2635788232
2673602504
2677663704
2677651416
2677716696
2543421160
2539179624
2534952488
2501393944
2535138825
2537240123
2548578090
2544395306
3081290794
3081276458
3081276458
3085470826
3085667582
3187314124
3210585740
3206325900
3206365868
3038642860
3040744108
3039703468
3182305454
3165397182
3031183518
4104982734
3565040718
3558763598
3558795338
1415571787
1423960521
1407159001
3537799816
3529410184
3527135880
3526935192
4063806393
4065886697
4086931695
4053509614
4053515542
4059803446
4063870502
4063792678
4063795474
1914304515
1914521601
1914636289
1931414769
1897807009
1893082529
1890984323
1890714499
1890714242
1894974082
1892700834
1355867878
1355868774
1355836006
1358174798
1358171086
1358366854
1353070727
1403401349
1386614916
1386352820
1390621172
39855092
35661652
35663703
35663654
52457254
56635182
326130990
334552382
330421566
330544430
330404141
397443420
401638748
120696124
254912572
252831774
252930334
255228190
267803930
230573850
213533450
213566218
213639433
1287168296
1291366696
1282969960
1276872024
1545320920
471509976
471772120
471788376
483249929
478938891
484376845
475935501
471737197
337520557
339619749
75251621
385142660
385320324
383156612
1448522116
1447076260
1581294564
1590731300
3622942245
3299014150
3298954758
3299215894
3303873062
3303544870
2359822438
2410155174
3468304518
3468255372
3472400524
3325591708
3325854124
3342833916
3309217820
3493243148
3492195084
3492723212
3496905229
3522069005
3522069007
4085089902
4082943726
4082918318
4049351662
4049404895
4057924443
1893675305
1356669225
1348280361
1348410425
1350514699
1350379530
1077700682
8190154
75271562
83788169
112885896
112890072
1185591320
1185849384
1186832424
1190964520
1190963753
3598690922
3594500842
3594308266
3611086474
3711615882
1551520394
1559913166
1559896814
1559765614
1559765807
3707248933
1557659685
1484587053
1478426669
1478237197
1214000397
1212952335
1217363487
1216872255
1216789791
1237490701
3443756044
3472917532
3472925788
3460343116
3464671692
3330709452
3330707404
3268332525
2185812911
2454220455
2451261102
2455388814
2455388814
2465776574
2463691182
2463689902
2472065199
2472073373
2438584716
2438716812
2437578188
2421915132
2421898604
2440770919
2440701222
2473207078
2473272638
2481483022
2481519886
2478348558
2480511247
2463729724
2455345212
2451159068
2455352332
2455498780
2455384364
2455642412
2422022445
2422084414
2430474234
2426276522
3501984682
3501984682
3497793946
3510385034
1396059530
1379279243
1377977225
304137064
325116713
291562027
274768395
270576142
1344383790
1885575206
1893959718
4038428694
3518335175
3535701124
3531506052
2453595012
2452513428
2452501168
2465149600
3534497440
3535548261
3535550759
3534231574
3538434054
1378379782
1378479158
1378586674
1378586646
1378529478
1361749124
1344965764
1345308804
1344788660
1348934052
1357331108
1354050276
1890591461
4038074990
4038074926
3501208362
3495968810
1344294938
1345386506
1158768654
1192519694
1188448526
1586416446
1586141982
1586141006
1524273998
2031784526
4164588102
4167737941
4176062049
4177047264
4212698977
4194889185
4194840035
4195233251
4195237795
4199161763
4204399505
4189792641
3635948677
3635946631
3633848455
3365417094
1217978622
1217962286
1218224938
1218228523
1492432169
1479841832
1479903272
2067171336
2050394120
2048829449
2048825355
2055179274
2054864922
2050637850
4198174842
4181205354
4168753898
4240048810
4240048810
4239983274
4256749225
4273516168
4135106696
3594037384
4128876680
4127894664
1997186184
1998253512
1971244584
1978550825
1910839849
2011442729
1986274861
1457676557
1453473807
1458700302
1464882198
1410395174
1410394146
1414981938
1352059714
1352060866
1354544787
1358750385
1396531857
3527307921
3525709456
4062580400
4068416160
4074519264
4090243872
4051971380
4051967020
4053083260
3550291069
3549263103
3549220350
4086074878
4085876990
4123760878
4123769150
4250839358
4229343518
4162300702
4162157838
4162131214
4161017102
4161025302
4169540902
4169555438
3095841710
3112487823
3113003917
2609687180
3682905740
3754344076
3741744812
3708231341
3709733359
3711830054
3698272294
3698075670
1567434758
1567501318
1601053958
452863814
446440133
446457540
251197252
238599540
238591468
522828012
523872508
393984508
402300380
385519004
318410140
305761788
322495996
1396450588
1094652220
1081999663
1357267758
1353086502
3500596790
3504638470
3501505030
3501501382
3516174263
3533014461
3527837069
3523644805
3524705493
2453056613
2453138469
2452958517
4079298325
4046402069
2955817525
2964197925
2964980261
2427979559
2428004311
2442714614
2438581670
2433321894
2433326006
2433264031
2438506903
3009001623
3009068183
3009080791
3011176279
2474305110
2456509975
2456361557
2469145301
2469215221
2440894949
2163543277
2226588764
2226586637
2226467869
2226414623
2225398838
2225383207
2242151015
2246554327
2233966983
2267518095
2536869037
2517993645
3071715837
4078348877
4046891725
4058438351
1911344783
1944876458
1919680682
1915486382
1919877294
1919295726
1919295782
1927422759
1382097421
1348477452
1344430600
1075986952
1076059928
1088518440
1084496168
1084491817
1353992491
1438501130
3617499594
3539903882
3531375034
3525870010
1378517402
1395306894
1362796958
1362944430
1348223406
1356645550
1358911722
1374578922
1374562554
1399794058
1382754699
1382681483
317589385
317522873
317469625
317469113
309076397
325345773
325444589
1398839093
1398847285
1373681460
1356903988
1357365012
1353105156
1420737284
3572472628
3572357413
3589224743
3589160166
3622710438
3622718646
1451089062
1987878070
1983749526
1714928582
1714924359
1734716229
1629531927
1612752438
1680000518
1679951366
1679955494
1679965734
1843464742
1839205666
3969913907
4238348288
3701608452
3701616644
3424715012
3423617804
3422575132
3426773780
3431000308
3431184564
3431118981
3447896197
3465970823
3472720263
3471802807
3464401315
3460210979
3727466786
3727466786
1580000530
1596941602
1433279522
3572369411
3573417985
3573356560
3563857968
3307547664
3295028480
3300279808
3568813616
3583282787
2508500706
2542054050
2454490018
2450294962
3525217410
3525244290
3541967746
3541971586
1400844967
1945920421
1945952620
1936515112
1663872024
1630320904
1630382345
1613662985
1613663755
1613666059
1613731597
1613747661
3761163693
3762180013
3774230189
3791077039
3820435102
3807851150
3798409862
3798282918
1659122086
1654924454
1654662254
1923150863
1923326981
1923522564
1915068420
841256976
841789488
858305840
1881849124
1886042465
1894418880
1621854592
1890303936
1885975296
1882759697
3762070051
3762070050
3777418786
3815164658
3806743426
3802483075
3802417585
3806673841
3798016641
3793822341
3860931223
4133499302
4137689254
4137693414
4120910886
4104330246
3567396870
3567659023
1420241167
1151695871
1172635055
1466226094
1446363311
1444262047
1444258015
1580577053
1466278664
1432792584
1416031752
1411829256
1411733000
1545941801
1545867563
476840042
479986874
480196826
480176378
484354302
394242206
372616398
1446355150
1982234822
1982234694
1713807382
1663476006
1629921827
3764892193
3764896288
3761193504
3761046048
3760980516
3760984612
3760989476
3765176367
3769567486
3769505934
3819862158
4071553166
4071347342
4075323806
4075328431
4071158701
4142491309
4152045487
3615174574
3610846638
3615036590
3589865638
3585740982
1421488338
1421422833
1421354208
3304877280
3292327120
3292380160
3341720832
3324413696
3597042176
3601175072
3601113632
3617891872
3585388065
2499074594
2618608482
2619082786
2621375522
2621308930
3693486274
3722846402
3484296323
3467000960
1319569792
1319438720
1189563313
1189576611
1181016994
1181017058
1193599334
1143267382
1143267366
1147527222
1147596039
1156479237
1169083204
1202703060
1189927604
1113910932
1109775044
1176814277
1092928309
1080488743
1088874278
1088712482
1088695090
1088695602
1139217490
1122373843
1122369664
1114505348
1110311300
1110332228
1127019052
19705389
275556911
283937322
296594238
313436494
313440398
1185909902
1190085822
1177419926
1176899718
1193681286
1160127186
1155998242
1151607334
1151607350
3299107340
3299127596
3299130668
3303319848
3292498200
3292432840
3342768520
3330201992
3266235787
2191901114
2262827438
2254438830
2250249194
2250388282
2237850378
3299058443
3298929421
3298999069
3437594927
3424946222
3441727534
3408166926
1244119246
1245053071
1245053069
1328951964
1329472164
1308501668
1557947053
1557980863
1549575887
1566359390
1599908670
3470764334
3466504238
3466504246
2264845318
2256405510
2251948034
2235179282
2230986018
2226796322
2226730530
2224567842
2159556131
2159808307
2164002643
2163492307
2155102627
2167755169
2184630707
2184638851
2186736003
3260448131
3256310211
3256113954
3256113958
3323206198
3325373198
3334235918
3334258974
3468542238
3484058111
3450503661
2355855781
2352717237
2352651205
2350427093
2350443303
2354604834
2363042082
2363112722
2224685314
2224685314
2159935794
2164068642
2180788579
2204914099
2213429633
2263795072
2263670192
3337419168
3345807776
3345455504
3441859456
3290603408
3290674992
3290474289
1159769889
1159769891
1092741905
1105390337
1106444097
1104336336
1104384416
1104511393
1121288433
3262547011
3258877955
3257894962
3257706530
3258771746
2197613350
2193510151
2207909379
2157577729
2157597233
2157797921
2157733664
2157725536
2161919809
2153008721
2152992353
2155088481
2171935265
2179410723
2179279155
2179267863
2179765511
2180814151
2180875767
2155714039
2155847607
2155847319
2151530134
2149365430
2417866422
2416366230
2416367550
2954296750
2984143086
3049154814
3049154766
2545904975
2675712589
2654745165
2671710937
2674856680
2645298664
2645297320
2627999916
2631940253
2367888527
2401370310
2402439238
2400411654
2345672726
2306875442
2374067474
2375186194
2375181858
2409045539
2411466531
2415659891
2390493507
2256279634
2273060962
2268866594
2235381810
2239634434
2231246082
2231250178
2231315715
2164022563
2180828513
2171455952
2171526080
2181037008
2206006240
2206005728
2206071264
2172541376
2172541376
2172533697
2155756355
2172467554
2166110498
2182945058
3256752402
3263068418
3271489986
3269450113
3269253536
3255605664
3272382880
3240016256
3223239040
1082046592
1090517137
1087765665
1087696035
3228626083
3228591589
3245359589
3227599181
3227742988
3228792604
2158133020
2158197532
2158058268
2175028029
2208649005
2196194159
2196161531
2187772891
2212876794
2179265002
2154098154
2154101226
2150091242
2200357786
3261529994
3261522827
3261587913
3261419993
3257155945
3240415529
3223846171
3223759642
3223759642
3244669754
3270293770
3266163978
3266285578
3265953867
3265954025
3261763816
2200544488
2435558888
2418716504
2423176764
2960037420
2959902252
2686750268
2686754356
2686959156
2686893604
2687409696
2704199200
2804731424
2804698672
2787923568
2792118000
2808879028
2817267621
2783712693
2767001015
2767132055
2767139990
2767010998
2767011006
3052354782
3082693854
3065916622
3070110926
3070110942
3061785823
3078030495
3042312330
3042325898
3024430490
3024383422
4098128382
3712309502
3741808654
3725031438
1582820366
1583277062
1583248407
1583042837
1583043349
1578791440
1578787376
1595561472
1295666688
3698969344
3707489264
3707476448
3703291296
3703291024
3569073280
3585842561
2528877986
3067648418
2987981218
2987974563
2971164321
2954503824
2956600964
2968139396
4037740165
4037545894
4037549222
4037557414
2460495030
3539483790
3531295886
3526019534
3274615375
3509381645
3492605464
1349279288
1357805081
3501078298
3501012266
3500934190
3253478446
3240574014
3308207134
3341704206
1195334926
1207819534
1337517902
1337587006
1339785518
3478888510
3378226459
3657149721
3657149720
3657021752
3648560440
3682176312
3677979976
3677935064
3749266920
3713684904
3713695656
3712646824
3746463384
3620699785
1455713935
1455713982
1447319470
1376056746
1375858858
3524505854
3543314446
4034049035
1885515017
1348573464
1348508476
1373953580
1373951524
1375028004
1373045045
1347879218
1343560738
1343494178
1092503602
1195300866
1182722050
1191102466
1190936578
1197998082
3312124019
3295285729
2230006753
2225815264
2225814224
2225810048
2175343281
2175295139
2175297186
2180539042
2172183462
2172182958
2172485806
2172616878
2166853771
3508911305
3509037256
3508971848
1396091144
1396107528
1394040120
1394038553
1360474907
1343623994
810947354
878072602
1417082174
1425515566
1425323070
1432130638
1461486798
1444856974
1444861070
1449064334
3600740006
3600803494
3617384102
3583828655
3617121213
2547684284
2522530460
2535113436
2468071124
3508293476
3508301604
3495717165
3495831869
3495836957
3506312991
3572959005
3579131517
3612616317
3611565775
1459883719
1464078071
1598365607
1606759654
1602696422
1569140990
1506222302
1497637958
156001302
156036407
147650871
165521718
1239263526
1272814902
1264422166
1246659846
3394146566
3419316598
3414668262
3414471655
3380918197
3381510044
2307905948
2345584829
2337163519
2332969214
2332956766
2404330846
2404329438
3452908190
3452846750
3449209757
3453780396
3344733356
3322723516
1175235772
1175317660
1443884284
1444293868
372649068
338038124
270929503
270932686
276179670
349449878
97545878
1183893142
1183876806
1116968926
1184080190
1200988462
3300303127
3300303621
3299784196
3501100564
3505162788
3496516388
2503514405
2535110693
2518341687
2518305794
2518286786
2268726146
2507801234
2511999654
2495099814
2493005222
2493020326
2223564998
2244520006
2265492486
2669257990
2669584903
2673779207
3219033893
3068038437
3193735268
3189545076
3189550276
3206471876
3172917700
3172885492
2902344612
2898003876
2898004644
2763532965
2765630085
3034328711
3042911895
3042906790
3042247606
3042722134
3051119623
2516380679
2516379653
2516445189
2516539655
2541635847
2667202823
2665106743
2660955367
2661019877
2665205877
2589704469
2585367300
2602078772
2551748133
2618879607
2619076166
3160074958
3162164190
3170486766
2901985518
2917697774
2818279551
2952506637
2935596812
2925044236
2920849948
2919879196
2919880484
2919879717
2920864807
2935573538
2846510274
2829720770
2833919170
3102354562
3102358434
3099278050
3099146978
3099077363
3099077217
3099077472
3099081520
3115851268
3111915012
2604404484
2585034052
2589124068
3124946405
3124807077
3120613267
3137441410
3108153986
2579671426
2558781586
2579560610
2571159714
2634172850
2667712130
2639660674
2648053442
2677346035
2509508193
2513710625
2513710644
2513724948
2497050369
2495520017
2495514659
2495383586
2625407010
2621212722
2638059538
2652281859
2652304387
2652299331
3193324883
3126609891
3135012579
3134741219
3151526629
3118000852
3185109700
3210275524
3206081156
3206081156
3176721829
3218656423
3082538150
3086929078
3045063826
3073178866
3073236018
3073285171
3077483537
3085870336
3085936384
3010377472
2972644865
2972370497
3039448787
3039300259
3039304611
2972203943
2976397815
2984975687
2981761285
2965057799
2962759951
2962760463
4036518443
4032328235
4028122666
3006810922
2787035451
3860785499
3860831179
3864824523
3814493834
3845949066
3844903562
3844977322
3849302442
3853430955
3886985387
3886988541
2814291085
2815863956
2803281108
3071730820
3071430789
3071410567
3071476454
3075551846
3079677478
3081780774
3081775662
2510563902
2494315294
2225865742
2229862415
2231042059
2360942603
2358779931
3436716075
3310942251
3323496489
3258550328
3258681352
3257632776
3257637960
1110159816
1110094728
1126871944
1080751048
1085989851
1354416490
1354268010
1356347498
3494410346
3557357930
3490249162
1394273162
1377363850
1444528778
1448837770
1451918267
1468772777
1452847528
1452844536
1985719628
1983561020
1983560988
1983558676
1914408980
4063855669
3761931317
3761935364
4096414917
4096396693
4100656805
3031109285
3030915749
3031177895
3080993446
3085183926
3042977879
4116716599
4100070407
4108461062
4109508686
1961944031
1947313149
1946190765
1946191769
1946197643
1962970827
1967516234
1430728506
3712101674
3713412394
3723902250
3724413210
3451784458
2411400474
2409111834
2409161163
2342027721
2342031801
3403198952
3394801004
3390867756
3458111796
3458116864
1310646528
1327390976
1295958273
1279181057
1279181655
1144971207
1143401414
1143376838
1416071510
1441241447
2007280997
1990500716
1990500984
1991553656
2121761384
4262776363
4262725930
4262738986
4262866986
2117476458
2146836730
2092839050
2092839566
1556024975
1555909260
1555880620
1551674028
3558648764
3592202636
3590761932
3590761804
3594956084
4156788004
4123165988
3032921892
3050747412
3063255604
3063714341
3067922214
3059500326
3055029350
2520452262
2503621798
3026853374
3031048078
3031060366
2494070670
2510875535
2540235725
2536017357
2536146372
2503644612
2491081172
2491114868
2491172148
2487033173
2487105813
2490776407
2507553622
2547335122
2526296022
2526294455
3600027831
3600093365
3753144548
3715907820
3693986076
3694063368
3694062088
3694062088
1546562057
1567402809
2138877897
2122098633
2120008649
4267557371
4267626987
4292801386
4242469674
4241978158
2631169566
2622783006
2622975550
2631302975
2631341855
2581399309
3655140108
3655272200
3655271704
3655142456
3655153704
1540106281
1514941467
1510745099
1510813707
436801546
436809850
440934506
440983786
466133482
466140650
466139643
1523300761
1523300745
1523562888
1250925000
1267703752
3381565016
3637432920
3637432952
3636908653
3636888431
3636888046
3653539310
2604969462
2583996918
2584001494
2584017870
2651319886
2651203087
2672170519
2546336295
2244282149
2240021797
2172914725
2223258663
2223451255
2223381591
2240152663
2240038135
2244789758
2269676974
2269676974
2269682862
2269747391
2269755583
2265561245
2266622157
2266754509
2266653965
2270832405
2245927733
2245923621
2228552487
2230584615
2230586679
2230585622
2163542278
2155809030
2155690294
2155690294
2163687190
2163687186
2163570451
2164021011
2163000147
2171458387
2205143923
2196740083
2196749811
2189294067
2189195763
2189171187
2189171057
2189368177
2206089045
2214471445
2180851509
2180790053
2180781925
2179747175
2171428198
2205120870
2206169462
2206169462
2206071126
2189285846
2189286870
2188352983
2188230103
2188164501
2188155285
2188155285
2205006325
2171517429
2171517429
2172582773
2172582709
2181036821
2181037879
2172418871
2172402471
2172394279
2172455207
2172524839
2179864871
2179807607
2179742039
2179733829
2179750213
2171427669
2171435863
2171435863
2171435382
2171435366
2171566438
2171566454
2238576982
2238577094
2238577111
2238568951
2238560757
2238560692
2238692756
2238692740
2238690692
2372776860
2372769213
2372638127
2372663726
2372626606
2368415854
2368415806
2401954078
2407180558
2407182094
2415633167
2394530317
2662900505
2662896684
2667351276
2519500972
2653259964
2653264060
2670132396
3157687468
3157681581
3155584669
2761326301
3032350461
3031236333
3031213741
3052201629
3074213517
2537309837
3072222863
3072222886
3044960166
4104637798
3836005382
3835996166
3840256006
3848775686
4146571287
4129725479
4129735719
4130734135
4131193046
4129108406
4150141862
4107928230
4105896630
1957365398
1957246615
1975004853
1455173301
1446832517
1445784773
1462676557
1428597773
1411822605
1411896349
1415968557
1424490029
4243037741
4238712365
4256472621
4254907941
4022648628
3955539764
3947281685
3930502453
3926299703
4194750519
4195291190
4195168294
4195229926
4213047462
4191814070
2091517582
2091519622
1554713222
1555569287
1555577493
1566109381
1327017413
1310239941
1310371013
3457858759
3458108614
3479080390
3755787750
3722236902
3718210150
3718128422
3720164135
3719832869
3689424165
3681052437
3744133893
4280975877
4248404573
2098767693
2110301641
2110368969
2110504152
4249602296
4246456505
4095364265
4097451433
4101645289
1962803961
1889337881
1889273353
1889283608
1893477945
1887382057
1887366441
1883149625
1631356168
1629261064
1661767496
1661767400
1661779688
3809326828
3876500173
4112413126
4114223270
4234817698
3161137314
3165332642
3165271218
3165263762
2628454034
2645059203
2662131393
2658971200
2654779904
2654378516
2652290580
2656478724
2681725445
2677367325
2647925359
2633766638
2558004654
2553809070
2553874670
3698985182
3707381958
3703186630
1553932359
1308418117
1333047540
1309970660
3457454304
3456344128
3443703041
3435371027
3435395618
3300997666
3296991842
3297512162
3347975586
1184497810
1323188355
1325318272
1312657536
1312072944
1312073776
506832912
506767408
506767456
1580512497
1444057281
1578270849
1595048385
3713450821
3723945525
3702877733
2627742245
2627742247
2628004399
2632202798
2499218974
2497053326
2375418766
2375418782
2375291310
2362716582
3423883686
3423912407
3426087943
3426151431
3426135045
3430328581
3438713093
3480652039
3463875847
3463939079
2388115461
2396385653
2328220645
2324124388
2340766436
2311324404
2294624980
2294556404
2361665253
2361665509
2378505639
2244417982
2277841054
3343136926
3322157214
3255123102
3255133342
3259359374
1380294814
1376039086
1376886910
1378197534
1382395914
1365606427
3496443931
3496385819
3496401434
3563506203
3563474459
3706064395
3706066443
3706979867
3637774107
3654563643
3678676347
3678676475
3389335003
3393655241
3402043849
3414626776
3380945400
3364102520
3364103484
3368369452
3368492332
3360045100
3360046156
3376876612
3393651908
2328302036
2324115957
2323722741
2323669479
2323653031
2327847335
2319462819
3393197475
3401675922
3401671826
3401608354
3410025634
1258343842
1258405270
1241623958
1241755014
1242017222
1242015686
1241622470
453031926
453293399
454407495
420986327
425196021
425196029
970389997
970348989
961960349
961944991
961895839
961836543
961869822
964032510
963966846
963968638
963968894
963968831
964033823
964140309
964148533
1803009317
1802943781
1802934565
3950483765
3948264212
3956652564
3956653588
2883565076
3959404053
3950965301
4185854503
4164490787
4231726434
3161132258
4235136242
4243393778
4244446354
4110244994
1962863746
2013178242
1995882115
1991675521
1923452593
1928705763
1647616545
3795624481
3795624741
3795820845
3879657516
3879621740
3850061037
3858451693
3841673727
3841674207
3833428942
3850202062
3883888078
1723753822
1723744606
1722614111
1717842911
1730422453
1696868021
1679961765
1893860775
1889599714
1889546434
1956652034
1419797506
1419832322
1419947282
1420004626
1202097410
1190053122
1181643074
1181615042
1315898338
1332556770
1291592679
1291593517
1285304124
1291594248
1174366728
1206843912
1181154056
308578568
308315192
304119849
372281578
907059370
922788010
922919086
922924462
923256750
927221414
935610021
1975866036
1971737212
1435918860
1421173276
3705938492
3697569324
3429198396
3429300764
3437689613
3701840134
3701771286
3702490334
3719206102
3673067670
3664744598
4197356678
4263941255
4264998017
4264992945
4262584481
3994050727
3992986022
4013957542
3980408742
3963829950
1824725678
1820400302
1821645485
1687437197
1955872652
1962681804
1949132236
875095516
875095548
891938813
388683615
371914527
371979550
376175894
376034614
376042806
317584678
313357367
296580117
279581701
15342661
6950277
6950293
5770149
13109925
25954980
58986132
62275396
31647488
81961728
81961745
90354195
220246562
253798178
1580246818
1579201826
1579332866
1579335106
1600573314
1550305938
1550285538
1546992162
1544825378
1481909795
1532240161
1523589169
1586630673
1588986049
518964353
527075457
493521297
1022073265
2091751856
2091751632
1692712052
1697948708
1731503148
1714726188
1712760109
1729533223
1628864999
3780542951
3772236007
3763617943
3776192911
3776193437
3776328364
3766355624
1626278568
1626147480
1688484489
1688480655
1688676510
2007178414
2006974686
1436557390
1436573710
1163960326
86221094
73572663
1151581239
1302444087
1335998487
1340258311
1583519750
1583795294
1579631854
1579950510
1600938911
1567277711
1576714943
2109444783
2147001069
2147002157
2004397085
1713941529
1714007129
1730919625
1697289689
1680537323
1680492267
1680736959
1613697694
1617699311
1625567341
3768845373
3769059356
3836668700
3836734076
4155484692
4142849540
4134457861
4146905623
4247577122
3966559014
3966587174
3975140658
2901272834
2892851474
2888198914
3173407234
3173437122
2926888626
2800775846
2794476198
3868271494
3868403078
3868208292
3870566564
3816032420
3794012324
3794142340
1646411916
1650647260
1654775916
1654702399
1667293453
1612768013
1612818191
1612889391
1617083182
1626508078
3770125118
3784608526
3806169358
3797589454
3799700357
3795468933
3794404020
3794412197
3811254949
1630282661
1626086565
1621888167
1621363886
1621365902
1621566606
564405454
837035855
904165231
904148846
904205610
937760058
937917723
937786635
937786635
400947531
392558939
392691033
895991257
895989211
879212027
879080955
879080315
879080057
879079977
560312877
593998637
593999149
577213501
573037597
573037597
841439263
858200270
858143182
829819582
838209198
831852222
833881742
833893262
832844174
1906581982
1436836207
1441095981
1441129260
1432678956
1432679996
1433206300
1428994588
1462745628
1445722908
375978205
384366749
384388239
376046735
392835215
343552399
293222047
300558071
275525159
275525175
292300607
325325101
291852604
292024636
275247416
7647528
5539128
1087670557
1083607310
1085450510
3298994446
3298994446
3299257542
3487989894
3472261254
3472277654
3400987045
3404129252
3403997984
3391418656
3391934752
3391934497
3643597859
3626822706
1484695858
1486789426
1537116931
1519041281
1515887872
1511751872
1513734352
1580810464
1580933281
1545281699
1545212338
471794578
475992786
479671010
1553273442
1286869603
1286878724
1336733188
1315801604
1311738644
1580186428
1592634172
2129439548
2128909401
2121302203
2117247146
2117197994
2131828906
755118266
755114922
755115690
767569578
763369134
764417726
800077454
933504974
937715150
895806974
358989310
1441250814
1441184126
1441184094
1441242398
3622149438
3622083647
3538211903
3538277439
2196132911
2212896039
2212896039
2179407655
2162629158
2163673638
2157383222
2157252406
2156136222
2156155166
2178728222
2178711822
2170328415
2170338687
2170330605
2204081645
2204015037
2189343117
2184624589
2201450957
2268404191
2234915694
2216050494
2228629270
2224432918
2224366391
2226402103
2377388853
2226964245
2231142260
2230099824
2221727072
2221209952
2222217569
2234980705
2266372947
2253794115
2252745026
2261200210
2261063026
2256799074
2277770598
2244756966
2245838262
2354875806
2373826975
2373761439
2406324637
2389547421
2385492109
2385492109
2386540621
2386475293
2386471181
2388584717
2392780045
2258533405
2258590781
2258459693
2214348077
2155758949
2155792069
2164184773
2162024149
2161957879
2160884711
2152479207
2152544742
2169448934
2236492718
2244886414
2244882062
2245607071
2245582527
2245566381
2270728125
2268643260
2251865988
3459821444
3458772292
3475745024
3475745025
3446597939
3429821475
3429258531
3428991283
3428991811
3455240065
3482450304
3481299376
3481282976
3472890016
3439331744
3423735776
3425830464
3454412289
3450168834
3617908290
3332417522
3336617442
3458239590
2402323574
2268310534
2234770694
2238783758
2230334254
2226352942
2225264430
2225249582
2225375535
2510588221
2548861261
2523761100
2520160396
2520167564
2520167564
2534584492
3038142892
3021350332
3021352868
3025546916
3031771812
3031710373
2511604439
2528394758
2264149510
2263101190
2191797286
2191531046
2191526950
2191525927
2208630789
2209679365
2212448580
2178939860
2178792421
2172427237
2172492711
2239741366
2239675830
2239675830
2373958566
2273163958
2272049814
2267922054
2267676294
2267799175
2401918357
2368367829
2372544580
2372413444
2234005509
2234001413
2239375367
3237881157
3250463669
3248374693
3248276389
3281844132
3260589996
3256389036
3258617244
3257580812
3257838861
3543116047
1412213014
1424996630
1424931094
1424416022
3706012966
3705405798
3437101555
3368948209
3368952305
3370067427
1213738355
1213742339
1232674051
1266315013
1325027141
1340755909
1340854212
1164496820
1164488100
1413000620
1417199532
1434034108
1476040333
1459262085
1383764631
1919456231
4062753639
4063016231
4130192678
4130274342
4146554934
4146346006
4251204670
4251874350
4239316270
4255826478
4256944879
4288197311
4275607197
4263026317
3189287820
3206130572
2937760652
2770250220
2759768876
2763425324
2762375700
2762244612
2766447108
2758582791
2754409766
2754410534
2905557094
2943240374
2934315142
2800106630
3865456774
4130545798
4147454103
4149683111
4124452519
4120321703
4120125095
4053024439
4059328390
4058312134
1936123334
1936192854
1935988086
1935996279
1931834743
1931900405
1902540789
1902532597
1885820917
1894012917
1910773621
837031231
870595903
828712991
828717087
807745590
807737382
812072246
820459030
816190038
294716038
327160454
310379142
58839966
92525534
92389150
75540799
76589356
99658028
125024540
372415948
304513932
310280844
310297228
306074300
322840236
289219300
271327844
275521836
283385896
816058408
833884216
334511112
334498248
317836184
313625528
850496443
582196106
1659999626
1650557386
1663153146
1629725226
1881317930
1881596458
1881613866
4028964590
4029419246
4033348654
3517644846
3517644846
3517464591
3567820812
3568086028
3316496700
2280229180
2519697772
2519636204
2520692964
2520684596
2520663300
2537423620
2491298356
2427331108
2427331116
2427200236
2427205293
2427211182
2448215214
2481773758
2473457822
2470443150
2470377678
2435741967
2502831884
2435720764
2431398412
2494374404
3299746311
2225997622
2225871654
3303815462
3290695782
3290171586
3306089538
3306086402
3318652930
1166712834
1099596096
1087013872
1078510496
1091098016
1191737760
1191839872
101320836
102373572
1178478934
1311648262
241903110
250085894
245912358
262725922
212381730
212500480
212501504
1290447152
1294510432
1579727328
1445632384
1445627264
1445626240
1445691776
1445712816
1965695905
4096734115
4100799911
4104919463
3031177711
3031182142
3047959310
3047435790
2447666730
2447668794
2430891738
3522451130
3522450862
3520353455
3512026303
3544700095
3541554335
4078425239
4080456903
4079418373
1931865093
1931797525
1931867444
1936126757
1944515111
1944506919
1910822774
1912373238
1901873590
1897798070
1901992342
1902000534
1946042247
1409160071
1408041669
1407464277
1390683940
1382296868
308747572
308754724
308755764
308755764
317079301
317130501
317015813
334808351
66374942
24640790
24620342
24491318
292917558
1375572287
1375711517
1373614365
1373606200
1373607208
3495935272
3562912057
3571316761
3571447819
1415461947
1415459883
1423909163
1423909691
1423778363
1415393851
1415393851
1411199547
1411194587
1415318411
1348258186
1104972170
