4086651965
3802125324
3801018380
3800793100
3800596764
3800596780
3817373997
3783823662
3779700078
3775524206
3775617518
1628047870
1661929694
1661929694
1674447198
562969935
562964239
562963229
546054685
814486087
1888240327
1355321990
1372107670
1372100534
1405718422
1405782406
4073372103
4069173509
4085950741
4085954868
4056585492
4048200980
4045070645
4095463717
4094361959
4094230631
1946944742
1812792822
1825445878
2089694935
2106472135
2139897421
1049370205
1049115485
1053321679
2127096269
1590209997
1606985160
2143855064
1967886840
1967821292
1967821292
4123690493
4119432695
4085878246
4090203622
4065062374
4060835814
4060757990
4060747734
4061009750
4065142647
1674323764
1640834356
1623536900
1891972356
1891923716
1883559685
1883623237
1884082135
1879887863
1884082165
1900863477
1934286805
1934285252
1657448916
1653319796
1653120036
1653181493
3800806455
3796607079
3809190255
3876434671
3876357854
3842821774
3825553038
3825606334
3846582190
3850775982
3884854446
3868011694
3867962511
3868028044
3873303948
3860655500
1729940988
1697629484
1680274732
1680270396
3827799068
3831864636
3831606580
3832654612
3855858197
3855850005
3847260693
2802880005
2803344919
2937496103
2937492263
2937373999
2905918959
2909588719
2943273215
2951665919
2918119551
2909792351
2909793631
2909728095
2909728127
2909666687
2909592959
2909658463
2951732575
2951667039
2951216511
2942696831
2943217023
2942795135
2942787423
2909233119
2917490399
2917490303
2917629567
2918546175
2910120958
2918509022
2918250718
2951859423
2876464351
2876403167
2876403711
2876468991
2884718207
2876334047
2876534238
2876533086
2885441662
2884585790
2846509375
2846513685
2850713109
2842191364
2842174996
2871534204
2871595756
2871722668
2859009724
2867334045
2863155359
2863155358
2863200446
2863393022
2881153102
2851793935
2822431757
2822497292
2821354812
2821357100
2825539116
2829830700
2846476844
2846416407
2846420487
2850582022
2837997286
2838169254
2938765991
2938765991
2926118807
2930246790
2930248838
3198687414
3198888118
3215616198
3085593798
3623808070
3581846799
3581907229
3581903165
3579807549
3579694909
3613387581
3598707053
3598481903
3611036926
1463753934
1430131910
1433802198
1417025366
1156978482
129373474
132452626
123998210
119824386
53469186
19833602
32145985
96175056
96047316
128552964
124361740
388556920
1428744425
1412033514
1953147562
1957269162
1957462698
1957462923
2012000712
1983689032
1732223784
1681777192
1681843752
1681841720
1684982331
1693239866
3840735802
3840211226
3848592395
1717865499
1717929017
3866554492
3996573772
3996541260
3995484492
4000235876
2943341860
2897014052
2762782508
2762847823
2762909254
2762770022
2758577890
2888601570
2888603874
2888693986
3962502386
3962463426
3962447043
3966117056
3966114960
3965917600
3990952928
4020312816
4003691216
4004739776
4004769344
2930878274
2928714082
2930806882
2922415138
2939194662
2805201254
2937252470
2937252439
2941450821
2951924295
2914240198
2784285430
2784289510
2775900902
2771415462
2770616502
2774810774
2774880415
2774954127
2758174089
2691050123
2699442907
2695170601
2695629352
2712419096
2750164235
2724995338
2720932106
2741907514
2796421166
2796290094
2797408358
3062837318
3062456653
3079205704
3049820744
3038283336
4248341080
4012489064
3995773160
3995773097
1848289466
1848349834
640385162
640581770
640585899
640611307
640611881
661584424
1727003176
1722673432
3891063816
3882672136
3849175304
2758787640
2758726376
2767123177
2762994410
2762863338
2762797802
2762797738
2766986666
2758596766
2754541726
2754541718
2754541782
3828283606
3966690502
3967738051
1832837315
1832841411
1866387681
1865934305
1868951521
1860238305
1793186801
1794367297
1785984321
1783750977
1783750945
1783715105
1783713061
1783724853
1783753511
1792137519
1859242302
1861471246
1844823054
1819665678
1815471454
3963084646
3963079399
3832893091
3831766705
3773052593
3773248177
3806724753
3806728833
3807848065
3807719299
3803457955
3803457958
3801381030
3800356998
3817126278
1619303878
1623491910
1615107095
1610982433
1612031009
1679205409
3828802593
3963020321
3961707809
3961704417
3923888865
3957443315
3940801235
3941853763
3933335299
3931202819
3931202850
2857456418
2924545843
2924488561
2924490593
2930775905
4004775777
4021616976
3852337408
4103999745
4108066883
4095487207
1950099622
1950222502
1953368454
883821190
363202182
397677190
129249991
122696231
84947495
74457390
74458158
83192878
217476102
211217422
210172942
210697294
210679247
232752333
234586317
258654420
91160788
86835252
70062388
74326821
82190885
82191895
98899478
99354134
90986262
90985815
91018583
91017685
32362965
32494037
66056663
65925623
66056695
65974775
66033142
57652726
57521654
57652695
57652695
57521111
66974711
62780405
62780277
66941309
134164845
134161773
92153215
1165901151
1149205855
1148999006
1147950462
1156371742
1156432158
1156550966
1173336374
1173332278
3316560215
3350180307
3350172081
3333263777
2263717280
2263719328
2255328689
2251134353
2251142067
2251289271
2255450854
2272207398
2247893542
2239505959
2222728999
2222728481
2222929153
3296596225
3304980545
3304997057
3295592657
3312435409
3295662277
1147531333
1172824341
1172824373
1164308773
1164768559
1194128686
1194130750
1178598782
1178598478
1178590414
1177371854
124518606
99352662
78524710
78521127
78520868
82780708
70067712
69940736
69932544
69796352
69730896
90964560
90981205
124769141
124761973
107853815
107853303
107853302
124630422
133019030
124621206
124621206
124752375
124776949
124744053
124674357
99493156
99493173
100611381
100472629
92088183
92021591
23855574
23856599
24069591
15619543
15660501
15724885
32289137
32289649
65909601
61842291
112178675
116364754
116364434
1198503090
1194161330
1194144946
1161245938
1165373922
1173824354
1152721443
1152659987
1152651795
3300160051
3321226035
3312832787
3345334595
3328541139
3337459155
3337590263
3337590263
3337459127
3337401783
3337401783
3345790375
3341657518
3341788590
3325011359
3325005967
3593371789
3594424781
3594428924
3611156844
3577045804
3577029420
3560256300
3564438316
3572831020
3569168941
3569301023
3569237518
1157570062
1283202574
1277695614
1277712350
1277772238
1277935822
1294659743
258666655
241881245
241942749
250183903
376017087
375973039
375973039
388523181
392766637
392831389
91885965
92144532
92226228
342749941
351119077
283944565
296592983
329889367
317228631
317228631
308912087
305108951
305059799
1915655655
1915588839
1919721511
1675931702
551858199
551846927
543654943
1613149198
1613151262
1629994031
1664478511
1666576175
1641860653
1624032845
1623836361
3771421401
3763040857
3779667577
3813420332
2722901036
2722895916
2731280412
2999852236
4086178188
4086182540
4069130920
3532325528
3532137115
2459493290
2451082410
2436401386
2418968922
3492723274
3492719178
3496994314
3505157642
3496739434
3492283882
3492355243
3509267625
3555337388
3601473676
3601490060
3601522893
3333001478
3332940070
3337135406
3274225966
3274295598
3274333134
3274341326
3274342286
3546994574
3539714494
2461573615
2460524589
2997387576
3014173496
3014174268
2976497196
2955644460
3022687789
3022704175
3022782318
3022749022
2758724702
2914962526
2914969662
2948114493
2952309004
2952310284
2944067100
2939863597
2939896447
2939683582
2920817326
2920817062
2952266918
3216510118
3183020211
3166312643
2633640131
3698993155
3694815491
3699048215
4244369174
4290290967
4273517940
4271416804
4275610788
3994588580
3879241124
3845752556
3829051116
3828067884
3844848172
3882531373
3862608407
3862604550
3860843782
3859137590
3859136614
2786050279
2791207149
2942198253
2902352860
2899975901
2895649535
2895674095
2897771326
2896788246
2900917510
2892522758
2892521478
2892677154
2913910819
2947465569
2935378304
2926994304
2923299456
3208578721
3078370977
3086757543
3053207206
3053197958
3052150150
2515022998
2510827670
3718848727
3718995973
3719028741
3752504325
3756689413
3748309255
3727334150
3744107014
3744188150
3614003878
3748479910
3757838758
3713806498
3713802403
3558088881
1414930640
1425461520
1421252368
1420142080
1424276992
1432656640
4150565136
4134517008
3866011905
3862862081
3862858003
3862923027
2789180195
2804912995
2754462183
2754429351
2754351526
2754360750
2909548462
2951678638
2930641598
2930449054
2947054302
2913495887
2762501391
2762894605
3035522309
3043845429
3077314337
3060598561
3060663073
3060142369
3060600949
4130078933
4148036740
4097711236
4099808396
1952336781
1959611071
1955363502
1956409066
4103923178
4120687850
4141719803
3873219791
3872171469
3872239068
2815409900
2782829292
2770243180
2770257532
2771804684
2772316676
2772185892
2808877348
2813067300
2813132836
3215601725
3215597598
3215466554
2682785018
2640840890
2638100634
2638096538
3581814922
3579193738
3587468682
3586444698
3578062266
3607617950
3608585102
3746996878
3614880327
4158947877
4284789284
2133123621
2133616149
2117037325
2116950053
2120882213
2138703972
1601845380
1568287876
1551840644
1560220037
1555432341
1553417142
1418752674
1418781410
1150542578
1156748114
1148372226
1144046867
1144022035
1159930881
1197618181
1139148053
1139214133
1101465399
1101465111
1084686871
1089737271
15999543
7611167
22361359
18240783
1465621
855349
787749
4981013
6230277
81670405
75379477
75379509
86910773
86980369
86857489
86790929
90718549
91078999
124764535
124768631
124776823
124777847
124777815
124646743
124646743
91092343
91092343
91092343
82702711
82801015
82669943
82669943
99611127
91222519
91156979
124711411
124776947
124645874
132968918
124580310
124645878
57668086
66056694
65925622
65861078
65926647
66057717
32503285
32503285
23982581
19788277
19788277
23982549
24097237
66040309
133084533
133084528
258981360
258846644
242003860
250396308
519016084
1592170164
2128851639
2120463014
2053222574
2048962798
1781575790
1781589034
1781557306
1796368410
1779595567
1792150317
1787954701
4203807245
4275114829
4275119071
4258489343
3704776598
3704756166
3703719622
3703653063
2625692527
3028591917
3045371181
3079968813
3063191869
2799474957
2791278861
2787019021
3860759839
4010180623
3976638495
3893813295
3893551215
3893498351
3893563879
3897562087
3897562095
3905950703
3968931583
3967893213
2894146141
3162581516
3179293452
2642422540
2541825292
2541937420
2543027021
2543157981
2543092463
2530509742
2522121646
3053752750
3053957534
2785456590
2786500814
2920457338
4010978346
3960645675
3960662075
3960724505
3960536089
3960534329
3977377657
4015244905
4017344105
4017344107
4025601915
4000382331
4017153338
4017349946
3983720730
3983720730
3966944607
3966887295
3966823791
3966889319
3983658351
4024552829
4008037693
3865369661
3865439517
3865241885
1734540061
1701301085
1685572445
1685445597
1685449183
1685450239
3832937983
1692913150
1743112702
1735776766
1718746078
3866357598
3866357599
3882993533
4024485241
4024491128
4016106616
4016302456
3982688120
3982935641
1827095129
1826964313
1818521881
1818517529
3966067769
3982904633
3890628953
3873917769
3890707401
3890539465
3890543561
3890600953
3873820665
3873821657
3865367499
3865375579
3873825642
3890667818
3833003306
1685506106
1685452858
1685384318
1685384446
1685443838
1684522238
1701299711
1734856415
1734867679
1734732543
1734470271
1734474367
3891386751
3889224023
3864063319
3864128991
3866357757
3866283773
4016557821
3983003389
3966064381
3965741017
3839911385
2766435449
2766490745
2766493817
2917492857
2917624187
2917591547
2917587675
3836134987
3841311307
3832861258
3828671258
3826574138
3845583146
3879096682
3866575994
3865398362
4024785114
4024785114
3991099898
3971119578
3971382218
3971350474
3975472078
3925107166
3958858223
3958784501
3950395525
3996536961
3996525713
3996460193
4000589217
4008998309
1737776613
1704213973
1691626817
1683237185
1679239937
1683385891
1626738227
1622541827
1639253571
1676940995
1658068947
1658130403
1657081826
1669611494
1636052950
1636067286
1640294231
1673848583
1673914117
1673918212
1665662740
1665662260
1661463860
1661465972
1661425140
1661404660
1665469941
1640435191
1623609334
1619414006
1619353590
1623490006
1631872454
587490758
587655110
575043574
575096550
583290598
600068071
1673818103
1640326487
1640326485
1641501973
1641368861
1909837085
1943403837
1943530781
1943465245
1935080797
1900531197
1900400045
1892015533
1891958197
4039439775
4098160030
4123358654
4123415982
3616933358
3600155950
4143787310
3623628590
3622645534
3756879630
3752619279
3753667849
3740886104
3598414056
1446723832
1444479176
1427837320
1414145944
349907896
349768424
349715320
343485208
339618584
322846216
322372104
308478477
308281919
308290095
845423407
862256935
828687671
560838071
829273535
829273535
829274559
828750271
837138879
836876735
836876735
870432191
862105999
325235151
325165375
325095723
291615034
287554874
287684922
270833722
824482106
837196042
937868302
938845199
383033421
370454637
387412076
336994348
271986988
271979316
284557877
279380525
279250479
10757679
10759695
31731215
57476879
40846607
65815931
32265599
15529279
15528255
7332159
7266591
7270687
7328095
24105311
91148629
124711285
124712311
124777847
124646775
91092343
91092855
91092855
99480567
99602901
99602773
32371063
23949687
24080759
24015223
24016375
57636757
57532309
57531284
49126324
49134004
44873141
44405173
44536246
1118286006
1122480374
1130672418
1080336674
1088725538
1084548642
3232128563
3232112129
3303414273
3295021825
3295104017
2247476257
2276828401
2260181187
2260181123
2260173187
2263844771
2255324835
2267868899
2267901555
2234461971
2238588178
2247042354
2276139315
2276143379
2276004115
2280194323
2280128819
2280223011
2247714083
2243519795
2247687509
2246626421
2272038005
2267843701
2267927637
2251280471
2272194887
2280579927
2242835255
3303821607
3295416613
3292278837
3292279829
1144923421
1144925965
1144929805
70125069
86771277
86771279
86775631
221188959
208630623
217019357
166548445
158127101
191681021
170783229
174584797
182907869
178508767
178344831
162550590
143684910
146826542
134309166
201482510
201769295
202883407
70566359
86884855
124703223
57595383
57660919
57537911
57537911
23917943
23917943
32355703
32486775
32486903
66041335
40744343
40735125
40865940
36614324
36679868
37351612
38662636
1120695148
1116501548
1133276712
1166896703
1166929438
3315398462
3432829294
3437027694
3424477310
3426619462
3426616390
3429762375
3437911377
3433951200
3439128544
3438587888
3446965697
3329721795
3338043858
3338121586
3333792114
3338641762
2255332130
2267911010
2268692834
2235286003
2266554867
2269700593
2269868992
2269775552
2270824001
2245658129
2247689761
2243437859
2243439651
2242653219
2242673735
2246888645
2238500053
2267909365
2268067061
2268066903
2255417671
2280584007
2276389494
2242736998
2230072167
3295424807
3292270869
3292475669
1144661780
1144661764
1144667908
86720268
86581004
86509324
86771484
69997405
69997405
74273629
91050845
124604799
107999615
107935071
108000607
107959647
132994431
99374463
82638207
82637183
7172479
74346847
74379615
74445151
91222399
91156831
124711255
124712311
133166455
124646743
91026807
91026807
91018615
91083127
91222391
91222391
91222391
91091319
91222391
91156855
124711287
124776791
124646775
124646775
133035383
133035383
99415543
95286775
95416823
95416822
95416822
95285750
128954870
1202697718
1202697718
1202699767
1202568695
3350052339
3320640883
3320640883
3312317795
3312383347
3320738163
3316609363
3316478323
2225951587
2230154083
2221699939
2234275811
2268028867
2255388099
2263776707
2263842291
2259515361
2259515249
2263644017
2263676785
2263670625
2263670112
2263742816
2263742832
2263678320
2263637344
2255246688
2255229300
2272072052
2272146292
2238608244
2230285157
2221699943
2221691751
2221691254
2221789526
2221863246
2221864270
3295573326
3295573326
3291436366
1143829854
1143829854
1143894350
70185294
86946126
120566222
237942218
237942158
237999515
237870491
120362393
86816185
73707964
207909308
208023901
216412447
217461038
217522478
217522478
225846582
221656838
255805190
121620422
124618710
258508758
266900470
263033343
263168509
263184756
234873140
226484276
86990868
86913044
86970645
86835511
86836023
91174711
99563127
95180375
95180631
95212887
95277399
95408631
95416822
95285750
128840182
128972278
1202713958
1202716023
1202568691
1169014259
3320706419
3320640883
3312252275
3346003315
3354325363
3350098259
3316609395
3316478819
2225959779
2230088547
2238478179
2234343251
2272190403
2255420867
2263875027
2263741939
2263741427
2263716851
2263651315
2263650787
2263660003
2263725539
2272116211
2272115955
2272050421
2267856117
2200812757
2184166597
2188287365
2465120133
2465119925
3002054308
2989266596
2989266596
2990322420
2720965236
2737758756
2704237092
2708231712
2708217376
2783723312
2783739184
2779536432
2762757169
2779598897
2783867251
3043898195
3073249863
3072996310
3043570166
3043758326
3026981974
2498630734
2494444622
3568188430
3568184334
1156393998
1147933982
1080821006
7147534
7147534
23859294
120402014
103756878
103691342
107959502
107828702
99407327
82638207
82638207
74215807
74346847
74346847
74412383
91058559
91189591
124678487
124678519
124777847
124646743
124646743
91026807
91017719
91083253
91222517
99610997
233812469
233681399
267235830
267367926
267302326
242202038
242071478
249935542
1319613110
1319482039
1319482069
1320662004
3484934372
3486834916
3453247588
2371297396
2415263748
2415789077
2382234917
2243765799
2226923047
2226923047
2226927159
2230076951
2230110039
2238547442
2238617074
2238617042
2238682578
2238559730
2267919586
2267919586
2251273331
2251224131
2251191361
2251169857
2255434065
2196714336
2209247968
2175791776
2175578784
2175579809
2276236965
2255264167
2385352894
3458578622
3458578654
3458644046
3728129038
4282295582
4294681134
4256801325
4189696572
4227375676
4200112700
2048450868
2048402464
2048605411
2050636962
2050628770
2130313634
1588200354
1571422850
1554645634
212738695
78447573
79504189
79441709
79440685
83634991
83634479
83262735
16172303
7848207
8175885
25018717
25088861
57594717
57627485
57481085
91043645
86979391
70201663
70197567
70066463
91033935
124535135
103633247
107967839
107902303
107960191
133003135
99415935
82638719
82637183
74314111
74379615
74379615
74445151
91222399
91189591
124678519
124679543
124745079
124614007
124613975
91018615
91017591
91083255
91222519
91222519
91222519
91091447
91091319
91156855
91156823
124776823
124646775
124646775
133035895
133027703
99407351
95278583
95416823
95416822
95285750
95285750
128971254
1202697718
1202697718
1202699767
1202568625
3316495793
3320625073
3354179505
3345856433
3329209265
3337548241
2280641011
2276266275
2242715939
2230133027
2221678883
2221749537
2238647569
2263751937
2263825665
2259492112
2259422576
2259436896
2263635312
2263676272
2263676256
2263676257
2263668065
2255279463
2272066919
2272067047
2238512615
2238569975
2238569975
2238709205
2238644181
2280587221
2280519668
2272024436
2272025941
2272099669
2272230775
2272225639
2272082790
2272010086
2280463734
2280478167
2280617431
2280617429
2246931925
2238502389
2238551413
2171442549
2171450845
2205136351
2205134239
2205137342
2188220862
2456656830
2456656574
2989341342
2989473438
3006248646
2704192199
2704200309
2704204325
2704045604
2708215328
2708225840
2783739184
2779543600
2779536433
2779532337
2813287729
2800385873
2791996993
3056237521
3056171505
3060546033
3060537584
3060603088
3085834304
3048094784
3031315776
3032360724
3036422756
3035370081
2490106465
2490110567
2490110838
2490110450
2497977586
2229540978
3437574226
3438688322
3430824002
1281239106
1277044738
136199170
135926786
138024002
154865730
158019922
157905267
157897075
157905265
157938035
191488371
191492466
199881074
200012146
200003954
200003954
174715218
183099730
183100754
178910546
178904406
178904406
178902366
178836830
178844026
1252581755
1252585832
1323860328
241729912
237605240
237605368
237605368
237613528
237547992
237547992
237605368
522818041
489403833
1013560760
2087304632
1969864120
1835776440
4016816056
4016813752
3995841208
3995771576
3844842136
2771051177
2754486955
2753966762
2757755822
2782928358
2812296438
2796566535
2796578821
2794482692
2815814932
2807562020
3076511268
3076260372
3075998471
3076067606
4149944422
3577423078
3558747302
3570272406
3566078086
3565623686
1418009221
1468217988
1187196612
1174610436
1175659012
1175532340
101720612
370172711
390390566
356823078
357404711
1426690157
1426620552
1397260424
1384744328
1384876440
1384823704
1384819384
1389030057
1380642794
1393200474
3491726346
3491136522
3495343130
3497376794
3505685530
3520888858
2480849274
2195616106
2186174782
2455654686
2463811359
2543494973
2512039789
3032001516
3032001276
3031997148
2956757724
2955710204
2955708156
2687407700
2687431220
2687394340
2704045604
2708215328
2783723312
2783739184
2762766384
2762759217
2762824753
2918145331
3178118931
3178118659
3156880146
3156814194
3160938610
3160934515
3161135185
2498376769
2494182593
2427069633
2443847617
3555213011
3538426610
3538491890
3538435298
3597153506
3592949986
3594113170
3591032962
4127765890
4148735890
1976338086
1954854822
1971630494
2006446478
2144478154
1595024138
1595023882
1601316650
1609837867
2107911211
2107915307
2112625673
493356041
354993161
355042776
292142584
862567928
862566904
845921528
845919480
841740536
305918137
289136827
270196890
269132730
1347068590
1887995558
1888258726
1955371750
1972156694
2141038599
2129062919
2049319941
1512973317
1512968245
2066350629
963249700
951596580
949501492
949497356
953690700
945334852
960020420
981049284
1786484164
1853601156
2119939988
4267294373
4127768228
4127759013
3792215717
2987020967
2991194789
3000631716
2998468844
3014393964
2980852760
2985043976
2423073033
2439981851
2448759578
2210138698
2210137802
2247623630
2222596574
2221547734
2221551826
2229941490
3304602866
2230872307
2239293633
2252007872
2251206080
2251198208
2254865920
2263319056
2259018288
2275680801
2242126631
2242126887
2242647087
2277245998
2281440362
2281532618
2281569482
2214436058
2206174682
2273287643
2273165275
2390210507
2390144971
2406934475
2406934011
2373972457
2357182953
2356089337
2284270424
3426038296
3425964568
3423933048
1275553768
1543827400
1548003721
1606728073
2126879113
1590134923
1591053451
1593081995
3731194075
3728179291
3744899131
3694583854
3692454693
3562414629
3570808357
2493388327
2495487494
2499611398
2449213734
3539541374
3535484238
3265933646
3265802507
3265794345
3262907368
1077753768
1075587752
1075591864
1074559640
1086651272
1099421064
1120309640
1179816905
1177719563
3340935994
3311641390
3299059502
3298993446
3299991846
3438604582
3428074542
3428207878
3302381831
3354806533
3338062085
3262106881
1114423616
1110233552
1178399156
1178530196
1176428948
1176490916
1448903588
1476169644
1442749324
1414970248
1565829545
3721701803
3721438634
1573974490
1565995466
1568022858
1282810682
1289102638
1289628974
1289566503
1289492743
1148792065
1144595712
3856320
20629376
54167424
41584512
48924033
48988562
1114341554
1114214562
1110028770
1126757926
1076390438
1080568358
1353198134
1420507686
1420375334
1420570661
3618390052
3472834580
3459969284
3459888901
3476597511
3426265878
3426265398
3434653734
3367553254
3384329399
3399143572
3401216180
3472756900
3458598324
3441821584
3291881136
1144400544
1146367664
1154754177
1205085827
1188324227
108454067
36107491
36097219
35834947
18999298
6420786
6422310
1080152870
1080087334
1080086822
1088480550
1085336882
1085594402
1085590499
1100467120
3264663424
3335944064
3329651072
3325477248
3325395441
3308560417
3223627043
3236212003
3500452115
3500448529
2477244208
2456200704
2519106048
2519630336
2452537920
2469282480
2435784357
2959878823
2968263079
2985035949
3018589357
2465140876
3556651149
3552453071
1370431950
1353461610
1353464106
1089218666
1080297578
52836554
35807434
35840074
36864010
36733227
36741417
36742445
124827951
124880919
133269510
123176967
1163298823
1159630022
1195279750
1333445510
1333424774
1340670594
1307116246
1302856294
1286087462
1287136039
1287138593
1287134513
1282939920
1293421568
121263108
104518660
104513796
37389572
36603653
19828293
292526807
275614719
275560943
271363562
824739050
858296558
1663742207
1899671959
1901765557
1904845477
1904775845
1938346660
1934317185
1393180289
1359621763
1360670114
1440230566
1438133414
1370426518
1370377350
1403966599
1403945349
1139577332
1399623908
1396498540
1362911276
1363095864
1346254632
1358839337
1371421225
1371478587
1403797258
65807690
57418058
19661066
3014938
4064570
8273194
8219946
291306795
310163225
310219528
847152072
846102920
845709480
573092008
573084072
842643129
807059083
807075466
807022090
809117226
1344808490
1344808234
1357651002
279714878
279894046
1370392582
1403948231
1404011649
1382846608
3526136241
3526276019
3526292194
3593347810
3593089634
3614118434
3584627234
3232248098
3232246818
3232245857
3232250049
3223984256
3225028736
1077544064
1126856064
1114305923
1122997634
1122862978
1122995890
1114617506
1131258466
1097638694
1106027302
1403826989
1403843372
1382998332
1378805020
1127141436
1093287980
1093140508
1093141513
1076364299
1107172826
1135492827
1118715609
1118648265
3266058184
3266066376
3270505976
3287217624
3282988440
3250550200
3250353576
3250344360
3248346025
1084060586
1088189354
1075639274
1075639146
1075705646
1043990
846342
814854
872198
4906246
30039365
42621124
47843524
49945796
41625044
41427316
47718692
42472237
42484522
277664554
348951082
873378602
873443194
1007202250
1023968715
1062900169
1046130889
1041936585
1041903817
1041917387
1058597291
1062922922
899345322
934992778
867747210
300728458
271356091
272592939
272506923
4072495
4073253
15607349
11411969
11469313
11272770
11289234
32502706
66060210
49150898
40737714
49125810
44932498
44937683
44871952
1387114800
1383043361
1378656547
1378658082
1379701282
1376567846
1393492502
1409942086
1145713158
1149903159
1285104676
1285040164
1287137312
209201152
205072384
205158400
204141632
69878080
7193041
7336433
99529713
99529441
133149425
116244209
112040657
1454218225
1588574705
3735927025
3740056817
3593248993
3593335281
3594138336
2621059808
2625249888
2631606880
2224562720
2226659680
2226660448
2159555808
3232369859
3232369794
3253422210
3245132194
3240950178
3224221842
3224280258
3241055426
3241062850
3547308483
3538920433
2465179360
3002054368
2993528528
2989334096
2989340272
2721035808
2720921120
2720851488
2737600032
2708215328
2783723312
2766961968
2762759216
2762759217
2762822769
2783868273
3077206993
3073013443
3073277891
3077388787
3077314785
3052148977
2985236689
2964208833
2427331777
2427331009
2431591379
2423001826
2423002082
3496808930
3228315746
3228308594
1080886290
1080957954
1093543938
20850690
52242434
52181058
51125570
55510466
55460290
22008274
30192626
30192611
332178401
315467680
1927200656
1926151040
4073699984
3796744944
3792485088
2718740064
2719786592
2719916576
2738811424
2737586720
2708227616
2708223776
2716613936
2762767664
2762759216
2762757169
2779714929
2750296915
2741908034
2720936646
2724935606
2725002686
2724993214
2993494174
4084079754
4058920074
4105056394
1957961866
1421091978
347344106
347487274
82979902
81931534
73540870
69362438
204661507
202555651
201376817
201387041
201369633
201500675
240560387
240552193
243173139
241939443
241799571
241795219
237600946
1311477938
1546641847
1547513767
1547524837
3573508844
3569183468
3567528940
3517198284
3533968780
1390805900
1114506173
1115562671
1115497134
1098654702
1081356646
3413286
1381634
1839362
1835266
1851665
6091040
8315136
25075968
41845504
116295568
112036784
245734325
1319484342
1319418278
1587853742
1593617582
1585230074
1581101114
1580118046
2116984863
2117001261
4264452132
4265549860
4265550116
4246344548
3571057388
3565880028
1419382348
1151015439
1152981574
1152924582
1152919982
1152133294
1156352142
1181582478
103711878
372159686
372154375
909029376
908898352
1714200608
1714200612
1697030149
1680257093
1681278693
1679244967
1679043303
1693727343
1639201391
1638152815
1638152575
1621376207
1622551759
819340751
809842575
268437215
809518847
826328827
859867083
591570395
591504891
591431675
557944827
826377819
826524187
290673211
273883963
5447978
5401918
13822238
1083414806
1083541522
1083476082
1083475187
1083609281
1205248192
1177985472
1176912708
1109790224
1109793332
1109801509
1122446951
1101276518
1084498150
1088684230
1089209542
1090258006
78404866
78544130
78524226
99495746
132909026
116130210
117195170
115167667
102650241
102691201
85914001
201630688
214216480
1150593824
1152756500
1155967748
1164347648
1197967632
1331992880
3731656228
3740239444
3731260100
4200776321
4196549282
4196602530
4197454498
1779438498
1778394534
1778396614
1799366862
700459087
696465519
696399983
696457295
696264783
964700239
968956111
432109789
432142813
432142813
432142815
432266175
432274351
432274366
457276350
994147262
989944238
989952446
989952478
960592206
961640719
961804575
963901725
963901725
963770653
963771165
963771165
961666047
960618431
960749503
1002692031
1002700287
1002700283
994310523
994179355
961640729
961640729
961771801
961706265
961690891
960566555
960496987
960583035
994139643
1002535403
968915435
700578299
700570075
969005531
960757211
960757211
692321627
692189547
725702955
725702975
725711167
692287775
692288799
692288829
692156733
692083005
692083005
692181311
692181311
692181375
692320639
692321791
692174335
692174271
960607679
960609727
960609727
943962527
943962527
943831455
943847871
960723871
994262495
994194783
994190719
995239279
995177853
994057593
960518619
960518603
943839691
943839579
943839611
943816059
943947039
943947039
943944989
407074141
407008597
407011157
407101237
406969137
406976785
407107857
423885059
423885075
457439507
440589587
440581891
448970691
985898963
985701795
977320355
708884643
708884643
704747751
704886903
721664023
688045079
671265815
671265847
671256679
671125735
738252015
755006639
755120302
604117422
604117998
608312046
562240222
562117342
578838222
847306446
847294159
1921035981
1384419037
1388613349
3536686823
3536303830
3537299014
2446747158
2429693478
2431790886
2159089702
2225084454
2225084454
2225093686
2226142278
3438288071
3436185796
3436251588
1280313804
1276140892
1209139068
1477699132
1477699132
403828316
940632668
939584220
956316380
956373757
960699135
423837182
1505899758
1237528686
1237323838
1220554766
3363860750
3363926814
3364058934
2290188086
2290170150
2291349798
2291284003
2362574882
2356300802
2356331778
2356330818
2238087619
2222436849
2222306272
2356515824
2352453520
2352463744
2369175424
2385690496
2385682308
3463617428
3469982132
3335630245
3327176622
3456149486
3456152558
3456152570
1577099738
1577099770
1577182458
1577286910
1581399278
1564622078
1547843038
1547831262
474088190
1019216574
952133278
952168094
952167319
968993719
960605111
960740341
994295749
990025412
991089220
991089244
991155772
688929324
688929324
688921132
961550637
1003689007
999428142
429002782
478351374
482365446
473986262
473987318
205576375
474077333
490911877
524466564
516077444
1053983620
1053852404
1055949412
1047568932
779133485
773908015
790642222
762460974
1030887470
2043807790
2060666918
2059589638
1783867398
1783672070
1783676677
1784125220
1792392485
3927883013
3909787395
3893018177
3893022339
3894020771
3898215079
3904440997
3903589029
3903064493
3902802333
3908053133
1764960477
1762863229
1769023503
701508622
730885134
730901519
730897679
700555039
708943391
708943423
704880446
704878646
704755746
1778497650
1795406050
1745074402
1745009826
1744985763
1749159571
1750208193
1769082563
1809914419
1805662497
1805658145
1772103719
1756376087
1754410447
679686029
679485068
679485068
696319628
692124316
687971004
687979228
687979036
692304445
693369391
693222190
693222702
693214526
687971102
688126542
687995470
687987294
688085870
692280174
700652350
700529422
729889039
729889052
729888812
696457260
700651564
692176908
692164620
692168716
700557644
700562381
692173471
687970975
687971007
687987391
687938223
687946479
688076911
692272239
696482861
696474653
763493389
763471949
767662157
759404767
755218655
755087583
755219711
620926447
625119917
629315245
612404925
616602253
608222093
620796925
620927981
654506815
654502175
570619167
571666735
575844655
591507567
599831679
566271231
541100511
536975839
536979743
1610853167
1627560751
1661111087
1648529215
1649649423
1649452863
1644216111
1661259559
1661258295
1661454959
1627802607
1632066031
1640446447
1640315135
1640249567
1640331487
1640462559
1640393183
1640397791
1640463071
1640323807
567040735
558652367
558651855
554465503
558856431
567175407
566687975
566745239
566614407
566737863
566737623
566672103
566606567
1631894231
1627699655
1627429063
1627494631
1627584615
1627584615
1631779175
1640160119
1641282391
1641409399
1632959319
1632950615
1631865175
1632061815
1632000823
1640373119
1641363807
1641294303
1632905695
1631926751
1640438015
1640450559
1636256255
1636293471
1636170319
562342479
558148303
1627696079
1627716095
1627900391
1627802087
1611024743
1615215399
549862183
550841111
566504199
566503687
600054039
600115479
596052343
596072791
596506911
596416783
600611087
558676303
558217567
1632025455
1632025455
1627896559
1610988247
1610988503
1627909095
1627844071
1627843047
1665563111
1665550823
1674004983
1673873879
3821402967
3821402967
3779459927
3788372287
3788372287
3821918527
3813464351
3813529871
3809467167
3809377135
3780016751
3789388399
3789380607
3788266463
3788266463
3779877327
1632467423
1615821303
1640986855
1640855671
1640855639
1666136391
1674459479
1657682295
1657747767
583809335
600578327
592189767
592255327
600783231
596523375
596589423
562395983
562363215
562346831
562346831
562346959
566606303
554023325
553957773
553957789
554084781
1627826597
1661381029
1665592295
1665649447
1665452807
1666042630
1661991206
1666115886
1666185519
1666041887
1666041887
1632618591
1632622687
1632622975
1632598527
1632599743
1632581311
3780064959
3813487295
3813422783
3813425087
3800316863
3800512951
3800464311
3800521687
3818191109
3786730245
3773065989
3760614149
3760601877
1613109815
1613110055
1630276903
1669090598
1658700822
1653376022
579640342
579636230
592218183
554469455
554539103
554621167
554629359
554596591
558791151
563009903
562559359
1636153679
1636088143
1640282447
1627699535
1627699535
1627831151
1627847279
1628363375
1628359663
1632492527
1633442303
1641871871
1642035679
1640986975
1640971103
1632451407
1632385871
558709119
558840175
568137839
564074879
564018015
563034719
562903631
562838095
562838095
562838095
562838351
562838351
567098207
567114591
567147359
567131103
567131103
567130591
558741983
558741919
554547647
554678719
554674607
554150319
554154415
554146799
553880559
553884591
553892783
553888687
553822639
553838767
587397295
591591599
599980271
566417471
567531551
1641150479
1632757775
1628694559
1628629295
1632819759
1632815655
1632881207
1634847287
1634859583
1632692799
1632697151
1632656247
1634826615
1634892279
1634949623
1634798071
1643186551
1643321719
1643330327
1641249559
1636924183
1640000279
1639999759
1639995663
1631586575
1631918143
1632049199
1640437807
1640438143
1640438095
566721103
566753999
566745855
1636162287
1636080607
1636088271
1631893711
1661245647
1661450335
1661401455
1661135727
1631775599
1640233839
1640029055
1640028511
1631639887
1627445583
1627650431
1627580783
1631775215
1632102911
1632066559
1632066495
1631804095
1640192703
1640061599
1640004511
1631615455
1639999711
1640065151
1640196223
1640130591
1631807519
1631676447
1632074047
1632000895
1631980142
1640434238
1640307262
1640245790
1640245774
1631861326
1631914590
3787787118
3817146734
3817146750
3817101326
3817142286
3817126158
3817650447
3784292668
3788478780
3779959164
3775773052
3775895676
3775830124
3775846764
3775822188
3775805807
3780000110
3780000622
3788454894
3784137726
3784170462
3784104911
3784096204
1636088140
1640282460
1627764860
1627764860
1627891836
1627830396
1627838828
1628363244
1628363756
1632558061
1700780797
1700649589
1700658039
1700658039
1700657495
1700587871
1700391263
1700493663
1633385343
1633385343
1633385087
1635343359
1643715583
1624840695
1624775127
1623996895
1640839391
1640970335
567228767
600775039
596581215
596589151
596458063
596392525
596393549
596410189
595918157
595908685
600094799
553957711
554154335
554088815
554085231
558279535
566737263
558205311
554469711
554470479
554671231
554630255
554597871
1628323309
1632509421
558775789
567228925
563026943
562895835
562903755
562838219
562854603
567049035
567147339
567011679
566881631
558394447
554200271
587807966
587934974
592063982
600452974
1670282862
1670371934
1670175310
1670158926
3817638478
3817638750
3817638750
3784153981
3784153980
3780090476
3775896172
3775830636
3775568684
3842963756
3844012332
3844077612
3843938364
3848230973
1700747391
1700681855
1700682079
1700747615
1632598367
1632463231
1640851839
1640856447
1640848223
1640848223
1640856415
1640855903
1632393567
1632438623
1632438655
1632573823
1632581999
567221247
567221247
562895583
562838223
562854607
562854863
562887119
562887119
567081167
558692815
554695135
554630126
554626031
558820335
567192559
600685039
600611039
600619215
592222287
554686549
554621045
554629477
554597221
554597229
558783085
567233391
562908031
562846047
567048527
567048527
558655823
554531167
558258543
567171439
563042671
562915679
567044431
558655823
558656975
592410623
600720367
600720303
600637855
600572297
592187785
592256409
600709545
562969513
563035129
563034699
563034635
562834187
567026443
558653707
554529083
588214571
588206955
592266219
600622781
600626845
600629149
600701849
600685465
558738313
558869401
558280635
558277611
558346586
558215498
558211098
554737787
555001067
555063531
554076393
1640401385
1636211177
1636219339
1641328459
1664394059
1664471819
1663488811
1663234859
1663234347
1643200811
1639045439
1639049247
1636886733
567310477
553670799
553847199
553781679
557975983
566364655
567482687
563165471
565192975
565192975
565258527
563300639
567298895
566249999
557898255
566492735
566422063
567405119
567339791
558168335
553961487
554125375
554060143
558258479
566655279
566590751
566521103
558132495
591789919
591912823
600219623
596089583
595966687
600095695
587512783
587503951
554088815
554084463
554084463
554166319
1627838831
1627834735
554061183
554110847
591863679
591871855
600259439
566565759
562371423
562371423
562321743
566524239
566524239
591732047
591730079
591860159
566694319
549785790
541332894
541334918
550451606
546192294
562969254
562969270
864894671
849096399
312419847
64481047
64349989
30729765
29419301
12707605
12711701
4310833
5504307
273853699
272809219
356683011
918654259
918654307
650222963
574662003
570471781
570463589
570531109
587377957
553889061
553757733
553774125
553776173
537350189
537264429
541458733
549913387
549913403
549783417
545525087
545528143
545593679
545602887
549918535
550441799
550449735
550384199
550385221
600717893
583932485
579820117
579656535
579649351
583840071
575451470
575648126
571322726
571257191
571273571
537687395
537665379
537804643
537802595
550383971
546206067
546238787
546287683
546287683
550483011
542029891
856602691
839841859
839317827
570849619
570915699
570778211
583328355
579187299
579122019
579113331
579634499
571247939
1645058371
1645132609
1645148897
1645148897
1644984929
1649154657
1657543520
1674344820
1636596052
1636694340
1636694340
1640823620
1632435013
1632426581
1632623215
1666177391
1674573934
1674442878
1665988702
1661761630
1661892702
1661352319
1665546863
1640905455
1640839935
1640774351
1640774351
1640766414
567023870
562829566
562903295
546257095
546126023
546142407
546172103
550354375
562937298
596622802
584039634
575651010
571447490
571447362
588167251
588167217
1628354849
1628371233
1628372272
1628398897
1628398881
1632589157
1632437607
1640760807
1640766967
1640775678
1636637694
1670192094
1674321870
1674330058
1674330074
1674526459
1636728555
1636793961
1636629081
1636629065
1640823625
1632410953
1628290137
1628044377
1661730139
1628110187
1632272235
1632271211
1640708459
1632124175
1632124175
554437903
558849407
558816623
567205231
562927999
562862415
562870351
567064655
554473551
554539087
554621039
554580079
554580335
554580335
558775151
567163503
563034751
562895487
562879071
562863055
562862287
562870479
554481871
554547407
554612975
554612975
554613231
558807919
1632565871
1632500311
1632435031
1632435031
1628305767
1666185583
1666185583
1666144639
1666128383
1632582143
1632582655
567229439
567229151
567098079
567098335
567032671
562838367
562903903
563051359
562854479
562887247
567074383
554491727
554687855
554629231
554694767
558889087
567212415
567196671
563059711
562936543
562871119
558676303
1628223567
1628223567
1628354671
1628354671
1628354927
1628371311
1632557423
1632622975
1632631167
1633548671
1633548671
1633679743
1635776895
1635776863
1635776863
1635645823
1635645823
1635645823
1635645951
1635646431
1635777375
1633549183
1633549183
1633549183
1633548671
1633548639
1633548639
1633679743
1633549311
1635646463
1635744767
1635744767
1635613687
1635613687
1644002231
1643968919
1643968919
1675491479
1666709655
1666644183
1632038103
1633152471
1633152501
1733787511
1735876183
1735883351
1717926647
1861042167
1861033463
1861031127
1861816471
1861955719
1861887367
1861889943
1861959349
1857624757
1723411125
1723411093
1991846791
2008625031
1975020998
1962534342
2088484342
4101685222
3841695590
3837630050
3837298291
3839394337
3831009841
3843875664
3877381616
4129041636
3055364325
3076397287
3047033315
3032357874
2495487554
2495419906
2511873794
2276995346
2276991090
2264596546
3337225410
3354006726
3488222421
3454602724
3446155756
1277700476
1277962572
1545960268
1547100156
1563604460
487686653
2143322573
2126553564
2118164828
2114106396
1577237532
1577293868
2115107116
2132094764
4243994152
4240311835
3703440986
3701081850
3700965290
3638049962
3625452714
3709362378
1564041418
1551458506
1560016267
1440407467
1440406186
1432079274
1461570474
1444801930
1449124303
1189077324
1189077004
1191113004
3347009836
3274653992
3224256808
3237936952
3231644440
3500055112
3499072394
3565992890
1440525738
1430029738
1462669722
1596895690
1580135182
2116740622
2116808238
2117660206
2130243375
2130298175
2124136711
2127151367
2059985175
3662176550
3657965858
3659015522
3659083234
3646569874
3367639426
3434744706
3433761410
2359892624
2360880816
2361143200
2365334944
2356958612
2222443652
3313487252
3355366816
3330138534
3330072998
3325870566
3292381494
3291413766
3295340806
3295602951
3295664420
3291269412
3441974020
3458950916
3463074308
3472540228
3466183334
3465069222
3465078182
3486033070
3344469166
3306785958
3340404870
3325798535
3325618308
3325946252
3325980660
3325982708
3325457268
3325428500
3254190612
3232761366
3232845366
3248867878
3282344742
3328477474
3324808466
3460211970
3460210946
1581162503
1596891143
1550484487
1550502982
1551584478
3698935982
3696834730
3629721770
3629652394
3629657002
1492659946
1488598650
1488597598
1220227804
1286353604
1285816964
1277445012
220234676
254973844
504540548
504540620
504605964
507558188
1582344236
1578416168
1580578856
1597328424
1567950120
1555432312
1553334971
1553334970
3700826794
3431997102
3444575150
3473959102
3472910478
3473139854
3473073359
1304621325
1167503629
3300299533
3568603951
3568603439
3564406063
3560213807
3558182201
3558260233
1426516681
1426483849
1967553163
1968589467
1909835946
4090809514
4074086570
4141195402
1987293386
1981972746
1982054714
2120541486
2120509486
2112321582
4234549294
4234549294
4234546446
4244506311
1974884020
2008471204
1989472900
1993663108
1444180612
1461178804
1429659876
1412882469
1411576871
1424021542
1356879878
1352718598
1369688886
1403177959
1391873991
1383524237
1379296141
1378014093
1395049461
1936032741
1910814565
1910810157
1902421567
1898243599
1881522703
1885749790
1961231662
1956777006
1973815406
3589540094
3614713998
3595905166
3335731646
3486652367
3352441807
3352425245
3348149053
2410717500
2410717476
2678105380
2678107428
2678438692
2670692901
2637072935
3106572902
3107637958
3105775238
4178454422
4211869686
4216071654
3930857510
3939262503
3939295253
3957121029
4175406085
4175347015
4174297927
4174297798
3092226006
3092118902
3092116839
3100628005
3100560420
3164523824
3164524080
3168652848
3025952336
3023599296
2486858433
2419725187
2439578018
2439513250
2481458338
2481592466
2478450818
2478386322
2476239986
2461586738
2460583730
2460583475
2456593937
2452399616
2452469248
2519697392
2523907232
2532199585
2683182211
2641238147
2620341393
2620210400
2620138532
2624135716
2628330044
2561156632
2561175049
2561453579
2578229546
2611517482
2591590634
2585364954
3122302858
3139088075
4211779277
3910854348
3894147053
3894408687
3900596718
3900667118
3893642735
3893642655
3909451661
3909544653
3921935100
3917585132
2878586749
2861809423
2861676302
2866083614
3121927982
3189001518
3191803182
3191741742
3211400543
3169453391
3165259215
3165261135
3032165711
2495098174
2495097134
2492999982
2447129902
4086070559
4069389343
4090352735
4081893629
1896382701
1879933149
1880027277
806281421
806244559
805766399
805715182
877017454
340146718
348535302
478554630
210119174
143013379
144114177
143999489
163902001
155492897
185049697
168207041
168723075
168805011
168149939
184836515
155459810
147136738
143025235
1216793602
1216841746
1216715058
1486207314
3721698258
4277439190
4276391574
3999565463
3995959957
2922353332
2922361508
2922226340
2922161124
2922176876
2922176812
2922320172
2943168893
2884444669
2884575727
2851020206
2850557358
2850556350
2850629822
2846496958
2846561502
2880009294
3953713422
3953713423
4192773901
4194020876
4177182524
4177198884
4168830756
4162342692
4179101236
4183440909
3914997327
3948415982
3931662822
3931823318
1786430662
1794867406
1792573534
1788387438
1792581742
1792778351
1780146285
1796088940
1745761772
1812338344
738598584
742525628
746785468
746588861
746601119
763374990
796926094
797126862
981667854
985681966
1053877550
1070649126
995220246
995158295
995224853
994307349
692256052
692247860
692178292
692191220
700505468
700505452
700579197
692190335
692313215
671276414
671350270
692174814
692172446
700560031
968995727
968995213
960606365
960754877
1011022015
1010989246
1019427246
499268014
528628622
511839886
1988231822
1992442526
1989333757
1989259820
1993384744
2003870248
1966122552
892452408
621984280
1695717912
1694665449
1694546923
1733340267
3891301465
3785851977
3781599305
3760628808
3760694344
3760621052
2699480751
2762395310
2762368678
2812682918
2992902790
2988704390
2988704686
4129563887
4137954540
3869255916
3869472972
4138133705
4139034703
4132744463
4263421471
4265510686
4264469790
4264146238
2116678695
2120995879
2120926247
2062173219
2080011298
2080007218
2069621778
2069486610
2064514370
2064280898
1527404483
1565149139
1557119985
1558042081
2094530000
2086066560
1954007937
4101491376
4109761185
4122273443
4160053907
4151775874
4114547330
4114548402
3560781478
4108595110
4104399278
4104399086
3567532107
2510563339
2275682315
2275764495
2275901199
2280068622
2280588862
2280526382
2242773550
2243888614
3317433510
3451399333
3455847580
3446409356
1294809228
1294301324
220559772
86206876
86239692
355576204
657567116
657700252
655593885
655471069
659652985
930186282
929151034
1998710842
1461786682
1462175802
3576568106
3316517418
2376730154
2377851402
2310545930
2308448778
2308448879
2293777071
2364032941
2364230057
2221623720
3295366568
3307850904
3341669512
3342835848
3342773640
3341199688
3341134088
3341068568
3240405800
3240598072
3253110280
3248919048
3249898044
2157748781
3231507047
3298783974
3305046434
3296658594
3296532646
3291285670
3341224118
3324172486
1176697926
1176675655
1177657669
1181787108
1456515052
1473294252
3562188685
3562446735
3560359566
3559310046
3563930154
3572245034
3568050730
3589025322
3563858746
3563399230
3290896638
3294956694
3304328326
3297789062
3297825925
3348276356
3331499392
3337794496
3329405488
3462505008
3462783520
3471073825
3450103331
2360108834
2360112419
2297330720
2288962608
2285815808
2285734656
2334099968
2316741120
2328276545
3465006802
3464820130
3737441442
3594831014
3594798246
3595007110
3603358854
3594970245
4127630756
1997964716
4044392380
4027625164
4027624008
3759188489
3778124315
4130511422
4129483326
4129482046
4134604846
4071620654
4069527790
4052951206
4036371622
4036369847
3502116753
3505917616
1357397600
1349005076
288107780
36498692
37534724
37586944
37652480
35559441
34986018
33868002
33902002
21368706
12992130
8797826
9391762
9240295
1082978021
1351413613
1347200301
1344054575
1394517322
3507333066
3519854298
4052586234
4052717290
4119760875
3083770729
3076434808
3072175944
3072175944
3072300872
2786510680
2790708716
3872847084
3874905324
3874753644
3878947868
3761507597
1614157581
1611802141
1615996457
1620256297
1670389611
1653619930
1921051790
1925229710
1916843150
1379959686
1393001094
1359368838
1346773638
1355162599
1352020460
1354109036
1354113036
1084634124
1088760844
1080305980
1077160236
1077160808
1098189769
1119227787
1119766410
1119765386
3267150266
3267162538
3283935722
3288131434
2212886318
2208753439
2191975197
2192040797
2191913780
2212839717
2154119461
2154251557
2154190117
2162650421
2162519095
2162486327
2154099733
2154272021
2154206469
2155251013
2162003797
2161942373
2153553505
2151650849
2168357395
2200343043
2204541443
2204607283
2204492131
2204914791
2188201062
2184058966
3257802054
3257801990
3257745158
3240900374
3224188722
3224119090
3236705042
3300131090
3300131090
3300266242
3317051650
2276861186
2260141331
2394242353
2392075553
2392091680
2257876000
2260025440
2260058192
2280440176
2230104544
2231153121
2155654563
2151463330
3225401778
3240008066
3256785282
3256794242
3256792194
3256848514
3258339458
3258331266
3275104722
3241551650
2163549730
2159289891
2159289889
2159291952
2159292160
2176134912
2207731472
2212316976
2212348256
2162151905
2164126179
2231170530
3296517602
3291274722
3291282914
3291413954
3291411906
3308156354
3257857474
3270496706
3266171379
3266154995
3266154993
2192421345
2192355808
2192355812
2196553188
2188163565
2167192045
2234300927
2167388622
2167316430
2167322054
2205065350
2473373878
2451878055
2452009141
2452009092
2452803988
2469540516
2436047524
2423269092
2431921709
2430877231
2430877246
2158245182
2175538238
2209087502
2192506894
2192507978
3267157210
3271334062
3271342255
3262945436
1111334024
1110282376
1110421640
37679240
304017576
303948268
302822380
840798953
845135609
844999641
844934089
844937673
304060873
303995208
304004424
306112265
306063113
305014555
309208878
317599022
313343022
317463614
309091342
325995534
325995598
293522911
25151935
293427647
293562815
293042623
292903359
292387839
283998975
284125951
283999231
284974047
284978143
276789727
276777471
293407727
291249135
282868591
819821439
819888079
283049678
285212366
282957558
278697702
282892002
818714338
810071782
819507830
832156262
1922741108
1922741708
1922742348
1918871644
1914480748
1648142572
1647818968
1645643976
1645643099
1645712250
1664463466
1664606762
1630986794
1614279215
1635112494
1676992046
1660177966
1658604334
1650199822
1646005262
1646007422
1650340078
1660825775
1672876175
1621496975
1889933711
1889999759
817306255
280058583
279997235
1356869426
1075848962
1075847938
1075847986
1080501026
1084650274
3232153875
3249442241
3266088833
3333196416
2259524240
2259263152
2263398065
2251092963
2251042914
2251038754
2204901410
2171412518
2179937319
2175679783
2175745781
2175610564
2209169028
