1004648626
972142770
970111170
960690371
960636945
943729968
960706352
960632372
943785508
952112676
952139300
952134213
943749959
943749442
943798594
943864066
943864594
952253203
1002577713
985800465
448993040
448804144
440415520
457192736
402685297
402677203
406968787
406968786
415488467
415464403
432241489
448953153
448986881
440598273
440663825
440465249
440464739
423689699
415301091
415366131
415357939
415464435
415464307
423852851
440563985
436370689
436370689
436335937
440464739
457225699
406887906
415342050
415349234
415480786
407092179
423885779
457374657
440597953
448984513
448968145
440514017
457225699
994096547
960532902
960729526
960663958
969061583
960675039
423753983
419494143
419461503
423788414
1497529950
1505891934
1505838814
1484805854
1216477150
3380869078
3380869014
3380737942
3414291446
3414266870
2340526078
2328139646
2319816558
2319949614
2412158831
2413272957
2681585628
2673655500
2669446860
2669512332
2669643412
2668532388
2668554148
3743311796
4250807701
4183768565
4185726183
4185136166
4185134134
4185199638
4227019798
2073109526
2073046302
1536175374
1539324191
1531001117
457580316
424025884
424089396
407179572
406851892
402682164
402678869
406908119
406911191
407067079
406985159
423770965
465713685
448937492
448935684
440611589
440431413
457209121
406879587
406878563
406879091
415333235
415464307
407059281
457390865
440548609
440546561
440628561
440431969
457211235
432078179
415365619
415349714
415611859
415611891
424132563
457684947
457618887
440856983
440922583
440530423
440464879
440423917
465788269
415423869
415422973
415488477
406899085
138463629
134254493
188974997
172131205
172139393
180527569
180397345
440443937
440450097
436386049
453179649
402804483
406996483
415367907
1484788711
1484792743
1484808623
1489005999
1489037759
1505819039
1505819103
1539553631
1539486991
2067968271
2067960079
2063700287
2030088495
2030084463
2030155247
2017582527
2017558431
2017934223
2017868767
2043026429
2043027311
2042961215
2076529951
2068181263
2068296007
2068164935
2068100087
2068095973
2034545389
2035070717
2035202013
2035220445
2035179005
2018385407
2019433711
2018974959
2018839742
2034570398
2034701726
2043098590
2042721246
2042685263
2042672911
1506064159
3687102269
3670386493
3663046205
3662131773
3662647836
4224684604
4191146541
4174377517
3100497711
3100497199
3092039022
4161586558
4161754958
4177933134
4177929039
4177932623
2034569599
2043417705
2039299177
2072919129
2056199241
2059935049
2059957577
2051602249
2059989849
2076767099
2076832123
2043277690
2043400554
2043409258
2043638634
2043503450
2043622234
2035224955
2035093867
2030907755
957165947
956773723
960970059
969742667
1003247963
1003288859
978320411
978236425
978227209
2068742412
2077200700
2043519532
2043455020
4182550124
4178361964
4211914493
3125580525
2865599213
2878182381
2844639721
2844575209
2827505579
2823297691
3087608458
3104517786
3909760426
3910009018
3914268890
1775046874
1770857546
1774988362
701245451
994863113
974093576
978252809
978243593
986677257
978092057
994877481
2030347624
2014230376
2018426488
4174298696
4174290504
4165766745
3092053611
3092047470
3117250158
3113115502
3146386670
3129543918
2593653998
2593662174
2589532558
2585473934
2584424958
2584289518
3645382766
3636994158
3632869385
3638064136
1481174280
1476979528
1477032904
1493875160
1527429272
3658127496
3662650505
3662655883
3671045003
3670536859
3683078906
3682816746
3649119082
2306938159
2307065134
2312246542
3444965390
3426172943
3426604095
3429694685
3438053516
1291618444
1283295644
1295433604
1295442564
1326899844
1310093956
504759036
504588143
508685615
517008430
519154750
517192718
508857422
503616734
503624874
1040557227
2131141869
2099159260
2082377932
4231955732
4236152356
4176924196
4176862756
4176768564
3103023669
3119850007
3153338918
3153330990
3153855534
2845574382
2844540110
4191104203
4165936587
4161741771
2014258010
2014261354
2018312298
1758216298
1754068042
1758260298
2018291018
2014097355
940555977
957281993
957272777
957235913
961413497
2035225705
2043114536
2043083832
2038889480
2038873096
2072485192
4207261256
4198871641
4198871775
4198863615
3125056238
3125064366
3150225838
3112481198
3112489127
3117281463
3108992407
3138278791
3205381559
3205373351
3205368999
3210675447
3219080391
3181339719
4254950407
3718112277
3722313013
3747446055
3743243639
3743374807
3743307143
3747479943
3755868551
1574896119
1574712819
1499211043
1499213089
1495016753
1480401169
1484140819
1484132627
433471747
432488706
163894594
147121458
147121442
147285266
147224323
147199763
214308371
1279723059
1292322327
1325879046
1313333062
1321700806
1183286742
1184728215
1201508501
1174245781
1149075924
1145029620
1149178484
1149187621
1149052453
1148987173
1149002021
1283318055
1551884615
1602191815
1585415623
1584369559
1584380855
3731729333
3727474581
3731658653
3732706221
3741115373
3741180397
2661278189
2661212527
2660955503
2667300143
2658714927
2675496255
2671374669
2675663309
3747242189
3747225853
3747226109
3613070831
3621324270
1440226798
1442586598
1107107750
1082079126
1081025414
7811974
7848839
24626119
24609559
58167574
56992054
56942630
23912487
7102503
8138799
6030637
13504317
80612871
76430854
81669638
1282899526
1282688838
1332003794
1323684850
1319613430
1319605175
1320653237
1321046436
1323082148
1314693540
3458179580
3479090572
1331674520
1197252536
1444715433
1446878905
1447009945
1446893195
3597988762
1584714170
3740553642
3732234666
3749061034
3715506650
3723887562
3701883738
3701822267
3701760811
3705954603
3698647337
3698718009
3564565849
3589725640
3623275912
3598110604
3591884700
3591755676
3593861020
3531068312
1408160697
1408168891
1374679998
1374512062
3513541550
3509346798
3509350510
3513544750
1366057023
1374449725
1374433308
1357721628
1357852696
1357787416
1357779256
1357841209
1357844761
1088771355
1155880219
1148515610
1148507930
1148573466
1414911258
1431696666
1601433882
1601425690
1584579354
1584579354
1582482235
1578234683
1599136553
1530980137
1497392953
1497392409
1556315417
1556307225
1279460697
1279460857
1279329213
205599645
205599389
80876167
80888711
95568279
133316759
115691762
107245811
103112951
103276919
108523799
108496150
116755774
116899102
243248398
260025614
226329870
222069054
205291818
477995375
1484776943
1484253183
1482122941
1482061485
1507283629
1506104301
2076464125
2077520189
2052350253
2052351785
2048192297
2052124201
2052324969
2126632697
2143340441
2143339929
2143344057
2134965433
2067889339
2067938458
2067930618
2067928426
2034382634
2017670970
1490236186
1490105118
1485840670
1485857054
1484841246
1484846358
1220599159
1212205559
1212275191
1212373399
1229086103
1237480853
1237480837
1220697477
1220566517
1212186101
1228963191
1262714167
1245869319
1245869319
1245869319
1245732151
1245740903
1262517103
1228954479
1229053807
1229125503
1237513054
1271395166
1271179134
1271183342
1271177199
1270913007
1220777981
1220720637
1220736509
1212349949
1480825213
1480710493
3644971295
3657686287
3657626885
3661803525
3661803541
3670050085
3686842149
3653286516
3628120693
3628260981
3628258933
3628258933
3645064823
3644855927
3678416502
3678419826
3644865634
3644931170
3368162338
2294415378
2311258114
3380634694
3414224070
3397450166
3464616374
3464649105
3468844208
3468821936
3460306320
3456381392
1308901744
1309917456
1328730369
1278402817
1281532165
1286766855
1286702429
1288752620
1287710892
1296099752
1296099752
1329789336
1313002888
1309917645
235979039
238084415
255058206
254992654
157443342
149049110
150162214
1219644022
1221848790
1221649110
1505813111
1489023599
1489023853
1489023853
1489020268
1480632684
1476442492
1493211484
3657668701
4194475021
4198667277
4207068189
4207002925
4206945581
4198524527
4215432831
3091354334
3091333854
3099722470
3099592422
3095412710
2579508214
2579507526
3644865862
3644994934
3653374070
3653369958
3649110134
3649074518
3653264711
3644876615
3628136405
3624130037
3624064244
1480776900
1480771780
1480620484
1480616405
1497397751
1531149687
1531080759
1539461127
1539489799
1539556373
1539370277
1530980709
1514175461
1514168293
1514280919
1514279622
1522664182
1539323878
1233137638
1233141222
1220566390
1237409118
1237505374
1271067983
1271129423
1270918495
1270923261
1237377005
1228986349
1212274669
1212338669
1212347885
1212349917
1212209613
1212209501
1228986687
3393297719
3661803781
3661803853
3686969677
3686826877
3116412524
3099638380
3099638381
3091446397
3091373663
3103954527
3103900271
3137357807
3137353199
2869114351
2873242863
3116504301
3116500221
4187161797
4190123205
4190119109
4223692245
4215403901
4198618461
4198757709
4198692173
4223858509
4223852357
4181778213
4181786415
4181784367
4215379247
4223832367
4207051135
4207056206
3930128334
3925929950
3942707198
3909320686
3909246446
3905045998
3900851695
3900720351
3921685967
3913313743
4177554767
4177755455
4181874477
4190262061
4219553597
4219492109
4219497743
4190170399
4181851455
4181972078
4177777774
4165125486
4173518159
4190301647
4223728455
4215331159
4198554966
4194563366
4198691111
3133329703
3150102839
3116422917
3099979269
3100047877
3091651189
3091516005
3091488357
3108267607
3141870175
3125162718
3125155806
2596412886
2596411622
3686795494
3686800486
3686804550
3687130182
3653641286
3653652806
3368440183
3368489447
3359904227
3359667537
3359827265
1212345665
1212275059
1212209507
1262541155
1245896003
1254289859
1254282177
1254343617
1270937569
1228992480
1212214244
1480710629
1480646117
1497429221
1526785477
1526915525
1531375943
1497548759
1480773607
1489100771
1489035237
1505816053
1514466757
1514563013
1514591557
1514587461
3661776229
3661649255
3678434663
3686851863
3686966599
3686970710
3682633078
3665859894
2592126262
2592274038
2596467318
2604810878
2566981374
2550144734
3628280798
3636668591
3632273581
3632274604
3644855500
3674235084
1526915276
1493365068
1493366533
1497554215
1505802534
1505818918
1505815830
1531012358
1531082502
1531331079
3687236151
3683014247
3686848103
3653302118
3628133702
3624122438
3645028438
3653359991
3686848839
2592333637
2596459460
2596459476
2588132212
2571157860
2563024228
2563223396
2563222117
2554632805
2550434405
2567216855
2584078279
3120980422
3120959958
3124888038
3124953318
4198498534
3686797550
3653313743
3636538575
3636799951
3636804046
3628210686
3359791470
3359661438
3359962382
2311578382
2340856334
2323812926
2323682855
2323691045
2323691045
2328089213
2315436797
2332246767
2550335215
2554736637
2563123389
2558867628
3632535724
3636464872
3644855496
3674349768
3674366408
1526883657
1493318943
1497447726
1505769774
1505770798
1497378078
1505899790
1237473038
3380696926
3380737918
3380936038
3385130342
3376717174
3372719430
2303110470
2345052534
2340796775
2323684709
2323746804
2328004596
2319615700
2298709716
2554830548
2554769104
2563156720
3099966176
3091500640
2600503141
2583729493
2584109123
3657834563
4177735794
4160950370
4165075170
4169269734
4169273286
2021788359
1501571783
1522543303
1245719366
1241742158
3389117262
3393241950
3670049658
3686826858
3649086062
3649086062
2575349485
2575416940
2613296748
2604850796
2600652412
2600603221
2567122549
2571120615
3636473063
3636540583
3636597927
3653371063
3645049991
3405855879
1258317957
1241540805
1245965591
1245904663
3393386262
3418617654
3418421030
3384864550
3368091446
3363887926
3363953462
3364085606
2311249894
2336396774
2336392647
2336329157
2344659397
2340465140
2344659428
2336332644
2298711908
2298662516
2567083636
2571282036
2579605237
3112285925
3150026727
3124856295
3121710311
3121841367
3121865799
3137429574
4177535046
4160888943
4160884847
4173464171
4169272937
4169206473
3649055433
3649055432
3644877512
2600532952
2600719864
2604892616
2604892616
2613281624
2592121452
2608898604
2608916015
2613311014
2613239406
2605928046
2572226414
2572226526
2638228430
2621450630
2629838998
3703650485
3720547508
3746694276
3746694276
3390252164
3389007045
1258319158
1258319158
1225882918
1230077238
1238586678
1234433302
1234429718
3363960597
3363888916
3368081716
3359676708
2298648868
2298648852
2336397572
2344860420
2323693141
2323693157
2323682919
2327942759
2332263271
2332214119
2332202839
2571349831
2575411671
2608966119
2592311781
2596376037
2583790805
2583806149
2583912527
2600542287
2550341886
2554471918
3636608494
3632401406
3632466654
3632270027
3653249995
3678416715
3405866315
3389190411
1241748235
1530966843
1531242283
1506078507
1506147199
3653753693
3653655933
3418772845
3410366831
3406233983
3406119775
3410257279
3418680687
3380935790
3380927726
3381124350
3385245182
2345050078
2336673742
2336607950
2336554974
2336613735
2336486759
2336411877
2336407797
2344845780
2344661460
2306910100
2306914228
2294396389
2281936357
2550302055
2551366495
2551333646
3625068046
3623953934
3628084767
3636473661
3636804921
3636792408
3645197384
3645197640
1497748808
1531246409
1527047131
1526784507
1526788591
1514533359
2076635647
2076635615
2076701055
2042929453
2034541869
2034613549
2068232473
1799788889
1783077337
1778769373
1778701727
1778667963
1778864554
1799827882
1774662063
2110202367
2093429247
4240653822
3703650654
3703585246
3720427998
3720575438
3754315214
3750118862
3750085574
3750020055
3751137765
3755336676
3709330276
3709007444
3641892352
3641928196
1494231605
1497377573
2034252583
2067938599
2067927351
2059534359
2055295007
1535176799
1505816831
1497425134
1476455598
1476455614
1476623870
1497511902
1539446350
3682731534
3481406990
3481357886
3481304878
3448040830
3385128159
3385114847
3376775325
3376918717
3376932332
3376932348
3372477908
3373462996
3377919444
3377886684
3377952733
3376482269
3376488447
3411099631
3411357550
3411292014
1540634462
1540702542
1272299854
1230369118
1230300479
1213523263
1213527359
1213331253
1213642517
1213642501
1213633797
1213697333
1229298807
3410476279
3393646023
3393648071
3393602502
1246168055
3418625895
3386123815
3386125871
3369348911
3386126127
3386124079
3418632478
3410231566
1262764063
1237644349
1237641516
1237641516
1237772572
1262934796
1258737412
1258772244
1241871221
1241527143
1241526758
1262494182
1271013878
1237463446
1220678038
1220548022
1220556278
1216372606
142638975
142768413
142764300
138574092
134466828
151244044
1258525964
1258525004
1258402268
1262597116
1229039605
1229174757
1229035237
1270912741
1254217431
1254258638
1254241614
1245846894
1245912366
1245919534
1254177054
1254111498
1254112521
197137688
188821848
184639832
184677880
419534824
419534765
423663533
457224639
448901567
449033367
449033399
440515766
453031094
419492086
1476612310
1476530262
1480725047
1484920373
1484917300
1484790292
1488988692
1480616468
1526823429
1510101583
1514291918
1523041246
1518653934
1535434926
1506074862
1481436398
1481406926
1480948063
1481014045
1506162957
1539709196
1522933004
1514603804
1514488156
1514459645
1514463725
440721839
465887662
423948718
424015286
1481047446
1212612054
1212578134
1212635446
1220877591
1220967685
1216773381
1233540885
1237604149
1271158069
1262769461
189101351
189232423
189267222
185064790
151385175
423933175
1497673959
1497739765
1506259413
1506259413
1506721749
1271921653
1263369205
1263369077
1262959447
1271283015
1539708231
1522925911
1514471799
1514418535
440689127
440690151
440693239
457601463
432435639
432501175
155514293
155508157
1229248925
1229240764
1262992348
1271316236
3418799884
3418799628
3381114380
3380909596
3380909804
3682906797
3682988974
3645297070
3641065902
3641132526
3642034542
3642042638
1494493966
1498753807
1532964623
1532900638
1532825886
1532756254
1499213886
1498178670
1497724014
1497855102
1506278494
1505877087
1505875423
1505885661
1497888221
1497888765
1497872365
1506259708
1506259676
415740501
415544085
415282215
406961191
402914343
402872374
402724870
402790406
403062598
432412230
461768262
461832902
193204978
176972514
1267524579
1267525603
1238218225
1229764593
1225572337
1527758833
1527691761
1514584561
3670523377
3670523344
3670521024
3670511809
3661992177
3657953509
3674632423
3628470627
3629515363
3638494819
4175187553
4175198929
3646712773
3680266693
1516071109
1516137669
1516123591
1516110150
1535050534
1534858022
1532782182
1507651558
2073881078
1541204358
1523379334
1515191430
1527698567
1494143431
1481560375
1482605349
1490342693
1509221173
1542759220
2079635252
2077605652
2076557061
2076612935
2043055591
2017643750
4165194998
4161094814
4161017246
4161021342
4165351094
4173733606
4186312422
4186249207
3684448199
3688638405
3672073157
3672069117
3671939053
3662968813
3662970349
3663199709
3679969117
3679844221
3653564285
3653563965
3636754205
3636754239
3636802863
1497706798
1497764142
1497763870
1497760010
1498354971
1498234139
1497655609
1497688377
1539636505
1522840905
1522839881
1254461899
1246200778
1246156778
1258815466
1229450734
1229350366
1489925455
1489912079
1489912079
1238222143
1238170927
1263332655
1246553391
1246033182
1246220622
1246155086
1246155742
1246156799
1229447151
1220992957
1489416077
1485223564
1489471116
1489274621
1480910445
1476716079
1493493551
1526920238
1531339790
1515589646
1531380751
2068583453
2068593725
961292589
961293100
1003234924
1003299404
449794893
457687881
457544187
1530962411
1530965483
1505802671
1505794239
1539545231
1539489167
1531358607
1531369359
2068235967
2068305583
2135291567
2135291823
2135193053
2131514845
2097960412
4246566268
4246693740
4216743468
4225656380
4221432629
4221367159
3751605110
3722244470
3704411118
3704476654
3705575406
3705591278
3697200607
3713912271
3743219149
3743182029
3743296717
3745396175
3749582335
3724412399
3724346879
3722188126
1574184206
1565794587
1599365387
1601331467
1592967179
1588773945
1587010857
1523906857
1514449193
1527033097
1527183113
1493620553
1495155147
488523227
492719583
492199135
1574329567
1557615807
1557254591
1557197805
1551950828
1551934444
1556128748
1556129772
1564539884
1598414717
1598441311
1598443903
1607348606
1540174206
1540108666
1540108666
1498180986
1498409979
1498348507
1498348491
1498340299
1499252171
1498726859
1498726779
1498739051
1498931499
1532191019
1531143465
1539470653
1539462429
1531106077
1531171613
1497486173
1493431261
1480718301
1480687615
1506049007
1506032111
1539652095
466032991
440802575
457577759
457642271
424088351
407188246
406922006
406876982
406878070
406879590
423688502
423688503
466091319
440925495
440792373
440726837
440726901
457571829
424148437
407337173
407320977
407271825
407273345
407303811
432460435
432067315
432075751
432059879
432053735
415358071
432266359
427973975
465712479
516044575
507658013
507656985
507714361
373300025
373325625
390131993
390115593
356552971
356548858
356812010
356813994
356878506
356948362
1472637322
1606856586
2143725198
2143721151
2101450415
4181764013
4160989181
4165117773
4165391109
4166435605
4166338357
4183039777
4183043875
2069179683
2068135201
2076523571
2059736083
2076316675
1539444994
1539441474
1505886834
1501566562
1501589218
2038460134
2038491750
2038479709
2076417372
2076357916
2067969308
2063840636
2030278012
2030286844
2030155237
2034275815
2034365879
2034759070
2034660766
2068198878
2068198910
2068192750
2076581103
2076515583
2076196063
1539335627
1539372491
1539372491
2076424155
2076424187
2076415995
2076426235
2076426235
1531183099
1531174879
1526931295
1526806367
1494300463
2035495726
2043875630
2039546158
2021668110
1488987406
1505852678
1497464087
1497455735
1530993751
1530993991
1497578823
1497513751
432160575
432217895
406863671
406863159
146814295
146896199
147019207
146863607
163632613
188800501
189005269
188938565
163772741
163674487
163601191
155286311
155352631
188888598
167981846
172045079
171996535
180385255
197160165
197197045
155311581
155442652
155450845
155450845
155434461
423860573
423737661
432126269
432258847
432209679
423812879
423810847
423878191
423747183
423690087
423657463
423712727
423851479
423851479
407074262
407068022
415325542
415268198
432111062
465829319
448986567
448986567
440655319
440458743
440458735
457244142
465698175
432272735
432272863
432141823
423720447
423845367
423853557
423853541
432242557
432111453
432043805
423655197
155407645
138599765
407108981
406895973
415284605
432127317
432258389
432182725
457348545
423793857
419536113
419495137
419458531
1493319155
1531068355
1539446466
1539442242
1535198803
1535147619
1501589091
1501621799
1501621797
1535377013
1539464821
1539465079
1531006439
1509979623
1526756582
1530983670
1531048182
1531048150
1497550919
1497559375
423866719
432123261
432060733
960559449
2034358617
2030239065
2063791435
2067985739
2051199947
977486810
994071546
994062826
960574955
943928827
407049723
406926843
415332347
2025914331
2025888715
2042665947
1807859545
1782754633
1782756616
1782743816
3930161976
3925907240
3925911336
3925911340
3942823724
3942823724
3942831916
3943876397
2840711021
3914387311
3914385791
3914398079
3948017981
3948017981
3948017949
3948013853
3948017789
3914455165
2842937855
2876492287
2875382783
2884819711
2884754175
2884692703
2882563807
2884661207
2918217719
2901492214
2893234642
2893247954
2893113586
2893117682
2901637362
2897369330
2796706003
2796713409
3872530881
3864404417
3875807729
2752782817
2752778725
2757036517
2763459575
2762361815
2779175623
2795940423
2796004935
3869610503
3866411781
3056881959
3040092263
3023315047
3023518823
2755008615
2766539254
2779139030
2795952838
2795943623
2795872975
3065295823
3069485551
3056918767
3021238383
3023520879
2755020911
2754771311
2767383423
2897459807
2947725901
2928916037
2928718661
2924773701
2920583525
2922688997
2922897901
2922835439
2939345903
2943601662
2951991262
2918440782
2918313742
2901534495
3966887711
3967020863
3983801663
3983662445
4017180157
2943438077
2943442108
2943450300
2775735708
2775744412
2775744220
2784198396
2784067188
2779807284
2779807284
2711649876
2715840085
2716104405
2741262324
2742306740
2717207956
2717343124
2717220276
2716105909
2749684981
2749750389
2749754391
2749885719
2741431575
2741481239
2741350199
2741477175
2741929750
2708390662
2708402454
2707714086
2758021158
2753826854
2753900582
2753965174
2753968374
2766543350
2762345366
2779138950
2795995022
3065340807
3065274759
3061084549
2989842860
2989842860
3010946980
2967957477
2967858933
2699427423
2716188175
2707724046
2741277454
2741089038
2742260543
2742153517
2771411245
2754633765
2754810919
2754743335
2758937638
2766293302
2762362326
2948029902
2931291526
3199562119
3202105733
3189506469
3188994981
3205833637
3172410285
3027723199
2780297215
2778184654
3885018063
3868240207
3872434445
3864051469
3876689673
3879043865
3845632297
3979780393
3979538477
3979591725
3979592813
3983754477
4017308925
4025736413
4025679327
4025740767
4025741087
4025613887
4017157695
3983599135
3979469599
3979600671
3979597679
3983626223
3982512111
2908819453
2950893277
2883786460
2883794508
2850103884
2850038540
2833326876
2829133116
2829129004
2830175549
3903929374
3901762574
3901760522
4185924618
4190188634
4190311642
4215477722
2067871194
2067871194
2067871579
2068150107
2068182281
1766176025
1766176089
1766178649
1774567257
1799732809
1799733081
3926368089
3926234985
3926168937
3926242153
3926373229
3926307821
3926299631
3943089135
3981952495
3983920366
3982839038
3982580990
3982585055
2908972479
2908894653
2908889020
2908954524
2782994076
2767204028
2763075292
2763075292
2779983564
2779852492
2712692477
2750445309
2750435007
2742308543
2742308798
2742374366
2817883614
2816765278
2816812318
2951034686
2951164702
2909217054
2909086014
2825130030
2833515566
2833318974
3908176926
4176619534
4174587918
4173409294
2026054670
2026270990
2034683982
2034679887
2034614365
2042949757
2026169852
2026221532
2026355292
2017851992
2017844825
2030559049
2064043851
2064533258
2068726590
2035110702
2018276142
2017730878
2026184991
2026205503
2034753901
2034738687
2034679758
1766300558
1766168974
1774565790
1808055742
3997472190
3997537182
3993473679
3859190415
3859206829
3859248047
2786350575
2817805551
2813675631
2813806719
2813848590
2796807438
2796741135
2817708623
2807186175
2769302502
2752520614
2752525479
2756785327
2765323431
2777873653
2778136005
2811688196
2813699332
2817828620
2805256988
2738213436
2704740925
2752984879
2752978798
2757167598
2765556206
2761361582
2778159246
3080055950
3062227150
3063918798
3068047567
3061686765
3056903652
2788525412
2788661092
2805442405
2809636733
2775951197
2775902045
2769612381
2753027069
2769734636
2773928940
2773993980
2809519564
2809460044
2809259804
2809249580
2918420268
2918289196
2893085973
2888887557
2888951093
3962756389
3962752293
3983723829
4015180049
4015184721
4015250385
4015128529
4015058933
4015062503
4015115767
2941373943
2943606135
2952003447
2916212535
2916210487
2907764503
2909824790
2909889846
2910027126
3916910070
3915845110
3925149878
3925678294
3925817558
3925748935
3904777413
3904775233
1757297665
1757297920
1759455488
1759324945
701311537
713898513
714021379
714028547
982331907
982323987
983307121
985461237
518816149
510506164
510506164
510506164
510506164
1568520124
1423881884
1422833292
1422831245
1418579615
1422778046
1422745534
1145920958
1141643686
1074596326
1078857010
1079909634
1082004738
1089351938
1089417218
1085222930
11407379
11472915
15663377
7013681
7014225
7014097
15550145
32298897
32307120
65845168
57521585
1131265425
1131265457
1139785139
1135582642
1135449586
1139650994
1139646898
1114481074
3262095794
3257898994
1110417394
1114618866
1114483059
1115531571
1115551793
1115520049
1115518004
1110253604
36577332
37630004
37622036
37618436
35604244
39669308
56479293
64855677
335388285
301842269
301841501
293452893
272473181
272473213
809475197
807385197
807336047
824178799
828332399
828201327
860699007
860698975
860698975
844053375
844069501
853539453
851442301
868073181
883800783
883800527
611096719
606967951
606976159
607108278
607042790
607124710
611188206
619541870
1693398350
1693398350
1961828686
1957508974
4104926830
3569106542
3569172054
3569162822
3299678791
2225936899
2225872385
2225872385
2230072833
2230268481
2230284995
2221691587
2221724339
2272121522
2263807874
2263872898
2263743954
2256076258
2256074082
2256269683
2264851267
2263786453
2259462133
2263654308
2263649204
2255260052
2251066788
2251077028
2384978356
2385961357
2406883789
2369135975
3358928167
3356829991
3361155351
1221999365
1234648837
1256010500
173806356
169607988
169673012
168304932
168322341
168619303
168607078
172801526
172867030
172865758
181385438
177191158
177125622
177125622
177117430
1250860230
1255070790
1229871175
134613013
134613268
138811700
138820396
415308332
415252012
415247932
406863436
134224716
151021948
184576492
180451828
444824565
444750837
432233333
138500981
134676181
134655687
403093446
407148470
406893478
406894502
415282598
415342007
1556322709
1556322708
1556266388
1422062980
1145238420
1153585812
1086739028
1086731799
1087703606
1079249442
1081359138
1077745970
1972226
1448962
5636098
4653059
12992595
9851251
26661203
62374355
66421203
41259507
41264563
41270707
39173555
39173539
56409507
55360931
55416241
55547793
39761296
39822736
39695856
41793008
41920272
36611584
1131322881
1399832115
1399172899
1399110946
1382325282
1378128946
1379316754
1379312658
1920398386
1928842546
1928842274
1928184866
1928126503
1920786487
1916653591
1914683405
823050329
810468601
550423032
550472664
550083576
551070568
542943592
555527177
590913545
574218265
574279723
574541867
574541867
574575983
578637799
587026423
603938711
568295303
559890310
543113094
559759286
568147622
568147630
1906130654
1906261710
1905077966
3515625054
3498847790
3498915390
2492409374
2493325838
2224891470
2225026782
2224885486
2226916014
2231110319
2231110399
2238455515
2280472074
2280597002
2280597018
2280404538
2246862378
2246898494
2246869502
2238480814
2238480815
2238481327
2238485389
2238681989
2221847437
2351867807
2351951855
2351913774
2351856446
2221828383
2246994255
2381261135
2414616015
2414609871
2389443549
2389115757
2389061933
2414240045
2347065644
3416587324
3420780604
3412113468
3391129644
1243645996
1244826636
1242739724
167944204
168026172
168026156
167963948
167962924
168032284
167892996
167959557
167965957
172134677
180588901
193189237
264494293
222513349
201410781
71506415
71441263
12782191
276897406
281095934
281358046
281353950
272895678
273419182
13372399
13376511
5144157
5172741
5156371
5027362
5019234
13408226
1087149490
1103988114
1103790466
1103790467
1166725505
3297436545
3301631984
3301699104
2220419620
2220419620
3294161412
3294211588
3302733316
3566764564
3566780948
3571040533
3564716070
3577217062
3308847206
1127875654
1128141894
1126052878
23016462
31274270
27080238
10229290
10229274
12334602
16594442
8196875
8147291
8175977
8159609
92247513
91142105
91143577
124763549
124564927
116167103
246190519
245739958
249999798
237416934
1327931878
1327934806
1294379478
1567533526
3757026198
3735598742
3735589526
3739779732
3732652716
3728368364
3711443692
3693622892
3693611052
3706193956
3701999652
3702134788
3752520709
3471499271
3458854918
3458912262
3458912582
3463074402
3471443682
3485142754
3434679026
3300477602
3434666402
3434655137
3455623312
3480789184
3459883200
1581162560
1580105728
1579597824
1596331024
1562523232
1559443045
1418792679
1551894190
1551902398
1556098718
1279274398
1279405470
230833286
121863367
106187975
103728197
103742465
107930625
107930624
107999248
91050000
70062096
1143935264
1148064288
1156040224
3299200544
3299186224
3315970560
3332682241
1185186386
1319403874
1319411810
3487884322
3424934946
3424995378
1278638086
1278634242
1295969026
1300167426
264095554
264028483
264028497
268292576
226026464
1295770336
1283125936
1148864128
1156271744
1156173457
1172946865
1198040993
3598231457
3598231441
3606943617
3606939537
3607074789
3606882277
3598493541
2457659181
3011376911
2977941327
2977847167
2977854959
2986302959
3019726335
3086841247
3086837151
3621614047
3613225471
3596431709
3613200669
3581751613
3581879613
3581881653
3581901109
3715979543
3741178135
3737050374
3736777990
3741024710
3732439958
3728318902
3745165718
3560625559
3560621461
3572221365
3567797605
3572000037
3572000039
3572229171
3572231219
4100586611
3564764227
1429984451
1427817409
1427096177
1428148785
1948250673
4095566385
4101793329
3572854561
3568819233
3586116689
3585068225
3588998337
3614033281
3614042083
3614041827
3605653218
3605882834
3605886402
3597468886
3597468886
3597472998
3597477351
3622642023
3589747581
3568644893
3566478109
3566478109
3297007421
1153719095
1145060151
1141193523
1141324050
1141257474
1141264834
1147027586
1157448082
1342174082
1324279426
1320144514
1323694834
3462785778
3458527074
3463767330
3468484642
3468664885
3753816324
3485237540
3472393004
3459809836
3476727300
3711608324
3709513492
3709533476
3575175268
3575175396
3575183540
3579505028
3613032068
3623764608
3287106177
3551347379
3551318754
2544693602
2544672802
2548867106
3072893970
4113214530
4113213762
4113213763
3576612931
3744319587
3744216098
4264304738
4130087010
4129694198
4151191283
4255522481
3181791872
3165112960
2627964608
2627778048
2631968288
2619384353
2619384355
2620580370
2620551426
2486370338
2507407458
3614703842
3623228562
3621137538
3621660802
3613338498
3311278726
3313372870
3321824838
3300659718
3434897926
3434635798
3434641191
3449315109
1306019105
1297871664
1293582592
1215996160
1215997184
1216064816
1480173600
1480177760
1564181744
1580892352
1580900544
1580957824
1445949616
3593353120
3605936800
3601742496
2527869601
2527869601
2528913093
2256282567
2268926278
2380149814
2359174438
2359239974
2224829750
2241331510
3348627494
3352870950
3355033655
3313085444
1144563968
1143519488
1143511360
1144693952
1144692928
87728320
18514049
31379587
33485201
301924241
1409284785
1409280692
1409149684
1406987236
1405935077
1389158893
1934488063
1934610943
1917833599
1380930431
1934447487
1934440319
827080559
827080687
827145215
835599759
835599755
835597723
835522971
869011867
869028251
860681147
860665771
827102633
1901370792
1901374968
1903535384
4051150600
4083327512
4083327512
4066550328
3001197115
3068372522
3068259882
3069565226
3069560874
3086403610
3076443146
3076514826
3076367627
3076497787
3042882921
2774455785
2774451708
2770326412
2769285772
2773480188
2773340909
2781659885
2782680943
2816238959
2818336047
2818407743
3078585629
3078585629
3078518045
3086906701
3070121439
3065992414
3070055614
3069992110
3061603502
3078479038
3044998542
3028221838
3034510991
3025987295
3028050495
3028050495
3027071799
3043779878
3052168486
3052358951
3049147415
3053407493
3053286660
3044861236
3044406580
3042367252
3042367236
3050755588
3050823188
3050700340
3044867637
3078422119
3078412135
3077358959
3077424493
3077496157
3077500253
3078547284
3078616916
3043870580
2775438196
2758727637
2758735831
2766992870
2783759846
2775369702
2809124822
2771314630
2771281350
2775414230
2758624630
2767148406
2701014359
2700484951
2977374535
2977374679
3010793687
3010794751
3084211455
3084352735
3084282063
3084318943
3075996125
3075866061
3078617037
3078472653
3086865117
3086873343
3086873198
3087001198
3078612590
3044857710
3044857710
3078411646
2809984478
2818536926
2810148350
2709468590
2977840574
2977897887
2977897887
4092927165
4076149948
4067697852
4067697820
4068303060
4068405332
4076785668
4076699653
4050628615
3496916230
3492724502
4033781302
4042169894
4037709350
4037660470
4122531078
4126729239
4101628021
4097458549
4097462773
4096464885
4096481013
4101723895
4110147319
4122597079
4158191303
3067930317
3059537613
3059537661
3059546093
3084773357
3084772845
3084699117
3086865917
3221090783
3212829023
3210732895
3210737503
3210737535
3210733439
3177047917
3187472253
3187464061
3185394301
3177140981
3172954871
3038737351
3038589382
3179107542
3187629239
3187562663
3183376629
3216988613
3221060037
3220471621
2683646485
2675388950
2541171254
2507153958
2498765606
2494574950
2494833894
2425624742
2442419351
3553942660
3525100676
3525280900
3541991620
3508446276
1344187476
1343589668
1884667444
1893108292
1893137989
4049006279
4049528518
4150261462
4152350311
4152215399
4135384935
4143768375
4143771957
4141666613
3068130613
3059709285
3075962213
3042407781
3042334037
3025622469
3034015175
4107759063
4107795958
3086867702
3070090454
3061830870
3061826902
3061698871
3061178687
3077890879
3042305855
3042408319
3025624951
3025618933
3025602293
2984183541
2984056437
3520935447
3520930327
3556587031
3539736343
3539731766
1392317494
1392342070
1379525671
1394144359
1360708807
1359668359
1342884999
273342359
1347034806
1154162358
1149769382
1150031526
3567007654
3567019502
3569346030
3584942350
3601637639
3601637893
3601637932
3605836332
3594293804
3611088428
3576614188
3576613992
3509517401
3513676877
3547288667
1399640395
1399603467
1366049035
1366102299
1357853979
1424897339
1424895275
1425943849
1425892633
1425862921
1417199881
1467515993
1450739177
1448713641
1448844729
3730546073
3730560473
3732918745
3758059899
3724484907
3707707691
2629771562
3701278058
3449624042
3485279662
3485213102
3488879022
3476407230
3476222879
3440571279
3440763854
3439634254
3443828510
1296412446
1297514254
1297514254
1307991822
3489549375
3485359213
3449799916
3452748940
3444372620
3440162260
3440358740
3440293172
3477776181
3621431077
3600459095
3600463299
3604645249
3596191137
3608786337
3608733600
3575243684
3575542421
3575534277
4051649143
4051464998
3580634934
3580112662
3580181270
3614915102
3614906910
3581351686
3304403270
3432317190
3434414135
3434418212
3434442788
3432309792
3428101152
3424037952
3440815168
3440805056
3340140992
3330179729
3330197175
3338487462
3598474918
3598200486
3598198446
3598198190
3598218478
3614982238
3581493262
1148932102
1156210694
1157243159
1157313303
1157567285
1157567285
1147012917
1147031357
3313421277
3355347677
3338439373
3338447501
3338440329
3606620073
3606618537
3598229929
3596329385
3730760185
3730764283
3747496814
3716113262
3695128894
3695124766
3695124506
3699318874
3705483514
3701425403
3701460473
4238133752
4254903160
4252805960
4248801224
4113532232
1982824777
1982841161
1999519833
1999503465
1965957225
1434259755
1425868091
1426004794
1426012730
1354689134
1354623566
1354534854
1358726086
1375633815
1409201140
1408152560
1466852336
1399730800
1362047792
1361909540
1345076004
275524452
285027327
297216974
330636174
316935566
317981066
309649578
315728058
315728042
314614186
314606058
306229615
843097391
843163951
840149295
840325407
861275407
274084105
274604809
282993416
1356738840
1358746920
1356634408
1893501928
1909230520
4086282888
4069441416
4070486667
2996744842
2998833834
2989404842
3007161066
3006259818
2972644874
2972479275
2708241451
2746158143
3014532158
3014532190
3001947214
3001954502
4085129414
4047380550
3514703926
3506311471
1357840701
1353523484
1353523484
1357702424
1374465497
1367128473
1398049163
1397198218
1464251786
2001122698
1996923338
1996940667
4245024559
4250300207
4283592495
4291979055
4275126813
3738260061
3737154509
3737154013
3753927148
3749864932
3749862836
3733003413
3733206151
3737415822
3611685038
3575107758
3558769134
3560866254
3565065743
3573394957
3590106652
3748457000
3744230953
3744415019
3744338986
3714973738
3699245098
3707372586
3636086142
3636133710
3633885006
3634147078
3637028118
3645677878
2572005686
3171856662
3177100037
3177087940
3176908708
3178811044
3178782372
3174579876
3208199860
3208130484
3193716653
3193701807
3204259191
3132562711
2595695879
2612276485
2582914325
2298287413
2298347796
2310680852
2310677264
2344154912
2327367456
2325276960
2329528608
2329663840
2346375521
2304395730
2304380354
2283408834
2283472370
2283324898
2333639906
2589689190
3741039046
3734546823
3734546564
3470497956
3457865892
2400848005
2350517382
2216558982
2218132166
2495005222
2494924326
2494864934
2494868262
2679941414
2667350069
2654832901
2654571781
2587509189
2569675205
2552899041
2557094371
2561280483
2561162226
2561157394
2293771010
2310547270
2344100806
2394628998
3468215207
3468203437
2381886908
3446193544
3447299464
3476725128
3476725144
3726290936
3726225240
3726221129
3607862797
3339640335
3339585310
3307078446
3579715966
3588096350
3550150911
1402537132
1402542268
1134041228
1131952268
1127942284
1126841484
1126834313
53420218
54268586
33309290
11289134
1085063741
1085072908
1085058572
1084731164
1080404268
1092925740
1127730220
1115085836
1119282252
1119277254
1136083110
1106527654
1092896166
1094010278
20332934
51798406
51732934
53965135
52584719
56877338
23179050
1088526890
1353157178
1353157130
3500513802
3567566346
3584340490
2544669242
2662105641
2667348584
2658968424
2652758504
2652855532
2656962796
2522758372
2522489060
2530881692
3623563661
3621462413
3587842447
3503883679
3495455166
3491748287
3491740046
3493706063
3497303311
3496250637
3512841997
3512903453
3547506461
3530986293
3530933029
3606364453
2530533669
2530697253
2522243109
2522301669
2539081141
2504411527
2512845702
2512906886
2512760486
3049567910
3042215910
3038609687
3040850183
2972639237
4033241093
4033290245
4033297653
4049935525
4049935781
4092923301
4074178476
4069986972
4074050188
3539235533
1399120397
1361372687
1361407502
1365715470
1399208254
1407596590
1457914926
1457913886
1475100686
1442635791
1426055947
1423872521
1423885849
1414319659
1414332203
1426910507
1427111227
1565385993
1548543241
1565458249
3712925433
3712720553
3721954985
3717759641
3717759627
3718218650
3722359226
2639716586
2639716462
2639651118
3721421102
3721405247
3721405213
3695194925
1543582508
1543901976
1543898376
1561725976
1465859097
1459583049
1392429193
318671241
40668811
40666811
36491961
288109227
271397547
275669419
1357275307
1357340905
1357180009
1374481449
317515785
317496073
317710089
384751371
384226138
1432809834
1417056362
1953660970
1953660954
1953542426
1970316603
4149259835
4149262905
4145134104
4145199640
3037904408
3073826328
3073820216
3078046248
3084337705
3218559611
3218552666
3218421598
3218879982
3185317102
2648442094
2623345918
2623500486
2631557190
2630475862
2630476118
2626347719
3163198149
3181085396
3084420820
3061620476
3057425132
3055344620
3055475692
3074411884
3078378844
3044827613
3028034047
3028234735
3028161006
3036550574
3053325526
3053395159
3085923415
3085919319
3085820183
3085754703
3085820766
2541613694
2541573118
2541574126
2541573630
3078446202
3078446139
3078446139
3078542345
4151243785
4126073097
3564065288
3564065305
3560769053
1413287485
1412898351
1547123494
1549076774
1557203986
1553015810
1485856770
428994626
466858194
441888978
439784578
438733954
442992787
442992784
443792560
980656352
978378976
974151776
974135328
956506148
402799905
407046690
953371170
949180962
949213746
951310850
951557634
1005946691
444039619
975668435
975684849
976733408
976475360
710010080
718332384
717283808
700473812
675504580
943870405
939721159
943785319
943729442
943729186
415312434
411187730
411179538
496111106
513230530
513098371
517854083
509596035
505107841
507188657
523967904
360267680
368586657
364392353
364390309
367535589
367531495
99091799
99307287
82435895
82377523
216591121
233548033
258652417
191536129
174754817
174769153
174781457
174843185
174679347
199878435
199812967
451474791
443078126
443065854
443064798
443265502
426416078
409648974
141220430
141220358
141286166
142170930
142178594
140338483
408903699
408842499
425644291
459199235
458674691
441893443
441959363
441549299
465613027
432055523
415295715
406907107
406907379
402848707
402840259
406996547
407044931
406917427
408097073
147984689
147984401
150160401
217140241
217304435
234081778
267640210
183621010
175232386
175232402
175363474
175371763
460580211
435283745
485549857
481357600
502332208
225532161
221387009
187832321
154278193
137563425
141625121
150016545
145961521
213066257
213070337
211879425
228869843
266653619
115662259
107338131
107338163
107461043
108510643
108506515
108506515
107461075
107395347
115845137
375760945
325433393
321230897
858102803
824679539
556244067
556174563
539466979
539334883
543553891
610662759
610663799
610657653
610627957
611668453
611677669
611680229
611654641
618863315
618863315
618732275
631323219
670246467
653468483
645096259
645097075
921917043
917982803
916802387
920915411
912530643
925117687
874851767
879116199
887492327
883361527
883259095
883189331
883222291
887944483
896308515
929930529
929479953
929495297
929495361
912709697
908482625
908548305
908410101
912336357
920729325
920716013
648020713
669004779
895494107
878917579
887240399
346169055
346364535
346315383
346315283
346348050
350534195
367374131
518366547
510112963
505853123
505844931
1042713793
1042713793
1042652385
1046785121
1042590753
1042590757
1059580983
1025961015
1009179955
1013336882
1013402162
1022319154
1022188114
1021664978
1021705938
904396482
627507075
661118851
627548033
628595696
610639840
618987360
610592096
610559009
606351397
606343285
606539879
610668903
619053927
614924911
614797901
614479373
1017130511
1017145871
1021372943
1021569798
1018343174
1018412870
2113116102
2138473350
2117243270
2117243271
2117259445
2117324965
2119299492
2119295396
2119231468
1867640828
1834068829
1844754733
804567343
803511343
778408991
774209566
774209598
774869030
774828071
792654903
725539895
725600295
696109415
696113511
696121719
696121847
696121847
679344631
678427095
678386135
695028215
694504935
728063991
728068087
737505271
737242839
735264471
735264599
701579095
693448007
676801991
676822997
687295189
683133653
683117269
697809605
696626885
734307781
721740247
688152831
688267503
671481963
671482219
743768875
754255403
750075417
750070296
750075464
748953160
748947016
748963400
753189448
757388888
791148281
778500089
778462699
787834363
779379195
778326490
778387930
644169979
644206825
652726377
665236841
665298776
803513928
795137608
790939225
795334393
795277035
779515883
779511274
779575754
779579594
779538650
787910907
783462651
1861464315
1852875227
779138427
1043445115
1043576171
1043529067
1043524954
1041392922
1041397050
785634602
781440106
781431930
764585034
1020454090
2088158410
2083930314
2082930810
2015694954
2015638570
1491347242
3634703914
3634830890
3634826778
3367255562
2293247498
2293247498
2297433914
2312111482
2312181627
2312333051
2311316219
2311185145
2344678137
2345702313
2337310120
2337375672
2332147161
2336467401
2336467273
2337450313
2337519899
2322828651
2331149673
3404894680
3472011464
3472007304
3461461176
3725630632
1578211496
1580374184
2117253336
2100738248
874948680
874953800
875033721
807891179
539455663
539447727
560419503
564481709
547703460
547707524
547748484
551942532
560326836
556100837
572812533
572861525
572927253
577117989
853937701
849677861
849624599
849636871
853894918
870736654
291947278
291947294
300271470
283434862
283470207
283601229
283592973
300370205
291986751
291972383
291971855
291992078
300369438
279955070
279838462
346881787
368899803
368941049
391690217
391701993
389606905
356514888
360634456
360602680
360651816
393033017
393027897
359604537
493826875
485429819
484771419
484789979
480628443
480562939
502587387
527744507
527740139
523349242
1030929594
879934906
1962065310
1962079630
1962013086
1425073086
1425040302
1423013551
1959952047
1959951029
4126309013
4125121269
3588288359
3588285239
3588333847
3563229447
3558981891
3558891793
3563085857
3563287584
3571602720
3571588896
3571583681
3571845825
3580234371
3613740691
3605316582
3538211302
3538215198
3538411791
3538133257
3537944360
4062227240
4079004456
4045511544
4046954440
3778380744
3776218056
3780412120
3788935785
3856069161
3847677503
3044501311
3044304686
3044369710
3086439470
3086435455
3086435421
3086439453
3086312733
3086345501
3075858781
3075990349
3076510557
3076375535
3076309999
3009270783
3011441663
3019896319
3009017339
2992239834
2723802330
2740710650
2709191802
2692664378
3774858506
3766322443
3766334730
3762157342
3762157118
3778934334
3812619838
3795777390
3799962470
3808412023
3808284997
3825201605
3814712789
3781031287
3781162343
2707412343
2702693878
2702562782
2706699774
3780437486
3788895726
3789018606
3856127454
3854955727
3855413469
3881693436
3881791724
3877532140
3850269180
3850270712
3849281272
3849157337
3857283791
3857316702
3857316734
2783760222
2817312527
2817389391
2809098831
2737726039
2737189751
2742490087
3790931939
3791456227
3787405143
3787404549
3791463685
3791397909
3824956477
3822924861
4091507775
4087141471
4087133643
4074538954
3806103434
3808265626
3825112474
3820918255
2784409071
2767626607
2759254815
2755060493
2687984157
3761594925
3776258793
3814014889
3797162937
3797179273
3799337355
3799959963
3808419259
3824981131
3790373195
3773595915
3765350970
3832537642
2754372142
2754422318
2771263022
2808483118
2934375462
2930049142
4021629046
4021686367
3918729229
4170211340
4165004556
4160793400
4177641016
4177632824
4215311896
4013983304
3980559948
3980572029
2906891757
2835456493
2835542527
2906838479
2940651343
2941701967
2941701485
2941775213
2949965165
2949968239
2916406095
2915419083
2906964699
2903891951
2887253999
2887183855
2887155167
2910277071
2884978127
2884980703
2935316463
2926913519
2943689183
2944233951
2919055615
2912764143
2912797165
2946324473
2932633561
2924243805
2925358973
3193929081
3204404569
3212787977
3161408777
3157151033
3162398009
3095358749
3103614223
3116134671
3153920778
3153986378
3153986506
3120521194
3103283690
3103320298
2851649770
2885195979
2860094665
2856296649
2856296520
2923405436
2920800364
2937581668
2902881636
2898687584
2894483185
2894483155
2895597251
2765414098
2759646626
3023949218
2804866434
2788089795
2792283073
2792344128
2792160804
2792156708
2801592100
2797400940
2797421437
2801619967
2801628655
2793166063
2788770022
2805612662
2776256526
2892648718
2892915470
2902421002
2902059610
2901994090
2900159466
2900146666
2949958106
2926887370
2926952907
2788676043
2809520555
2807423919
2950031277
2950025125
2941640629
2808012741
2810117957
2809576453
2784279605
2775888933
2770662445
2771506237
2805134397
2805136685
2792521581
3874638828
3874573308
3874765724
3881053068
3881184140
3883277005
3866500831
3874578415
2800768367
2796572959
2796638223
3870417159
3975209735
3975341571
2901601795
2893434371
2893366818
2893300002
2892816674
2900676642
3220095234
3203325187
3194936067
3194997505
3194812704
2926373216
2934761824
2934817221
2934882757
2926494149
2923315687
2940084966
3174966882
3162381938
2902269538
2897753826
2897748454
2913480934
2913469622
3215621253
3215617156
3219680388
3190316164
3207089540
2671402964
3174723301
3178916455
4260985366
4294502934
4275628822
4271435543
4271502597
3740975364
3740975108
3732557908
3728437492
3694751908
3694813365
3693770117
4244262797
4240034495
3166501551
3166481327
3168579583
3210518479
3189607951
3189673487
3191770655
3211697711
3220090669
3220023093
3119314229
3093874471
2825439015
2821375863
2821375970
2821539810
2842449378
2843016674
2876767699
2877222851
2875125185
2873949521
2873945461
2869749093
2836322085
2841560879
2917060463
2917125119
2950560255
2950494703
2942093503
2937964703
2940132829
2944325085
2910770013
2909721117
2909655613
2909562685
2909037887
2909044031
2917424494
2917485550
2947436534
2948534230
2952539527
2944216519
2944343379
3212772657
3203335473
3203274001
3203278081
3203280129
3204410385
3204302897
3221199059
3179191427
3161359746
3161376386
3161440898
3169834658
3169679011
3169609443
3169609697
3169609185
3179048433
3212766401
3204377797
3202214085
2950535415
2942273783
2908658774
2906035974
2889257478
2754007559
2754933351
2771674855
2805213103
2788429231
2786397631
2790720951
2815559095
3851890838
3834912902
4103348359
4105646295
4109784279
4108748879
3790571535
3824007429
1659742532
1659743692
1647158236
1730978412
3844928233
3829338859
3829277418
3828756010
3856996654
3852732462
3080980494
3064752142
3064917006
3081696271
3081667588
3182330916
3186422052
3161252644
3158176372
3174486740
2639676112
2639663760
2647929505
2681481123
2682011046
2681998502
3202305174
3204373638
3078547590
3078531270
3078596870
3043868438
3043878407
4033864391
3496878789
3496424069
4028892069
4046730661
4082375841
4074130593
4072066115
4071005187
1927785474
1919200258
1915599874
4079926290
4113480723
4113470519
4235116837
4235002149
3966505573
3966509669
4234945125
4235015919
4243396207
4239920999
4239920421
4239936517
4239968261
4244155397
4235767556
4160394820
4139423301
4137322053
4137584229
4133258791
4061435687
4061446183
4062040103
3793580087
3793573111
3814595767
3764263063
3764271494
1625172870
1624190614
1625110198
1889276518
1889272366
1891373614
1890854430
1911830047
1901868839
1365059045
1464165605
3578119301
3586638981
3586295237
3586309381
3586304261
3716327685
3717376263
3755191607
3738297127
4266742309
4132897381
3055485677
4146017964
4145889197
4112326077
4116515997
4124867727
4120700110
4120687694
