627964279
627964279
762165623
695057783
963490294
963490294
946713014
946713022
409842622
409843646
409320126
409320126
409320126
410385342
416742351
432438733
465986893
449073469
449147165
440889629
440923453
457571647
423951671
423950695
423934455
423738869
1531164053
1514385813
1514377621
1514246581
1522643365
3670054309
3737230757
3737361829
3737304501
3594715061
3594704821
3594667669
3527821013
3528787671
3528722367
3530833839
3530898878
3530898590
3531021502
3547796670
1400312990
1375154382
1089810506
1088770330
1088737562
1088746266
1089250106
1089251114
3236732714
3236728634
3237973306
3505913114
3522683930
3514168346
3512057866
3512188954
3511079210
3494306090
3494242106
3494237978
3494168331
1347178329
1347161944
1347231448
1347378904
1347090012
1347090012
1363849812
1363915460
1393144788
3607671796
3590894245
3595146915
4133193362
4128937602
4263179923
4282049507
4252721633
4235814369
4244192741
4244258129
3707383105
3699064017
3698867441
3698881777
3707270353
3707453633
3723116627
1575645555
1575642995
1575708177
1609135633
1609127441
1600737809
1583952689
1583952177
1583953201
1584100465
1600871539
1600740595
1567120883
1575538162
1576584690
1576650706
1576785859
1576728515
1601894355
1601890289
1601955825
1585177585
1584002037
1584001525
1600705013
1592317429
1592317429
1583994357
1585182677
1585117125
1585182021
1584100663
1592489767
1609266998
1575696150
1575564054
1567175454
1567297822
1567293727
1550532671
1558823989
1558764885
1559797205
1559797237
1559793063
1559796903
3707352246
3699093650
3715805634
3749360578
4282036946
4282098402
4286179042
4250527714
4258913763
3187264755
3212397811
3212661971
3191813251
3191748498
3195934370
4278146722
4273829554
4273760146
4273825155
4290082197
4260689333
4235519396
4231291364
4231279076
4228985300
4231082828
4231082876
2087859756
2113027644
2146647560
2146450968
2146460984
1605428249
1605420042
1605420042
1603386602
1607576810
1581427886
3741496462
3707929990
3712123270
3695428567
3704808019
3696419347
3696423475
3698849571
3723884323
3623222579
3606445425
3598704113
3598671249
3594145664
3594143617
3598407553
3615322545
3590189473
3572818403
2494882151
2499076903
2499077671
2490428981
2506160695
2673934135
2674228519
2665903141
2666397717
2667446349
2682062303
2673702397
2505928173
2514480573
2513956285
2513829277
2547316109
2547307935
2505364414
2505561086
2505495406
2490618670
2489406762
2497733930
2497735994
2514582794
2514705754
2507361659
2505137625
2501148105
3071638857
4149681497
4151778681
4151661935
4149310846
4149474686
4149469534
3208700254
3208701774
3175134990
3175325207
3183648309
3179544101
3179413028
2625752628
2630962805
2622562038
2618376182
2617325030
2638423286
2647073022
2676437246
2676429902
2643932239
2644442124
2644432972
2650573144
2641922424
2637991256
2669524440
2669060568
3726024952
3724976312
3745948156
3712398845
2646841069
3166934765
3158498941
3155353117
3172192031
4281456991
4285626831
4268829151
4266737663
4266858159
4283564783
4282516078
4190114606
4191171390
3637523726
3645910286
3645909278
2312120350
2340435998
2324126749
2324102268
2341399804
2307628540
2375585492
2359855828
2230094564
2221771492
2217720420
2234433124
2267987557
2402271078
2389546338
2389554274
2683155698
2683278582
2649724310
2641362326
2624585110
2620325270
2620317078
2620841347
2618748801
2617765761
2617634368
2617632272
2618549760
2618488320
2624845312
2622748208
2622707505
2622639889
2621590803
2638433570
2638314850
2646834674
2680364483
2680378563
2680386769
2646832305
2646824113
2646689203
3720445330
3745738162
3728958642
3724629154
3724624050
3724689538
3729936514
3612438867
3587237665
2494623264
2494622240
2493577776
2229336576
2222127617
2222116627
2236859891
2278814163
2257834435
2258096595
2264257011
2255811939
2251585315
2268415794
2234914578
2222335746
2365007122
2360616226
2364552226
2364556322
2370913474
2371011715
2403530115
2411902353
2411833265
2411833265
2386671553
2386678227
2383528291
2400317539
2370920547
2354275569
2219992273
2219988113
3293791633
3427818896
3423629232
3444830129
3478317761
3480640067
3345468931
3345270291
3345011491
3324043811
3324240435
3458392595
3476222467
3478369875
3478241011
3443633905
3444817617
3310542529
3581396689
3580348147
3580217075
3580224483
3580224483
3580196339
3580188115
3563527635
3563535699
3294965107
1147481395
1147485235
1155873843
1155802163
1285891123
1302541331
1302529027
1302528003
1336102929
1340204049
1341252947
1341252947
1341372371
1332971475
1263634387
1263638515
1263577075
3486623603
3486754803
3469852659
3729891315
3729897459
3729823671
3729831607
3724588727
3741443751
3741447847
3742585829
3713225717
3696305012
3706790256
3572592928
3570496800
3562110256
3562101041
3561094401
3570658563
3570660674
3587429202
3587429330
3620885202
3344062162
3344123890
3346091490
3329559778
3354860754
3353810115
3320128705
3303350513
3294961888
3295113696
3295106449
3295114625
1160247235
1160247235
1164433235
1172821811
3320182563
3315658530
3319918354
3353468418
3345073682
3345076850
3596743666
3605131682
3605131683
3601986723
3606183345
3595696529
3591494577
3593591537
2519854709
2464212852
2460016996
2996891756
2480984172
2506117228
2486260212
2490528596
2488414741
2496791095
2498822694
2498762022
2497733926
2489412630
3697441798
3698490630
3696450819
3695214405
1547710404
1543515972
1493310788
1527913925
1242701011
1242698866
175314034
198180882
164626450
147857714
142697250
142698274
159442290
193002963
176414147
197319105
197380529
197156833
197160929
197160945
172127553
172152131
1242747186
1242616098
1241575730
1241571634
1262530850
1270920486
1233239398
1266923895
1266940357
1266874820
1271060948
1258540532
1258538964
1258542020
1258542036
1262613364
1262543140
1262526756
1531028516
1531034676
1539415060
1501665284
1501804613
3649223750
3649223878
3645021430
3623980262
3623997414
3624064694
3640796870
4177733334
3637720690
3633518194
3633321762
3633321250
3637525794
3629136914
3628213250
3368172611
3365043649
3381878209
3381681617
3409993713
3389054947
3389122547
3389187394
3393376514
3402809619
3398553904
3398492448
3419463968
3406882084
3389114660
3389180164
3389192452
3401836805
3397642518
3682858294
3632509302
3632628198
3636822438
3636888499
3628509057
3624380289
3623925168
3640706528
3640870353
3640863811
3640732770
1497443682
1497574690
1606622514
1602428738
1602441155
1568919425
1552080769
3699556225
3699486097
3712001441
3724584353
3724665297
3725725953
3727884547
3731894562
3719571234
3702815523
3702836003
4172581649
4168399617
4181109505
4214667008
4195779328
4194337072
4261454176
4261470688
4261558176
4278322849
4249226915
4258406050
3985710754
1871711654
1720716470
1720769670
1725152454
1727112390
644916422
930127974
896704566
1964150806
1832027158
1831924774
1864494118
1864531238
3991029287
3970089508
3971138052
4237509124
4241498636
4161807900
4161809964
4161874220
4166137893
4174514278
4169271510
1484983494
1552094278
1557279046
1574056902
533918706
517071330
515940578
448832754
440442098
436255779
1577102369
1577106481
1577225489
1560446912
1547888256
1556280961
1556268673
1551976115
1556108979
3569362594
3619710370
1456495842
1450200290
1449412803
1445406915
1445342403
1445338179
1449542691
3605381409
3753177377
3752895268
4293960252
4260671036
4258568764
3180759580
3196500508
3129387548
3129458157
3125593326
3122414766
3122135214
3107848622
3090552510
3090560654
4168494798
4176838614
3902594278
3901005047
3901009093
3901008964
3901008896
3964124208
3959921696
2886111008
2886127136
2751860256
2751872544
2685732384
2698249952
2694645680
2982020995
2980713858
2444049554
2443984034
2448170146
2267815058
3324935362
3324963842
3329158402
3333219603
3332941601
3349718832
3349918993
2401930545
2636811571
2671414643
2673519826
2665131202
2665129155
2658910417
2654552304
2654799072
2537372896
2503749600
2625185376
2629440112
2493125329
2493010643
2493043266
2493052242
2220415090
2218379379
2218449265
2352671504
2675616320
2667490880
2663379520
2662122176
2666316513
2683093986
2632761826
2624337122
2620142818
2485912786
3559784530
3560845330
3565035522
3569247234
3586025473
3602766080
3602745600
3338504976
3338514192
3598493184
3726418544
2652668640
2655879905
2664141794
2659963298
2659971490
2656661906
2669228418
2604282754
2570723970
3648660466
3652788707
3652728165
3652717621
3757594647
3749242887
3749308615
1467676807
1463733382
1462649990
1462108550
1462113174
1433871015
1442259623
1471488743
1470391095
1441063191
1432658237
1965862189
1881975084
1882175804
1953401116
1962839052
1959428172
1967890636
1965027468
1998537116
1966998447
4117628654
4109184742
4108660326
4108662342
3563337542
3563337031
3706189283
4238781665
4255563249
4289107395
4272260547
4272259138
4268068962
4264665186
3190857826
3191070818
3191009635
2924696163
2861659875
2861657846
2928701158
2928966374
2924760054
3205761478
3021348294
4095094214
4097713542
4101969286
4110160295
4038861735
4038865825
1958679425
1958482881
1962690369
1953255168
1412294960
1953425712
1953425680
1978596608
1996408128
2122171200
2120008513
1583141681
1582163744
1591536928
3755797536
3722242096
3697048592
3691926528
3696120832
3704504896
3566093009
3701359345
3701212899
3700958946
3361222370
3359182322
3359444066
3678149730
1580807410
1585078466
1585115202
1593475395
1593410001
1593357280
1584965600
1595453284
1561901940
1461451349
1461386055
1465547078
1373293842
1373619234
1356644450
1348268146
1342763218
1342747058
1342738851
1363842451
1389034883
1390069123
1459307907
1458377169
1449927521
1449927457
1466704677
1434269501
1442650909
1442781983
1476098335
1476094303
1459158479
1459147983
1467531727
1465487869
1163633645
1165944549
1165944533
1429657157
1467385345
1458930211
3602154275
4136935715
4136935463
4141720615
4129076263
4112483415
4097477703
4097506631
4097494615
4095430247
4108062311
4156304935
4139527713
4139527473
4273746963
4135334931
4131353601
4265530369
1983829315
1970968003
1962521043
1962520977
1962538385
1887131011
1346047891
1346046643
1417222819
1425881763
1421621922
1421623202
1554785746
1571628355
531047683
518484227
509731073
509718801
509718832
241217824
242262304
256942369
151040293
402756967
1547884503
1547886534
1556274118
3700853687
3567094693
3573332916
3581717124
3575424708
3608969796
4131164788
4131234340
4143358501
2796987175
2796912934
2796847154
2798952566
2790580454
2802307318
3842916486
3827185038
3827181470
3827185390
3833466478
3970501166
3970435882
1822963994
1840785418
1840785418
1998077002
1998271898
1981424042
2115662250
1994047662
1990115503
1988935869
1988927628
1993121932
1997513932
1948163532
4097215052
4096166477
4033792543
4042259006
4037932607
4104671791
4121457197
4125631017
4150796553
4117439949
4100610285
4101949669
4101949671
4101425239
1953887235
1953816579
1949360131
1412583475
1412575267
1410478114
1414664482
1423050338
1435697778
1435701954
1421300418
1421203139
1437974209
1437969345
3589650928
3623193504
3597966240
4131175344
4131237552
4131369616
4130853616
4129813232
4129645168
4150731041
4104466467
4104388642
4104389666
3572251682
3559668754
3559800066
3303947778
3299741186
1151929858
1152925203
1152925217
3304615712
3313067840
3313067712
1198094016
1198327440
1206847408
1207895200
1201476769
1167867106
1172061266
1146960898
71251202
70657330
69608754
69612562
69669890
220533762
224724226
224740626
224773395
224777491
224916755
224898353
224898416
1332056048
1323667440
1323671440
1320531856
1253423024
3400901553
3401429939
3669864866
3667702946
4200115362
4195920034
4195924130
4179269794
3894066338
3894080754
3893978178
1746411586
1746673922
2015242018
2027828771
2023099936
4170649152
3701358144
3701354176
3705606080
3438808480
3455583456
3455587536
1207510464
1203594691
1203726194
1207924578
1165444386
1160054034
1093600258
1076829202
3091570
71251026
75302210
75040594
91829875
100478483
100482819
233643779
216878355
233166131
233173299
259301651
192259395
200771059
195544563
195544499
196597171
200767395
187917987
187920035
185806483
152129475
156256019
156366097
215082257
234087697
234089745
224644881
258330417
254136115
238393203
238417778
242743282
242743250
259506130
267894770
267886547
125804243
124755667
124622547
124622547
124753587
1198495410
1198503602
1131263666
1131280050
1131271826
1131273906
1097686962
1097695218
1097674226
1097674226
1106066546
1106066514
1106066482
32324659
28261427
28259345
28259345
28258305
99299329
99307537
90788113
90789137
90789136
74014480
73998096
74005808
208221488
208483632
208478512
225190960
225203217
225264945
191710579
200136051
191755603
191755603
191722835
225269073
225400176
225399152
225407345
225276241
225272145
225272179
258983283
258852210
267247090
133029331
133035473
99481041
90829713
90829201
258601395
258994611
258987443
258987443
267345395
267334963
233780529
216867121
217932081
209543475
209674515
226476307
225165587
258590067
191481203
191487347
191477075
157922641
157922643
157921747
157922803
191608307
459904498
443129330
438934706
1042914803
1043184881
774878448
1848615264
1849598048
1847501856
1851761952
3998066480
3998199312
3993994800
3993601585
3993601569
3860395619
3994605155
2927152994
2943142758
2943146359
2943220087
2943220087
2943089015
2909395447
3983137271
3983145471
3983374846
3983505918
3983505662
3916126462
3916126462
1835751678
1835759806
1844082878
1845131422
1845389471
1843358109
1843390877
1875770332
1875762012
1858460444
3997559324
3997559324
3997559356
4010139197
3976711743
3982481967
3982346791
3984378470
2909588342
2909591927
2909665655
2943220087
2944268791
2944391671
2910845431
2910579191
2910845431
2910837239
2910702071
2910706039
2910714231
2910714231
2910706039
2910714231
2910714359
2910710775
2910714359
2909657591
2943212023
2943212023
2943212023
2943220087
2952784247
2952788351
2818570623
2785016671
2776628095
2776492927
2776488319
2776484223
2943211902
2943342974
2943351166
2944268671
2877290879
2843736567
2843703799
2843048437
2825378293
2825386453
2843081205
2843081175
2840979927
3914721750
3914721750
3914856950
3914848502
3923237110
3923114134
3956799671
3956799669
3956730005
3956734356
3956734932
3948346068
3981957716
3981834804
3983862324
3983932197
2909129525
2909063477
2909129013
2909133687
3983006583
3983006583
3982875510
3982874998
3982817558
3982878998
3982981174
3982972982
3982972982
1835497526
1836021814
1836021887
1836021887
1844402271
770594911
770594911
770660439
804247893
787470677
1861220693
1861089621
1861221204
1852832340
1852799573
1852791381
1852791413
1852537461
1860794999
1860795223
1860925767
1860860231
1877670215
1869347143
1869339479
1835662167
1818885111
1827273719
1827265015
1818876406
1751907414
1747677254
1747546238
1751724142
1751920746
1760301291
1810701561
1793792985
1793817304
3937131224
3937008344
3938040536
3935874760
3918045769
3901268555
3893011306
3893268842
2819539306
2819476590
2887567471
2906507389
2876201308
2859359068
2867821148
2867813981
2867715709
2867656447
2867652350
2884433918
2834126334
2825868798
2825870842
2821684698
2821684698
2821535194
3900454362
3900519898
3908904154
3906938074
3905891547
3905906891
3905907147
3922192793
3951557017
3951532939
3938828171
3930371722
3926188682
3926188702
3942839278
3947021166
2840838951
2851196199
2851200273
2882661649
2874273041
2874406193
2873348401
2873180453
3913367861
3913371965
3896603965
3896604953
3896604985
3896998265
3905386873
3922184665
3922708937
3922722249
3914196109
3914129567
3913670911
3913806062
3947024870
3955409766
3938632247
3938697747
3930121751
3925927431
3925928735
2852387631
2856831339
2857748843
2866629115
2866772443
2866638283
2866669003
2883576283
2883507178
2845819882
2847262702
2834679295
2826302975
2822110719
2822102522
2822233594
2906126586
2910320858
3916913114
3916913114
3925047643
3958602073
3941825816
3933433112
3998444824
3998317880
3998318392
3998449464
3998703164
3998637596
4009156109
4009221709
4026387295
3991783775
3966753103
3966753103
3966761343
3966630767
3966630783
2892889983
2892890111
2892890111
2892890111
2825780703
2825911775
2825901535
2825672175
2825679338
2825679338
2825147898
2842130938
2850519547
2884073979
2863134809
2864183385
2862082120
2861950216
2860900617
2881938235
2835796523
2835858986
2903887722
2903887726
2905917822
2942654814
2942654814
2926017374
2951183230
2951740286
2951609183
2918054781
2918055772
2901213020
2892890108
2893938684
2893938684
2893404668
2893404668
2893412860
2893380092
3900014045
3916791263
3915214239
3915378079
3948935359
3948935423
3957324031
3939498461
3939494237
2865688349
2856840725
2874535445
2874469925
2874466085
2874462055
2882652535
2884749655
2874403159
2874403159
2840848759
2840853367
2840845175
2823937399
2823937367
2840722775
2840721791
2840975743
2908084607
2908223871
2910804351
2910669183
2909620575
2909363679
2909404639
2910453215
2919230975
2917133823
2916473343
2915420639
2907031903
2907176319
2940726655
2873617759
2873616735
2874665343
2874657151
2943699327
2952091999
2818522589
2817992157
3891734525
3791075325
3791067133
3774156799
1626671615
1622415870
1620326526
1620391966
545601550
545532942
562850894
596415566
600609998
592288990
592297182
588102910
571316479
571447423
571381869
570857517
570866732
570883116
571407404
638483500
642677804
785005853
786046797
721099597
721099597
719921119
736706527
736704414
703281038
686372766
686372510
686374558
682179230
682433182
683481818
680868602
684994554
675556730
675292523
675293035
2042762857
2072125032
2072059480
4219501128
3665885768
3665865480
3665869064
2592128024
2323758136
2340664376
2340607016
2344803369
2344750381
2345013039
2413234990
2413103678
2413092414
2681519742
2681577086
2683803262
3115816542
3120346702
2842992206
2822020686
2822093391
2822224477
2820586093
2820578157
2820581741
2820598141
3911052381
3948936415
3948903899
3932126719
1784643071
1784625535
1784486013
1784486013
1794971773
1862212733
1857952861
1857961039
784231503
784227407
784222542
804997598
737876446
695942614
691748246
690699670
673914262
679288502
678770358
682964638
682833550
680738510
679558862
947923674
947923546
947923547
952134235
968925017
692098521
1774302681
1774302680
1774302552
1774305112
1765915192
3909204536
3909204536
3942881816
3942817336
3942815272
2852296232
2869084969
2874656553
2840937837
2851423741
2901874109
3967229365
3832749495
3832749495
3765516695
1615931798
1624320150
1620256918
546519254
546388054
563096582
596913158
596913158
597445638
601476119
592170291
592173367
592009527
591944055
592009591
592083815
583957351
583892853
583819093
600637277
600702429
600701437
592312829
592304637
558750175
558889471
558627327
558627327
558455167
554244479
558578047
558577967
566897455
566963007
562653759
562592535
566811399
566876934
566860054
558471446
558471446
558471478
558603318
558611510
541830198
541830454
608804214
608931191
608947045
608893796
621488756
655043124
654977588
776612404
776677924
801713972
663232276
629675845
612919111
612990807
613023319
550034135
537451223
554289879
571199349
575325557
583697781
579508053
596158039
558415455
537431647
537758303
537889535
537836271
567278191
600799871
575617615
571423311
638533213
638526765
642588717
646783151
646656175
646500495
597201039
599297159
862829751
845527223
1646639285
1646639285
1646640308
4079402820
4112954884
4117161508
4108670501
4108664375
3027189302
3027181350
3035368494
3035368494
2498495535
2512326671
2680037645
2680120077
2543641293
2543363725
2542317485
2538114475
2534116779
2467007931
3508192667
3508172171
3510511055
3514707454
3581754862
3580701038
4117708638
4117697870
4127020382
3623678014
4160532510
4141646094
4133257503
4262246191
4266440493
4267681069
4276004205
4271808620
4276064492
4267495661
4280053965
4229838217
4095610809
4099279529
4107668205
4105525884
4243905292
3220504332
2935271180
2935861020
2935994172
2935985725
2935993919
2927469103
2940068391
2904474135
2887668471
2887328165
2887266469
2895643813
2897740983
2780433542
3048876166
3082430870
4151852710
4130868918
3594067846
3543870862
3547868319
3589811373
3573229756
3573430412
3303939276
3304004940
3433895741
3433837359
3433570862
2225611326
3299403310
3303599918
3291008366
3307785718
3307787726
3313230223
1174053276
1174053356
1144750376
1345094408
1345096456
1898490376
1899604492
859671324
853510175
1927186447
1985905679
1983815759
3861815375
3878609023
3845055334
3857630759
3837447717
2761447956
3164088884
3185060404
3172477500
2635607612
2637839660
2629438500
2629370915
2628469794
2628451394
2628299986
2632484850
3156772530
3173626514
4264206979
4129989315
3861553729
3861561347
3861430307
3995630695
4012648678
3899594990
1760442574
1756244687
1756302029
1756176076
4172558924
4189336076
4189397548
3652526372
3633586528
3632554432
3632587649
3632572290
3632578210
4249270946
4261841826
4261842354
4261842306
3053888837
3858932996
3860309284
4130665772
4130608940
4080418621
4085137190
3615362854
3590128934
3573088562
3568898098
3300397106
1152987139
1153064963
1290462529
1303022017
1336641922
1319733650
3400108466
3396131238
3391894950
2334929894
2285314670
2289443375
2293637925
2294031204
2291934564
2308711796
2324488548
2328724260
2320204340
2283508277
2287637015
2287702582
2297996838
2289604390
2289665382
2285601022
3391784142
3391786058
3661269002
3661281290
2048501802
2048698474
2048698586
1779807434
1779859658
705070011
721838761
688005869
671228669
738337493
739313253
617612897
615526759
613421543
612368517
662724741
914399364
927051956
935572661
1975631269
1367641007
1367706302
1367771806
3519463054
3579242191
3612796767
2541089053
2507535645
2515920157
3588613405
2514969885
2515433247
2515158910
2515092974
2507687406
2507722094
2507726206
2507795806
2507793742
2549802831
2545595085
2528821964
2532950780
2520273836
2520535468
3544011948
4080997548
4080942301
4085136845
1945578959
1945576797
1912025401
1904037913
1904037913
1881985033
1883042841
1883044139
4051479083
4059925035
3818818123
3818884811
3801907785
2730263113
2818540056
2809049640
2804851240
2804933161
2804773423
2804691758
3844878382
3828088878
3962437758
3966645366
3975034934
3970840597
4240336916
4257147204
4273842628
4277972868
4269310852
4264264340
3190485668
3194676133
3219874214
3219682470
3186367718
3177975014
3157005446
3161335182
3170509454
3166320302
3166176942
3164087998
2631413662
2625138062
2637751759
3040785613
3078526284
3078522140
3084172604
3075780156
3075780124
2803351068
2937503256
2920715800
2788529689
2793194026
2801586666
2792898730
2808676538
2771005598
2755277982
2755273886
2767858846
3837472191
3854044621
4156057037
4160611663
4135445855
4135441533
4152218749
4152218749
4118795773
4118796285
4116600829
4116600541
4125063133
4127024093
4127027711
4126986607
4126953830
4110250358
4101992790
4034883934
3497873502
4034745598
4034887167
4051589599
4085143965
4085219213
4068343693
4068276109
4067218397
4067292155
4067419003
4084065146
4083999610
4050450287
4050646383
4042184061
4042179964
2431505724
2431513884
2431510300
2440034076
2439903005
2448291391
2448283439
2549041006
2549040638
2540658174
2541690110
2508004606
2508131414
2508143622
2516528134
2516397366
3321702182
3321442918
3349754614
3350799062
3350733717
3317232036
3321401508
3308818660
3307768852
1428727812
1395238924
1395304460
1395567628
1378780428
1400800524
1400800524
1937692460
1987964716
1987899180
1987902764
1996086569
1994118206
1457025054
3608703054
3558539470
3558737054
3558479286
3573169894
3569254118
3569219298
2494363281
2544673408
2527896448
2532081808
2519577760
2452485280
2452583584
3509466528
3509466789
4030600903
4042204871
1890330455
1890329941
1357128965
1424241927
1415847687
1417023255
1417026326
1551309078
1576868150
3757325622
3736417590
3468112407
3468047046
3405189766
3403416230
3402376870
3419155878
3385816230
3385741478
3437129942
1283452934
1291710465
1290637568
1290577200
1290595616
1277484336
1143426320
1143360768
1278084352
1278086401
221121794
267241746
246253874
1319996786
1319736818
1319678450
1323864499
1311343537
1311412881
1294660241
1277829873
1277765217
1277765475
1282092323
1156258850
1151927346
1152189442
1085084738
1085019458
32265042
23876467
57529105
40751376
49271056
49271092
40760628
36562228
36568404
54386004
20762085
1889766
6079958
14603206
12514246
78574530
78574546
99591155
32351729
1131255217
1198374320
1181597104
1110425520
1114636208
1122760368
1118532273
1118646993
1118638707
1119621666
1123836198
1077731362
1075627042
1075624978
1075096578
371714
4627458
13009922
13009987
31376577
25097425
57669089
57605857
40822497
40756977
40657603
36459459
53215619
20775347
4134307
8334755
16662450
29236098
46079362
49026434
49025426
49042354
49079266
44884514
44872226
1118349090
1189653794
1193847074
1143515426
3291134210
3295345922
3299526402
3249161154
3249161089
3282584480
3282621344
3286819744
3245122464
3224155552
3223697908
3223758916
3492194325
1361356839
1361160214
1344453634
1344442627
1344422721
1344406241
1361261537
1394606561
304099811
308420755
316814530
312610242
60952514
10749523
10757747
10756615
10686983
14828295
6309686
6309154
2125090
6323506
15092994
10896642
10897154
11421442
32391538
32338290
32330098
32362994
28308881
61863344
49151408
36568496
36558256
36032912
36032976
36032787
19255602
7664930
1156901154
1154804006
1167972658
1318767874
1320862146
1253753218
1252704657
1252643232
1252585888
1262282144
1211950496
1209314800
135769408
134391552
1208133376
1279432448
1288733984
1280353569
1293002017
1326620929
1331052803
1339949826
1170080530
1151140642
1150821154
1150821666
1155022178
1144720707
1278922179
220892609
221220225
221093265
527285649
518897041
1592769937
1592767635
1579659442
3727151282
3726708978
3726840162
3660718370
3673236002
3635421730
3635685991
3635423972
1487944340
1290800000
1278215552
1276363136
1293062528
219324868
219193797
205562230
205567282
205561122
205643058
205724930
215102722
210908418
78779651
78776085
83248944
74960656
86871873
120426433
53315009
53319059
57521555
40875187
40890545
40890545
40251552
36057248
35860912
52638064
6427440
14890545
81800737
77606435
211824147
216416003
216420099
266816899
250465683
249951667
250081715
241422771
241422770
238154162
235991458
219210018
206627106
215016738
78818578
77773057
10656000
15108352
23496960
53445888
103645264
103649361
103673939
120533106
86913394
74330482
82720354
78591587
78460529
78394961
229438992
258782992
237876560
237878609
237870545
170761617
170760337
174955665
170892435
170849431
1244278935
1244344502
1256797094
1270686374
1220354594
1219240482
1219240498
1219241474
149694721
142371072
142539008
205445568
221694336
237424000
237224832
102863248
103911857
101753249
105947553
239185827
264494001
264493969
248740497
248739665
242434305
242434321
254820643
221274403
208691491
208724258
206628130
147914018
146922802
146955522
146955522
146951426
227951938
128795986
99448146
99447122
99447634
99447731
95254449
128834992
116234672
36542896
36026800
35765648
35763088
35762832
48345744
48280160
44098081
60826147
10691106
6369570
2101282
3408930
3410994
1838082
6097922
13520131
13520131
6178050
8017218
91177298
91091282
133034322
133027186
133027186
133158258
133166450
133018098
133018066
116232658
116232659
112179184
112181236
116374004
103660020
103658740
103592180
103575781
120328423
71241958
75379686
79570530
79570547
79633987
79500803
79439619
16524050
24920370
66962738
65787250
65795442
65787218
57267538
57267538
65787218
62648786
62648787
62518769
64615920
56227296
52033008
18477552
17559888
17428817
21582193
21590385
21591521
21723121
122388209
122388113
123436675
123305603
108650131
117036690
50067090
50033587
49243057
49111984
49115568
41701796
36987300
36987236
51667252
18207036
7390525
7390527
6522119
6462726
7834886
5606710
5604662
4621570
4621634
5144642
6193218
25088114
91222050
91087154
225441139
233829873
263191984
246413744
183368112
170220944
170200976
169939859
1243681426
1248924258
1257255462
1250959910
1250959910
1251222294
1251225870
160198943
143454508
143193388
1212713260
1208518716
1208715268
1276835844
203091141
203093382
224019846
244991878
110774166
110778038
110851765
110655397
106460068
102294444
104636780
104702264
91070764
7708973
70562087
70624294
68663318
68655110
67487766
67454998
72747203
89525632
106301056
116785808
250032816
248590992
248517360
247468897
247472419
240149554
248935490
114720194
111140787
109874081
93096865
79989664
71609264
1275440592
1544006928
3692478208
3698507264
3588398592
3605175809
3605175811
2665907714
2662254194
2666268322
2657624994
2670207394
2619871458
3694072050
3698204754
3707708418
1291660290
1291660290
1289694210
211102979
211172611
215373057
209077504
71189760
86705424
86716688
86716688
86716688
90797329
90797393
90789201
91051377
91051377
91051345
225300817
225309009
158201331
158332403
191888819
191749555
174972338
174970290
182972850
182842290
182842259
183587795
189813027
139490595
138439975
205580583
214104327
215128322
215129346
83263746
99058114
133006258
128947122
112169650
112180914
116390561
107948960
107294112
107292080
107225268
107028980
107028853
103821613
120594735
72360238
80748862
76903711
9788697
12930329
5064969
969997
2028813
69133581
75415821
99467613
99598845
99545597
133100029
133068285
133133821
133133789
99374461
82605437
82604415
82670463
73757495
69694231
69620055
86405463
86430038
90558802
32363858
65926514
66057586
65994098
61857138
44946898
44881362
44954035
1118695841
1122890145
1110307233
1128133025
1092481457
1074590627
1074590691
1078784867
1087369491
1083105539
1100931329
1136582917
1136547093
1124025637
1110267173
36533565
36533517
53303053
53232409
54285115
37516091
35480859
39834955
48219483
62772571
29151611
11334123
15528425
7336441
3068377
3142105
2994681
19902937
19837401
24088923
57643355
65910143
49198463
49196063
49273885
49140797
57430069
23867429
32387445
11416405
11407955
11407955
11473522
15545058
8206050
1865442
816882
841587
21878611
30405955
30405969
23065969
56620401
54522193
53465169
53465299
53465555
57635282
57635282
66023922
66024434
33502194
29176818
62665427
62739187
62748407
65894389
57439221
57471317
57528668
40752477
36566397
36566525
36566495
53345695
53337502
32363934
15586750
11334078
11399606
11432374
11432406
1089368946
1097741106
1097741090
1097802546
1139614482
1135432466
1118786354
1118655281
1118623520
1114436896
1110241632
36688336
54449536
1922432
808352
5002720
5010912
946624
1990913
1990913
19878163
19756307
19752243
19885363
19887379
23971091
23971091
23970067
23974259
25022835
31438195
31438195
31438323
31307155
58570129
41923761
107984049
107984049
103805105
103772337
107442611
115504115
111309362
27488818
10543650
10530594
14723362
73443698
69446082
1160940930
1181910918
1123125126
44336087
61182257
23163168
2105632
1075847200
1076043808
1143354657
1155945777
1168557827
1202161475
1185776451
1189970242
1181593618
1181610003
1181561875
1315904867
1300180963
1291791009
1287596721
1285229184
77336192
91488912
103809680
104018560
102912640
102843073
91276067
74506530
74507298
81851426
82048018
73592834
73576450
132285442
115772674
116230646
107846038
107584406
107593622
107525791
115913373
384340664
385389224
385458856
374908776
391687213
358131757
286886951
272270343
272547846
271511622
271503554
271466674
271451554
275716002
284102322
300752562
330120851
317537937
317472721
1391208211
1391208243
1382556466
1449665058
1189618210
1202266658
1152021014
1152013010
1151977123
1287177889
1282992033
1276667811
1276666323
1276780994
1329209346
1178218754
1190002950
1185808646
1185486622
1185475375
1203284527
3304626715
3296365515
3304755083
3299579787
1151902621
1151894445
1148830636
1144677348
1144676708
1144661280
1143874848
1148073233
1156449539
1306998018
1332167938
1312251154
1316964818
1323288978
1318837138
1320869522
1320908418
1319699075
1323831953
1332290480
1298735584
1281893600
1281895520
1281894624
233318592
250248640
250271168
241873344
237535536
237535520
237543713
254320931
220898562
70171906
73828354
82233602
216451331
217009969
217390689
1282680353
1280582177
1280586289
215298865
215430417
215418179
148833603
1222446578
1230846450
1260202482
1243556306
1249843666
1249447378
1252590930
3400077618
3401134386
3401130274
3401064738
2327323938
2327342882
2348305191
2314816311
2313767223
2313902455
2305513847
2306595319
2306464213
2306472405
2306468309
2306472437
2306603477
2306603477
2306603477
2306603477
2340149749
2339101159
2339109239
2340153719
2306603383
2313943399
2313779575
2313771335
2313898839
2313902967
2347334518
2338945910
2322160438
2339068198
2339076406
2338875671
2338875655
2313705735
2313804567
2313789271
2347472373
2347472293
2339082676
2306445748
2306445716
2373563796
2356786580
2621160852
2621160860
2621094364
2637887836
4248463740
4282022908
4286188285
4269416127
4269291182
3730584250
3730047898
3728998586
3670343914
3670876206
3420201998
3367906318
3367906566
3366599430
3366587158
2292763430
2296941350
2297995255
2306449349
2298193360
2298193392
2566497504
2566503648
2574818528
2570620336
3141177232
3191514752
3208307392
3174716113
3156869987
3156738402
3160945763
3169396933
3169528004
3723045060
3739826656
3736013536
3735945792
3468493313
3468431874
3468452370
3489456422
3430868262
3429555506
2364197122
3437939974
3450438918
3450384687
3724058920
3724058920
3715739944
3745100840
3711669288
3711602793
4231693401
4229661897
4228435145
4094220760
4115315624
4140477096
4141541016
4135072648
4129829768
3727168392
3727299241
2649371369
2629449259
2627411483
2627217935
2627234318
2375609118
2413354286
2321177902
2333738878
2300184398
2302293838
2289575766
2295866662
2291672358
2293761070
2293760014
2310561871
2313744581
2313785564
3379269884
3362492844
3363541436
3359347132
3426334108
3424304588
3424304588
3423250892
3440028104
1313446216
1179290952
1175094536
1444582665
1580962073
3727275513
4264208297
4251627435
4259946410
4244164522
4233643962
4229436298
3692561354
2553942570
2565476906
2561286954
2561353002
2292722974
2292722958
2309491718
2313700679
2313720205
2347340221
2347340220
3395916216
3396964536
3396964504
3392780440
3392927768
3409672216
3374987528
3358206729
3358206474
3362405898
3370649098
3366454058
3366474026
2310599018
2310664554
2310791531
2314856427
2348408809
2347453181
2347457279
2347318271
2338921470
2305362414
2305505646
2305501566
2305370382
2305304838
2313693447
2313771287
2313771319
2313771319
2313935223
2305546613
2306464213
2306473429
2306457045
2306457077
2306457053
2306457053
2306472413
2306472413
2306595199
2340157823
2340153727
2348542335
2348542335
2348407133
2314836828
2314837852
2297007740
2297155316
2288638692
2284444279
2284407398
2301303398
2335914870
2340108614
2325415942
3399157814
2325424182
2327390262
2344101911
2348317023
2348407135
2340018653
2340026845
2306472445
2306603517
2306587101
2306587101
2306588125
2306472413
2306472445
2306472319
2340157807
2340153711
2348542335
2348546431
2348407295
2348407263
2347359199
2347486173
2347457503
2313911263
2305383422
2305379182
2305522030
2305550718
2305419598
2305337615
2347284751
2347342109
2347342109
2347343676
2590613372
2590613372
2591669372
2591798516
2587538660
2587557092
2587506917
2604284135
2570729638
2570730150
2583300774
3686403766
2612532870
2394433159
2394482309
2398662580
2398666164
2272894864
2272960128
2238355072
2234168960
2234177168
2234205872
2234212065
2267774945
2271952231
2280465783
3354223895
3354256391
3354260495
3354172479
3311966255
3580475439
3559500831
2490084367
2624304143
2625208351
2625208383
2623259951
2623199023
2623264303
2638960175
2638829102
2572711470
2614650414
2614650687
2614654335
2599949407
2600014943
2616794207
2583369823
2558203998
2289702990
2289703262
2289704766
2298099246
2293838398
2344104462
2327323150
2327324446
2331524927
2331531567
2339986751
2306530623
2289761567
2289825119
2289694045
2287509501
2287509501
2304311037
2306472957
2306472957
2306472445
2306432493
2306432111
2306604159
2306534495
2314906719
2348531069
2344205693
2344131549
2314832597
2314963700
2372639476
2368445044
2368457332
2369441636
2369420580
2371513636
2379967536
2244508944
2240313616
2240338224
2240404256
2244709152
2244709152
2220477281
2220411745
2220415843
2220481395
2237356403
2237348179
2270837075
2254059859
2254059859
2264602995
2264406387
2264422769
2264455505
2281241041
2281217491
2272828887
2406062582
2406070774
2272115190
2272123382
2273041398
2407168502
2407168374
2405067094
2371578182
2379971910
2379840838
2381966662
2371484487
2371484407
2371476197
2371476213
2371406549
2371418821
2371480261
2371480405
2371484535
2270944615
2270944614
2279332966
2547637350
2547637367
2547621319
2539256773
2271075013
2266880724
2266979061
2265856629
2270047093
2278500709
2244811895
2244742199
2245598262
2245606454
2381921319
2381913143
2379816023
2379839813
2379807044
2415459140
2407062356
2407128052
2373573620
2373704676
2373713380
2373713380
2373709813
2407247863
2407120886
2407112694
2407112190
2407112190
2407120382
2407116254
2405149150
2367405006
2367355854
2367355854
2366271438
2370465758
2303344606
2303336446
2336963926
2337881430
2337874966
2346263606
2346263590
2346202174
2312649742
2314763279
2314795343
2314852693
2314985333
2306596709
2289819621
2289801205
2287712213
2287577029
2287595461
2287599573
2304376805
2304498663
2300279271
2300263799
2338012246
2337946710
2329574486
2329640023
2329507191
2329441655
2346253693
2348408701
2348408701
2314854269
2306465631
2305412983
2305543543
2306536807
2306531831
2306597317
2304337349
2304341908
2304335796
2287558580
2287558580
2283501493
2283501015
2286679519
2286675406
2295049678
2295048518
2378938711
2379980119
2413532631
2398802901
2398798733
2397717389
2389394365
2272810415
2235069863
3426309543
3426316791
3430475215
3438864335
3438866255
3430660895
2373622071
2654636855
2658832150
2658898439
2667291151
2667291165
2667164268
3220746988
3176969900
3155991980
3156004268
3156069613
3156104271
3156108558
3177080078
3218763582
3214573358
3199819582
3199759903
3199758939
2667139801
2667135705
2666005417
2657616811
2636645802
2620986538
2625320170
2633708794
2633706570
2629511178
2633705482
2650503182
2407156750
2323301391
2323300623
2331767071
2331632447
2331566895
2331571757
2346243693
2337920621
2338018941
2338021213
2340019551
2339954047
2306407527
2314857591
2314988757
2314925509
2314917317
2306498005
2306432501
2306415589
2306546663
2306423158
2306423062
2340109590
2340042038
2348426550
2348365078
2348291350
2348317958
2348308759
2348341527
2340150647
2340085111
2306530645
2306604373
2306588117
2304360437
2304360436
2304359420
2304359388
2304375804
2304507389
2338061821
2340150783
2304488831
2304484735
2312760703
2312760695
2312763767
2312756087
2312850039
2340031095
2340035159
2323324486
2321225558
2338002278
2346399014
2312709158
2314742790
2314763527
2314788103
2314853127
2305547125
2306596725
2306530677
2306596341
2306473469
2304376317
2304351741
2338037213
2338045437
2338045437
2338045437
2340011485
2340009469
2340141053
2340141053
2606411741
2572861181
2572925693
2572933885
2572933887
2572897279
2572818926
2572893550
2572762238
2572882974
2581221430
2581262646
2577133879
2576934743
2583228229
2558041925
2558040917
2558238693
2572869604
2572869604
2606421972
2606397397
2572902357
2572771301
2581093735
2572712295
2572778870
2572909654
2606429278
2614809694
2598032734
2597959007
2614667103
2606282621
2572728125
2572801593
2572932665
3111908921
3111902761
3111771689
3145260601
3145259545
3145268793
3153657401
3153657401
3145268825
3111738971
3111737339
3110688763
3110688234
3110682858
3110719722
3119247594
3119231083
3120272475
3119230281
2842275592
2838014472
2838075928
2871762472
2871697000
2871713384
2875907688
2842418920
2842230520
2842228440
2842212056
2842204152
2842284536
2842284280
2838089977
2838065401
2905239801
2905224297
2909406569
2917797881
2951355131
2947234523
2947038859
2947038859
2951231370
2917668234
2758283674
2758291626
2766737594
2766868634
2766872778
3036292298
3036310746
3170531578
3187329146
3212494922
3212565579
3204183305
3203134281
3211490169
3145298733
3145278255
3145408815
3126538535
2598318375
2598182966
2597068822
2597134343
2597138461
2597154840
2614095928
2559505720
2559482472
2563345144
3628636920
3674774233
3659053707
3726310794
3728392330
3728392378
4268409002
4260032683
4243251373
4235895180
4235898756
4231633556
4229475061
4229474919
4267502119
4275896103
4135568677
4135534629
3060752420
3056590900
3060716004
3085629108
3035287172
3165309568
3165190784
3166239412
3170400932
3157798500
3157796389
3157010213
3161204023
3165398054
2913684518
2947217462
2863372342
2864220178
2860025874
2855832642
3946688578
3913195971
3894338241
3960865443
3959826082
3963947682
3968141986
3969649570
4254861730
4290317698
4289336770
4289340870
3756590166
3739755558
3739755558
3756549159
3757004069
3757036853
3724530965
3715942212
3699169092
3692881524
3692619492
3713760996
4250537700
4284354292
4292808532
2145205524
2144871479
2111311910
2069450790
2067525950
2067460382
2067510094
2066284494
2070473694
2045299694
1509546990
1509620734
1509619150
1574859214
1574846615
1574174885
1472471477
1472669076
398867844
390535572
319109532
286538140
288831901
292959677
300024239
295698906
278942026
14713114
1088466218
1080142122
1080142635
3253189423
3265772061
3265711884
3266237196
3266244877
3266166829
2259210479
2247685295
2222508207
2216413631
2216417693
2216357213
2233100045
2233148169
2233147913
2240488969
2240482859
2374699562
2374511146
2375559467
2379745323
2373520395
2382061771
2377834634
2377884042
2243474346
2281211818
2270726062
2266597303
2266670981
2266670981
3342575492
3609824836
3610225156
3593382661
3526273333
4066810151
4067334183
4130249731
1982764033
1982772225
1983755297
1714916385
1715391539
1713261571
1998471171
1964970099
1964847207
1952264423
1952391327
1885281678
1891568314
4036565674
4036573870
4036508335
4036504207
3499632268
3570926220
3564634796
3559392236
3580637413
3597411557
3605867766
3619105926
3583453334
3587532982
3317975286
3443841118
3479005454
3464440078
3463065358
3463069502
3471446318
3467252030
3467313438
2410152254
2411229674
2344141226
2346241451
2337851833
3407382920
3407452616
3374033161
3373967625
3447366984
3489309128
3454705832
3446182312
3429401000
3295187864
3303777944
3303795384
1080752744
1076525624
1361713948
1378490636
1378577421
1378865375
1915715807
1916633263
1934922159
1908703663
1908441813
1942064661
1934011907
1937173015
4084607525
3609602852
3614320996
3581872368
3571267712
1352477824
1352404096
1351881857
1100230802
1186275490
116846754
102924530
1176674306
1445178626
1445439746
1462085894
1965857558
1948879414
2087426622
2087386654
2087411230
2084140590
1817715246
1816683310
3972583470
3985162303
3985145980
3985150204
3973621640
3961040520
3826822792
3826888392
3826970344
3776603880
3776579560
3789489640
3789358312
3785104616
3785111800
3818731736
4086181065
4086185177
4087230683
1939812507
1938387098
1372156042
1372188830
1397609662
323878062
307230886
302971126
304019462
305559558
304425990
841294854
824582150
807797509
284033556
279855652
280774180
278715940
278719012
281856548
281598576
1082809024
1082788481
1082787506
1082791842
1086992802
1078485410
1092183490
1125842370
1109131202
1113128898
1113119699
1121516513
1390001633
1390063089
1390061009
1985586515
1985522979
1985522723
1981327393
1981331505
1981515793
1914407185
1914326801
1882854913
1882863297
1882865395
4042133154
4037807010
4038854819
4038868147
1889283267
1352476097
1348412995
1348015635
1348146722
1364933922
1398422562
1390024754
1390024706
1121664002
47803395
30997507
13159475
13159715
13225763
13295155
4881938
5144066
5127682
22945282
22941522
56434034
56439907
56440051
56439955
48051347
48100499
48076979
316508594
853379506
844470706
844478642
844475889
846505776
1915004464
1915000356
1915514404
3526306340
3543022116
3517856548
3501067552
3500936643
3501985154
3233692850
3233691810
3232528546
3227834530
3223624082
1076281282
1126608387
1378004481
1914875392
1915857457
1651555106
1716566050
3864045602
3858802722
3791821826
3792880962
3809870530
3778413218
1613502114
1617706658
1621891747
1621891569
1890326544
1890334720
1890547712
1354409984
1887086592
1916316672
1920633856
1996131328
1996393536
4063202513
4063206643
4063231138
4063051426
3777834658
3764988578
3769178786
3769113250
3769113250
4087888306
4071110786
1378629762
1379739778
1379281027
304507009
308468929
308456641
291679488
274968084
1348582964
1356896805
1356892711
1352717862
1084289570
1088647970
1088827682
1088889122
1088889091
1080516611
1080472593
1348901937
1345226752
1350469632
1381926912
1390315776
1392413184
1915719184
4063016496
4063011376
4062999328
4063178848
4063170784
4084138144
4037935248
4037950851
4037951106
1890533010
1890065058
1353202338
1365784994
1379412098
1379412098
303704198
307829942
307764390
308034789
290788468
274102068
275968532
274842132
811644420
811642388
811641360
812689936
877701648
876710592
1879284416
1883684545
1900459713
4082008929
4064837665
4073238817
4074345761
4074421777
4074437121
4065884721
4082645539
4032511586
4099553250
3562738082
3696824498
3696964754
3696966850
1573529794
1586178114
1451952194
1184499778
1184511042
1188716754
1316548835
1312330657
490250912
473474736
473472660
339253904
354081681
924506545
907995635
911592658
919725138
919773271
1456578615
1456513063
1607509031
1599186229
1465103909
1473429029
1434897959
1434963573
1422729205
1422731765
1544497589
1544173783
471468229
475662533
492309589
1071445271
1046328583
1045731127
777303845
777366821
709147700
704944164
1778690100
1778760764
1779413020
1796124988
1746825516
1746800937
1748894507
1818821418
2095849002
2092702250
4240181802
3703315322
3720092510
3485219150
3468455118
3471802574
3463086750
3488256646
3484070533
3484066448
3484070560
3450394272
3437817568
2355685665
2355685409
3446188065
3480913969
3732842497
3728649216
3728125952
3726016704
3591799168
1446429056
1396656033
1883060899
1882991266
1895639718
1895631526
1891371942
1622937006
552350894
552346766
862725327
858580173
825001325
829406519
560903999
560903735
552580631
569358103
1911525685
1911533869
1936568637
1932391453
1898962191
1898862911
4050549039
4054768430
4105816878
4103638366
3046741342
3080294862
3076105166
3189483215
3189483247
2785797861
3860350693
3860334309
3877442276
3827246052
4097257568
1962213409
1957756961
1957761077
1687221252
1686153220
612411396
650356997
641906693
1711708165
1712752645
1714782277
1714258108
1714344108
1731081132
1814962860
3967693476
1828142736
1823812273
1823750819
1822431650
1823475938
1823480018
2089822402
1019423938
524477634
507687362
507752914
507621875
507622129
503353873
503349776
1509991973
1510058533
1528035623
1509095462
1504860182
1505101830
1504053446
1508180102
1223688614
1223701414
1490101158
1488987046
1480647587
1489022849
1505799872
1522712064
1522712064
1523756800
2052242720
2048113696
2047982625
2047999027
2046917686
2047031526
2051160486
2067925934
1766001326
1757485726
683753103
679493260
683675468
683674892
674245892
673212420
673245188
673310772
691197985
693291377
692309427
994149809
977514933
717460405
734107541
767664021
763476885
763476789
802404661
779270167
774023175
774016005
774013957
706891829
724702245
672269349
675418085
683805431
679545510
679480038
679484134
679488230
696265286
696265286
700459846
692153158
700578631
700512599
725653846
994163158
994294230
994294194
994295218
994287026
994293170
1069790615
516158871
516158901
516160693
516093077
524481687
490913158
474128342
340953654
1425185334
1424394758
1420274183
1470605893
1457909444
1592092564
1316319396
1316311268
1333215461
1341603937
1340437523
1340369922
1332046098
241694994
237426962
254171394
220612866
220609282
140644162
141774802
148096994
412219362
411086307
415280483
432057443
423667730
419674130
419682418
419518562
419641442
423770466
432151315
529680897
529713664
397642240
401641008
393254240
389067248
925999248
926064784
926068880
926056592
892505301
891537911
874629990
610658918
1692772974
1688316766
1705090382
1843494990
1868791814
1830993942
1831006242
1830936610
1763763490
1763765538
1769077090
1767037394
1808976322
1804781955
1803717057
1791080944
1791011104
1783670816
1796253744
1796319280
1796466720
1796471136
1796458976
1800522145
1800522145
725731749
725735860
700578260
693234132
693365236
762444145
762435921
744610131
744741234
745798002
695466802
701758258
701757715
701724947
693319953
695417089
695281937
695417137
678632225
686951409
682823379
680726161
679704193
696378051
713089731
1786815299
2059445043
2051072818
2051143474
2046967574
1510095622
1514281478
1532365318
1574308374
1287457398
1287396082
1287403250
1287401938
1287401666
1287532738
216936643
216929489
217013617
216923504
234748272
92143088
255720944
222150128
222281169
205429186
70224274
1148160402
1173200306
1206500786
3333010850
3333006498
3468272803
2394664336
2393504176
2397592224
2397579936
2397649568
2397645472
2397581024
2414376672
3488150625
3479744547
3610226723
3593437186
3594493954
1446420482
1463198722
1429650434
1412844546
1412303906
1412106338
1416170978
1425547235
1419263715
1435008739
1451818707
1451949762
3330993858
3336285890
3330008818
3324720882
3341489778
2235118178
2230919778
2360877538
2226663586
2226705570
2493023367
2258156692
2262337700
2388166820
2383977668
2386076684
2386288845
2386174175
3426362814
3694800574
3703179966
3703245486
3703077549
3753437884
3735595420
3731402892
3593056396
3593118092
3609895576
3559580392
3559576107
3563735594
3504953898
3504875819
3505137963
3505195289
3555592460
3555592140
1391215500
1392263612
1392398493
1381904519
1360933031
1344028839
1345802477
1348915977
1348988425
1348758040
1365535289
1449421369
1449556747
3337541899
3337569291
3337109513
3353985033
3438985288
3432706520
2357912300
2357912300
2357772909
2361974318
2366143022
2384059182
2384132382
3462064158
3462114326
3730420758
3732574214
3732570119
3749347333
3711598596
3711602692
3694845981
1547320639
1547319910
1564093030
1466632942
1458113214
1453858494
1319647158
1319645575
1336799367
1341043079
1299100037
1282906037
1215676320
1215674848
1216194656
1482484768
1482484768
1482286116
2019225909
2027655975
2029630247
2021171751
2033754662
4212695830
4194869510
4194938910
4195283006
4212028478
4211476798
4215683870
3653634590
3655207518
3651996382
3685489374
3685512670
3653038158
3652952135
3657080901
3654983876
3688603876
3680023776
3677939936
3677907425
3676973809
3744086707
3748268727
3756592822
3735558050
3332912546
3349684626
3349815683
3316281731
3303797635
3303646099
1090103185
1090502544
1089440208
1349359984
1349298208
1345103904
1345104928
1932370016
1915658304
1916702928
1914470880
1926005281
1926021671
1926021654
1918658062
1381773070
1396583230
1400777278
3615365702
3622439558
3483963030
3483899830
3450353046
3450364294
3454722246
3437924422
3437998134
2359926823
2359861285
2359862308
2632494436
2632485604
2624229028
2624229012
2619987604
2486989492
2486973109
2503746471
2507941030
3623627942
3623618726
3556710551
3530177669
1114254469
1114254724
1114312084
1114189236
40381876
57226676
32060853
32077301
15456215
15439683
6854162
1080604194
1080862242
1089255202
1357889314
1349492530
1365622323
3513237011
3542531603
3542523395
3525758531
3525758673
3546501089
3547357153
3547364833
3547362657
4092622113
4092622129
3555849521
3555913987
3613583107
3613587203
3614627587
3614691091
3581009715
2515598631
2515598631
2515598631
3036019991
3050829575
3042432855
3042432887
3075864439
3075856231
3059079015
3059087223
3059087157
3059054397
3059054429
3075962204
4149704156
4116010492
4116534780
4115493369
4115494137
4115494009
4149083195
4132437019
4133346330
4133354522
4066243674
1931474122
1897846218
1883953098
1883918298
1884970986
1893236202
1893213294
1893213311
1893281917
1893339197
1893404732
1893273980
1893275516
810360696
810293880
