3571908258
2497871778
2497850786
2497719506
2623749266
2641501331
2641515715
2683523265
2666787009
2666750405
2666750549
3739447844
3739316780
3756028200
3756011817
3715109177
3694138649
3694212377
1550989081
1550989081
1551046409
1550062857
494142729
527696137
384237835
384176395
115749147
107295035
123998523
119800091
90456411
90559449
132634584
23582680
6682040
6616504
7139768
15520248
11387256
11489593
11432219
15622427
7217422
7218462
7277846
90983734
90981686
86852914
86856018
87028050
91222354
124711251
133091795
99603955
99081571
82311539
73923923
73923923
69587315
73724275
73724275
73789939
90690019
90690019
90673651
90550771
124105171
132493811
115716531
115717299
107320499
107322547
107191443
107191507
107068627
123839603
86089845
86237237
86237237
86069269
86065461
388387639
392590191
384300671
384095967
518309599
509908703
509982463
535148285
535083005
535082461
1063563421
1059451033
1059319993
1042511021
1046631853
1056110509
1051911853
1051976381
1055957917
1047569309
795914973
1700901485
1700831788
1684057644
1684057644
1684253228
3848452636
3848441356
3881930268
3865151036
2791551548
2791547676
2791420700
2787152173
2787152173
2787235117
2787565357
2791767855
2800213870
2800535406
2792114174
2792117662
2788124094
2787599790
2791654846
2800029631
2816941983
2816944543
2817272223
2783717791
2783713759
2783918541
2767072717
2758684621
2767007709
2783211389
2778750847
2778746239
2778750079
2816533887
2808145215
2808207135
2787212815
2787192399
2787192543
2808299245
2816675309
2778793196
2778793180
2711823436
4058194956
4053999629
4053864473
1889546266
1889607706
1352806426
1357017114
1344458778
1899201562
1932561418
1913948171
1913948424
1918864136
1914673736
4062154440
4047406728
4029073035
3492172474
3496874666
3505271214
3501011366
3500941478
3500941490
3501138098
3232629889
1139685504
1113995392
1114052736
1114068112
1113911472
35971299
35708962
18931746
2155554
2210082
6461714
31623426
61246722
1118221570
1118216451
1123005203
1114604305
1110082320
3274358080
3307915728
3291040208
3291027921
3291027923
3292479459
3304924706
3300663842
3300667938
3300660002
3300668194
3304857889
3292291361
1144685312
1276814080
1327152964
1312459460
1182436037
1110150102
1110018454
1109960894
1109943486
1110970538
1110966442
1138364587
1100620204
1083843500
1083908644
1090007584
1077466912
3968784
19704064
19826944
86677505
86677505
225086467
493519939
422150387
943300771
960077987
993763491
2050728115
2050683009
2050949505
1849098913
1865889445
1818241765
1822435885
1688214057
1688209979
1706048203
1991258058
1985225098
1981039034
907350186
1461063854
1427517614
1423246510
1419120086
1421228870
1421224518
1605724742
1588915910
1588918231
1591001575
1322631415
1591202039
1582686439
1530193127
1530166630
1500802342
1499802926
1508261182
1508261182
1508252943
166076173
158731020
141888308
141835040
141830944
142360336
142422272
138227984
138178928
138178912
255783232
236908992
240553408
106203617
105163105
106211425
34924769
37157313
41344451
58115395
58082051
24445745
7631649
16016161
16048929
16245555
13954851
13958115
8702882
126798722
109988482
109451906
243414913
248587185
235938209
238100901
238035428
238035300
238036260
510688548
527457636
527497588
502397428
502397428
500292085
500423093
500431351
500431350
525456870
525586790
389247270
355561758
359756554
359756635
275903835
812905755
810800410
290561306
324123930
326286603
292731147
292784393
292850024
291809784
292659080
292651912
301171592
366117816
345146280
345154028
1425121644
1416670565
1411443175
1428257250
1461877170
1449271170
1458702210
1458701186
1458575063
1457547239
1390440293
1390437733
1390425447
308285502
6385718
274984994
1349688354
1349687602
1948485906
1948301570
4099975938
4100176386
2116206082
2116195842
4263920258
2116944562
4264433315
4276436387
4271910049
4271913121
4288690353
2146643077
2129800325
1592863941
516976087
517012983
516988405
376552917
376552917
376552917
393321941
393453055
1467154431
1446182782
1450335870
1450270271
1457618495
1470201405
1436753724
1554193692
1558265096
485571848
477314328
477306169
473109819
472978746
470823226
487600186
525561866
525561866
525365530
525365626
491814906
491871194
475224970
351488906
351357851
350439323
350482825
350347657
341950921
341954923
341959019
341959978
342093098
358866202
400742666
132308234
128089418
128087498
128074202
132203002
1198543338
1198547434
1198581226
1173415402
1169220970
1169289530
1168355610
3349328155
3349385499
3319907643
3353398571
3344988459
3345054059
3345103195
3354542027
3354548171
3354510299
3346056057
3346039609
1198561080
1189127992
1457564968
1449174312
1445049385
1445167227
1446479070
1446946046
1379843326
1902038270
1889462422
1889462486
1889430838
1371483182
3522438189
3514053645
3512741212
3492954089
3224505065
3226798747
3226745498
3229624970
3229620874
3229621962
2156926539
2156926491
2159043117
2174804524
2225201956
3303142176
3303113504
3428942628
3429077284
3357785396
3357649172
3357649716
1227000324
1243777604
1311689349
1311573639
241697430
514790334
1454256302
1454710958
1590960294
1589912743
1447062663
1447160965
1465038237
393384428
1130402108
31519516
14799644
14864940
14832429
6452009
1143041323
1143011625
1277286425
1164093449
1164097800
1164348232
1198296712
1340637849
1336443579
1202229930
1470813098
1475277230
1466851758
1462509990
1461988758
1462053254
388180422
388110823
308419063
316738759
316685519
316683469
316683517
308294125
861943277
828405229
828438015
828421503
828413247
828478783
828478782
828609854
828620606
837009179
837008667
820247323
811858713
828554009
828553737
292658713
286295609
320112249
290816607
290959871
301437175
285181095
282967207
274065591
289851783
289820551
323360135
323101063
55779511
22028455
7348327
7353383
15755559
283175719
283150899
283158021
300065541
308457989
375554573
371360269
371363357
371378925
354478831
341864175
341861870
888160362
883966170
882004186
399668474
382887326
374498702
374502790
374735238
391381398
366216623
364119471
330571181
312878557
312615244
316809484
107049244
354529597
337752365
337689645
337688621
341882919
341948871
392608199
308694407
310248839
310247815
377369511
385229735
385164199
383788007
937437175
903899095
903925079
895597847
895724823
895728917
392279349
392279349
392401173
392336645
358792453
493009173
492853543
484456807
492845559
492976599
494026631
393348999
391250839
399512469
382743541
376464869
392228324
392232804
400620388
400685685
400783959
400767862
501422902
502405414
477239334
476190742
472057862
471935238
404760855
962623783
962623783
426834215
156359030
155310550
155422166
155424214
155423702
146912246
142717750
142713654
142718775
142842160
143890720
148093216
185829472
171100352
171104384
171073664
168951939
168951986
171049394
152187830
139536102
143665710
143665710
1217423914
1217719082
1237117242
1270527242
1270526219
3421143496
3417015272
1235792808
1302897576
1290318760
1277801896
1278970296
1278921688
1278929752
1295706443
1295968586
1333709130
1332104206
1315323918
3464380686
3422535998
3418219302
2310595367
2308481829
2342102817
2325393201
2325450513
2325258097
2325274609
2321039331
2316832675
2300135847
2289748390
2298403238
2565323255
2556729813
2553323269
2568074757
2605884932
3149966852
3141578276
3137378852
3205990437
3174992109
3040528559
3078257855
3074043295
3074041502
3006932670
3011130030
3019571630
4092331182
4054582462
4041489614
4033292366
1344677895
1344677895
1361189191
1096949590
1096946518
1106379350
1102119454
1102053918
1169170970
1201742363
1184983577
1319402296
1319430440
1311045672
1311000809
1311164554
1260552330
1210220938
3631383178
3633480362
3633423082
3633357358
2559618606
2563812901
2603875895
2603761175
2603818550
2602835750
2582395942
2561412327
2561213590
2562405511
3638240389
3368774788
1221191876
1229564292
1229633924
1258985860
1309313412
1578020228
1578022292
1578008980
1577943988
1997313012
1997841956
1966386740
1948756533
1948711477
1948715567
1952914222
2103777582
2112294270
2146828542
2140549342
1603674206
1603547214
529555547
500228313
223388920
222342265
218150937
218339339
219585546
1159128074
1165410570
1174323482
1170129674
1170096907
1170101833
1174404697
1174203129
1297414891
1276410858
1276407786
1276382682
1280574810
1280770106
1221996606
1217798463
1217552660
1217553172
1221710644
1258603493
1241839525
1242033559
1242491015
3402561670
3398270134
3402134695
3402133679
3386429805
2294207101
2361307672
2360845884
2360651308
2364848684
2356447789
2373438173
2272714383
2281612943
2264838843
2264761002
2549908395
2549908907
2539947435
2501942777
2502016861
2502143759
2502094606
2485284110
3022203950
3022398502
3027108902
2494432279
2494431553
2493911872
2493855296
2225352272
2355113680
2350935744
2351103680
2373085137
2398250483
2394052034
2392998978
2397127730
2405495842
2233524258
2216812594
3290607938
3312694594
3354502611
3333533139
3337797059
3329396163
2251459889
2251523360
2267518256
2267407636
2271538964
2263150388
2260031796
2264287572
2262190292
2262174900
2262042020
2278822311
2274628262
2276807342
2280682158
2263118830
2254729710
2251089118
2269046990
2273241165
2237593933
2220751688
2155735752
2154819272
2179900041
2477752987
2460271531
2464465322
2451886318
2451620974
2468529183
2149772294
2418206726
3496208386
3496147202
3504790322
3500592674
3501508194
3550267059
3529433731
3525206659
3527287426
3527361170
4064034978
4085051554
4042178614
4037984270
1890444302
1894556703
1881974059
1613555497
1613755945
3783249464
3847147032
3855535704
3855547128
2917001976
2916396680
2901712520
2899609241
2773865115
2773938874
2771837866
2805326250
2792640682
2792751326
3866502350
3865456078
3877906942
4012124654
4251195646
4259515486
4238475342
2092040206
1488072718
1503993918
1503928366
1571040318
1572104269
1556085132
1287432636
1562155436
1562152860
1595901836
1444848268
1444848268
1981719229
1714861039
1713878829
3798310717
3815021085
3815022141
3810825785
3777466939
3760624155
2686890523
2754007594
2754465579
2758592811
2762786857
2813188121
2796546057
2800680265
2792276809
2787623625
2787623659
2804404843
2804216427
2774853482
2774859626
2775056378
2808608251
2808370587
2808370587
2808575419
2808573371
2808434107
2816559519
2816563679
2783144415
2783078879
2816667487
2816737087
2816597790
2791372558
2791368462
2925782303
2925786430
2925774126
2925711167
2925710655
2934037787
2950756667
2950813723
2942486555
2942498843
4017219643
4017122367
4000472575
4000470527
4000453791
1852839103
1852849343
1852849343
1861355711
783419551
782375117
782375245
786525453
786459933
778071357
778267933
795004173
795069253
769903349
769907429
770956949
770825879
770834391
1836183543
1836187639
1836154871
1819372534
1819356150
1819482582
1818298871
2095122855
2095135653
2092116725
2108890836
2108886740
1605385940
1605379780
1605379525
1607492817
1607562451
265442515
225594562
225594434
208865746
207698418
207629282
207826658
207781618
1223870018
1223804418
1223751426
1214292242
1222680882
1222681378
3371295266
3367203378
3365032466
3365011986
3364951847
3385865511
3478391845
3457502221
3457645580
1314125900
1179883976
1179884537
1175560089
1175488393
1175486875
1175552442
1177719230
1179824318
1179771118
1475600486
1441980518
1421272115
1421272337
3572983088
1416979824
1429542752
1429538401
1463174769
1463240273
1467250289
1442113267
1442112979
3589602551
3589573879
3354709238
3327646934
3329684678
3329684946
3338037110
3354813046
3349509862
3315947510
3320079863
3353701845
3346390229
3613887956
3613756884
3613761524
4117086068
4117085972
4117217044
2774900500
2909060388
2888083236
2888279844
2888214053
2888218149
2888205861
2888945189
2821771109
2825965413
2825968485
2842753333
2842814773
2842818869
2842818869
2909928821
2893110647
2893106679
2909883894
2908969398
2950912950
2950912950
2935053238
2934979478
2935041431
2947752407
2899517909
2899513795
2899513795
2891132371
2899388914
2899405026
2895247586
2895370450
2928843203
4002592193
3871596993
3858788672
4127207776
4110430688
2752582117
2757101925
2763410277
2763443031
2779159367
2795940423
2796004871
3870589703
3866411781
3056881959
3040092263
3023315047
3023453287
2755008615
2766539254
2779139030
2795952838
2795943623
2795872975
3065295823
3069485551
3056918767
3021238383
3023520879
2754758767
2754771311
2767383423
2897459807
2947725901
2928916037
2928718660
2920579397
2920583653
2922688997
2922897901
2922835439
2939345903
2943601662
2951991262
2918440782
2918313742
2901534495
3966887711
3967020863
3983801663
3983658349
4017179901
2943436029
2943442108
2943581372
2907856284
2775744412
2775744220
2784198396
2784067188
2779807284
2779807284
2711649877
2715840085
2716104405
2741262324
2742306740
2717207956
2717343124
2717220276
2716105909
2716130549
2749750391
2749885463
2749885719
2741431575
2741481239
2741350199
2741477175
2741929750
2708390662
2708467990
2707714086
2758021158
2753826854
2753900582
2753965110
2753968374
2766543350
2762361750
2779138694
2796027527
2796937863
3065308037
3061117317
2989842853
2989842916
2973197797
2691136999
2699558903
2695364574
2699550542
2716178190
2742326030
2725622543
2725622559
2742415661
2771673389
2754634021
2754819111
2754747431
2758937638
2766293270
2762426838
2813844934
2931291526
3199594887
3201581447
3188982181
3188994981
3205833637
3038192559
3036111807
2763522047
2777922510
2811276111
2794498895
3872434959
3864051469
3862271757
3879043869
3845624105
3979780397
3979538477
3979591789
3983623405
3983754477
4017310973
4025679069
4025679327
4025740639
4025741119
4025613887
4017157695
3983599135
3979469599
3979600671
3979597679
3983626223
3982512111
2908819453
2950893277
2883788508
2883794508
2850103884
2850038540
2833326876
2829133116
2829129004
2830175549
3903929374
3901762574
3901760522
4185924618
4190188634
4190311642
4215477722
2067871194
2067871194
2068133723
2068281179
2068182281
1766176025
1766176089
1766178649
1774567257
1799732809
1799864153
3926368121
3926234985
3926177129
3926241641
3926373229
3926307821
3943076847
3943090159
3981952495
3983920366
3982839038
3982580990
3982585055
2908972477
2908894653
2908889020
2908954524
2782994076
2767204028
2763075292
2763075292
2779983564
2779852492
2712692477
2750445309
2750435007
2742308543
2742308798
2742374366
2817883614
2816765278
2816812318
2951034654
2951164702
2909085982
2909086014
2825130030
2833515566
2833318974
3908176926
4176619534
4174587918
2025925646
2026054670
2026270734
2034683982
2034679887
2034614365
2042949757
2026235388
2026352604
2026355292
2017851992
2017844825
2030559049
2064535307
2064533258
2035172158
2035110702
2018276142
2018255167
2026184991
2026205501
2034753837
2034738559
1766236111
1766300623
1766168974
1774565790
1808055742
3930363806
3993342622
3993473679
3993408143
3993162415
2785203111
2786088358
2775600358
2779859054
2780022846
2796742918
2796744454
2796741127
2800931335
2788279015
2769318887
2752520615
2752524455
2752582823
2756844710
2761062583
2777872855
2813524229
2797072133
2796939012
2792681988
2805297692
2771726908
2754949679
2754690854
2754677030
2767521894
2763475062
2897729606
2929192134
2929107142
2929107143
2933305541
2922754468
2922689444
2922678180
2922876900
2922815460
2939682660
2943479668
2905663308
2905665116
3962826621
3979534317
2909915628
2909850108
2943372765
2943479261
4017352029
4025675565
3992178469
3975270197
3975216405
3966823685
3962694965
3962764581
3966945573
3983788341
4015184209
4015193041
4015250385
4015128529
4015058933
4015062503
2941373943
2941505015
2943614327
2910060407
2916212535
2916210487
2907731734
2907727638
2909889910
3916652022
3916893686
3925281270
3925674198
3925678294
3925813463
3908971719
3904775233
3904774209
3904778305
3902746945
3906806611
1774986099
1791828598
1791458886
1791490630
1791359750
1791858718
718125119
709736477
705140748
705004552
772243480
788959272
723431464
723447852
723505452
725599597
729664869
728616293
703428071
704602582
696201670
679416206
746394014
746402730
754792106
750590698
750717658
750738123
767519433
782035912
1859972552
1847382216
1847443608
1847513512
1867969448
769061609
754864889
1828673243
2096967514
2096967486
2088318270
2088309050
2088317210
2088248074
2088251914
1020867098
1016992299
1017058857
1015817784
1015817736
1036793352
1046218248
1046300168
1045841432
1045844504
1047872024
1064616473
795132793
761582441
761591787
761591786
1014364154
1014478538
1014477450
1013298074
2086982586
2095370666
2095435946
2092405946
2142676155
2130093273
1591125192
1515631048
1515704792
1515450872
1511252472
1511252472
1515615737
1532392953
1497786361
1489463257
2026226171
2026165243
2026693626
2018304730
2018370170
2018371130
1480978218
1498803498
1532491882
2069354586
2052443211
1515308235
1514390750
1539461247
1539445055
466825533
424817461
408040245
1481777717
1480663589
1489007459
1489007094
1489007062
1489008086
1220574710
1237401550
1271012174
3414301454
3397524286
3397852462
3415479614
3415475470
2310275086
2310012958
2310017086
2310034734
2345719086
2320627503
2329125727
2329125709
2328994269
2345710052
2295366052
2286977444
2286982564
2282863532
2281958300
2281892493
3355601861
3373427141
3360832964
3436262736
1288713296
1288713504
1280324896
1276129568
1276326672
204624640
204653312
220644288
254264275
103268786
107450802
107450802
115839378
115847570
48739730
48736658
48740755
48671153
317040820
308586740
308591868
304394476
841265384
841457912
859234552
590794989
557301997
540329453
545056751
545256175
553112191
548787071
552923423
812933390
829716254
829775406
838302254
867576366
1941338750
1941404366
1368750991
1372976527
1373098383
1364718031
1366815063
1366815543
1400239911
1391781671
1391781671
1928652071
1928854615
2004278341
1970703429
1954449412
880773396
897419572
791985188
775201828
775217188
775413813
790028311
1746300959
1746272286
1746338682
1746863866
1759447722
1754598058
1756629674
4173089434
4173126283
4171028363
4192003211
4179402969
4179534971
3107890239
3107892542
3111578902
3117870358
3117668146
3108095522
3108034082
3108296226
3108368931
3150901763
3135173185
3134964417
3136864736
3135828133
3153652901
3111676061
3090835597
3088738445
3091102207
3094765293
3099017833
3098825289
3163562697
3163824841
3158581993
3154394537
2619291816
2639923369
3715762347
3724216463
3714660494
3757646990
3757662670
3753825230
3752243966
3751977590
3753022006
3757082146
3715149347
2637212199
2635115063
2635250199
3178413847
3178403121
3186786352
3182657584
3035746352
3027301424
3023074400
3023058160
3576837616
3610392545
3621914211
3736536690
3736339986
3753127426
3751028998
3487311894
3453777974
3437131894
3372121543
3388883909
3414082245
3411919493
3395073015
1242358247
3389841510
3389842542
3645551678
3638214461
3634007612
3634073108
3640166932
3631786772
3644374484
3711630532
3711622545
3715777970
3715762082
2675835570
2658599570
2658603650
3740340946
3606082402
3601883490
3618693155
3618693233
3585208436
3320956020
3289402468
3289384997
3289454647
3289590098
3289525074
3314952770
3349024450
3332261570
3332305794
3336561043
3344736657
3307053457
3575490224
3558649504
3562842784
3574901493
3577216519
3609708086
3609215782
3579847462
3567264558
3701684030
3701618975
3702720548
3434088676
3438291108
3446738132
3442622657
3476209859
3457335362
1313898786
1322295586
3465782562
3465985810
3465985794
3470692163
3470626771
3478961635
3478956517
3462240501
3730803860
3730283700
3730216084
4130505940
4130504788
4280451364
4246839588
2082578468
2082594836
2082693124
2082615325
4231204911
4231206191
4235345451
4239788587
4256631417
4257184393
4122794633
4122517129
4126705289
4114125481
4147753643
4147815083
4148093882
3611174586
3744411370
3710857022
3710266678
3714190630
3718316086
3651211318
1503998006
3684986897
3668238336
3669270528
3658921152
3390473344
3406277808
1493298592
1493232288
1497393825
1501592226
1501646502
1535270646
1518493270
1523834134
1517349911
1513121815
1511028757
1511012357
1527913477
1527913749
424814455
415373015
411375298
411318002
163852002
164396642
197951266
197881122
189461779
189461763
256548163
1296797121
1305052612
1305052548
1573626244
1565172628
1566226324
1565372388
1565305316
1564784932
3712264228
3745953845
3726031877
3592344647
3594404038
3593339314
3597534114
3622699682
3723429554
3701808818
3701751543
3722455607
1608789815
1584147767
1584147751
1512582455
1529357591
494561031
484071237
484034436
482903476
482981028
1548330148
2080941476
2080941493
2080941973
2081264343
4234129959
3707609894
3722765614
2498059582
2498107670
2498627878
2498627878
2516453878
2645167494
2544448391
2259223431
2259239839
2259440575
2280411631
2246930925
2238477615
2234277167
2234308921
2234313049
2267851133
2541595085
2550062540
3623781836
3590226316
3589193909
3563446501
3559351541
3693491397
1545741461
1562518967
1562588903
1576211175
1609564759
1609568775
1307582983
1307599397
1307702821
1301405237
1301397013
1301527301
3482500359
3465976838
3466494998
3470491702
2384035958
2384052350
2399920222
2366267742
2353685374
2626298475
2627408489
2562196073
2562196201
2359822329
2365083064
2357098936
2352888200
2350783368
2350858120
2367497608
3470598552
3466551480
3466059961
3466047679
3470103982
3461593006
3457394430
3725702775
3725824567
3744698885
3694244100
3560038420
3564269588
2490761237
2499215399
2494510182
2494242150
2510884838
2545487606
2264487638
2264519367
2272908103
2235545351
2234429191
2221848855
2221324567
2498222422
2506481142
3610527150
3593732526
3591647678
3730186686
3738313134
3734122926
3757117870
3715117550
3694146046
1278224206
1281370895
1285565215
1285569341
1285774141
1289899805
1232258333
1228132613
1261547783
1263579927
1330684790
1305518950
1288807270
1288942446
1287822847
1287821789
1287821788
3696343548
3692272460
3711077964
3711075916
3711009348
3715146341
1601418021
3748905767
1594999143
1578136934
3732104702
3732024798
3732020686
3740405198
3757116894
3757055486
3723509626
3715114810
3723519770
3719357242
3702579498
3719409774
3719401583
3717300477
3721429236
3713040628
3742471412
3742559348
3742558229
3744626951
3727821078
3727891238
3732090406
3757258262
3719508550
3450934215
3450930135
3452962807
2370836391
2366658467
3444832227
3478320119
3755123543
3755058965
3754995221
3754994468
3444632420
3708934629
3708995821
3742518461
3742502071
3746772119
3755091349
3750899413
3717410548
3452976756
3446677108
3446677044
3445823284
3445765424
1332766049
1332765921
1292926199
1292983494
1225948358
1225947334
1330788806
1339177430
1334917990
1334844262
1303411319
1286635101
1285748317
1282578269
1295091063
1328579686
1309713526
1309715574
1322363126
1318255094
3465738726
3482474999
3453110743
3427945927
3430043463
3430086423
3437356597
3437274661
3437278757
2380316197
2381363757
2406529647
2404490223
2672990703
2681395439
2681339119
2683428077
2675166717
2640465869
2640453325
3709943501
3710922487
3710987751
3711120615
3715319015
3723612407
3723550789
3589316933
3580933892
3711016708
3711146805
3710032181
3710048535
1566730246
1566730246
1608653126
1608650198
1575094231
3722576885
3714122485
3715158757
3710972919
1433461061
1431414085
1473358165
1456515429
1452321252
1458682084
1450367196
1379032268
1110851789
1110917343
1379299694
1361998206
1348862470
1352730118
1084325430
1151434295
3298918181
3298834727
3437242662
3425708390
3442628966
3476221734
3480411922
3488794114
3467810562
3467749122
3467683123
3469780067
3473986663
2366882871
2350013447
2350013447
2354207059
2228476531
2224094817
2224094944
2358288048
2377158288
2398404496
2384899456
2384905665
2384876867
2653316402
2653054242
2682414371
3718473507
3719327591
3719303109
3713019861
3641710053
3641841141
3708966391
3713160686
3721655678
3717262606
3721440270
3713055758
3713056095
2639377773
2647832300
2513606380
2498922156
3052441244
3044052636
3073417148
3073545660
3073824253
3072783485
4146586647
4150617110
4150606878
4150733886
4133955894
4142283127
3605405687
3601207221
3618047671
3617654407
3588233158
3311478214
3307414870
3311477798
3353371686
3349183526
3349175319
3349282133
3349278197
3320049140
3311652341
3307326965
3290549749
3290693591
3294817223
1172503493
1172429265
1205927393
1197534689
3340821984
3340984784
3311559440
3311563572
3294761780
3294761748
3429048068
3437308684
3433245468
3433184060
3450034984
3449834793
2409684458
2414923178
2387852730
2386798010
2403575738
2399384250
3473126074
3473052366
3474096846
3480462286
3757090279
3757108708
3748723172
3715353060
3715254772
3425852869
3425844679
3425836503
3442554358
3445630198
3487573238
3484493302
3484570998
2410925878
2381368886
2356207126
2355150358
3428974102
3454270999
3320052437
3487824884
3488866224
3480341920
3742467504
3744695760
3744642128
4280459520
4284719360
4250968324
2103485236
2082517540
4230403623
4231399974
3694533158
3694996262
3695130918
3698792546
3753249986
3736207554
3466723522
3466789058
3466609122
3484467683
3455116641
2356215153
3425799616
3442644928
3446839232
3486693248
3486758832
3461396384
3457203616
3725639600
3593715412
3593645764
3610439381
3610498789
3580917479
2507171431
2515755861
2515714311
2515715351
2548167991
2548098343
2548098343
2514613558
2514732310
2498938134
2490621815
2486234983
2503012199
2503206359
2536699333
2540847557
3623043543
3622967255
3614582487
3597872886
3597676262
3597668198
3329232231
3329299799
3329369159
3328319555
3328340033
3336716353
3349332161
3349320129
3315705328
3585189360
3589387764
3559951717
4096823077
4095852085
4095979029
3827545621
3827544853
3827409181
3845185581
3845156909
3878748265
1735852265
1744175337
1744188889
1709653465
1692745177
1692671433
1692762057
1688567753
1692786121
1709561161
2003071305
2003067225
2003661609
2012103465
2007913321
1974368105
1957586397
3572376783
3564057806
3564045526
3563521510
3706132198
3701945974
3701945874
3719131666
3484246530
3467391762
3471323491
3462934755
3458740401
3475648657
1294610561
1277834625
1282037633
1156568977
1153299921
1156906353
1144319009
70315041
69330225
69399827
73580802
342016834
367100866
400798706
384013795
383882465
375493713
908172288
908170256
908174384
908174373
908304421
1981997093
2116210743
2116240415
4263709999
4267785007
4276173359
4276166255
3198230250
3132437242
2595500746
2595492490
2612794026
2579247594
2313694442
2288597246
2305457310
2641032335
2682970253
2682823052
3739792028
3739988668
4269717420
4264933292
4281634796
4281835516
3978735452
3978472268
3827542360
3827480952
3844250104
3844267516
2808600060
2816988925
2816922349
2816639597
2782954029
2774573613
2770380333
2770386733
2770455869
2707675453
2741229871
2741487919
2741488959
2737203167
2804312031
2808567743
2816804799
2816804782
2812481454
2816555966
2782931870
2782931918
2782992862
2783123614
2816687263
3890293983
3890427087
3873666247
3865142471
3881919719
3882057189
3856883685
3856883668
3839983172
3831508548
3848285700
3848283932
2766224677
3030588453
3030453285
3030453269
3030477829
3051580421
3051580421
3086056565
2683391207
2679332343
2549250438
2515680142
2507225790
2503024559
2503165421
2636367325
2640572685
3185631501
3219170573
3214978877
3214982959
3181484335
3185678639
3160643885
3157495101
3157429269
3157431367
3161629782
3186811958
3186846774
3212000310
3191019558
3190949926
3195143462
3086168338
3081839366
2511414022
2494640655
2494890524
2427733596
3496757964
3492563660
3492346764
3493591452
3491428748
1343941004
1398489484
1381712268
1377440140
1377448372
1381704100
1121461152
1121458147
3283701522
3233479954
3236604178
3236669698
3236542722
3253385986
3283017474
3283015106
3266299314
3267117217
3285995684
3277602980
3508401572
3508445092
3509489381
3513616901
3547113735
3614222342
3597511702
3597581334
3597595671
2540621879
2540061991
2506557287
2515930851
2515668707
2649956051
2649765586
2641389506
2641388486
2650006470
2649941719
2649882215
2649808423
2641414695
2674973247
2673962525
2674009869
3714199837
3715252252
4235444248
4233221144
3964774424
3964905784
1834203432
1865529384
1848949960
775205064
708100232
707592331
723914922
690364842
753804970
750729902
748497550
748432014
765209230
768880270
760491662
769013423
798373799
1066801063
1066403735
1072703447
1064331222
1025535254
522220822
509669670
509727015
518238245
514043965
1587916813
1592046601
1583725579
1546565643
1551808778
1558088522
1556794106
1489590971
1481391803
1478235833
1495074745
1528238509
2069176748
2077499820
2077254108
2077258197
435188709
435185253
418396789
485562997
485628517
477240167
489822503
523443287
510727239
1047602375
1047737541
1055929589
1045446113
1062231461
1062295975
1062304231
1062304247
1072945655
1072953815
1064434135
1064369015
1064369015
1064409975
1072929653
1072938357
1072937333
1064434037
1064434037
1064426357
1064557429
1064467319
1030912887
905067351
905133047
904993271
896604631
896629175
896630263
896564727
1030774263
1030807039
895614335
904133982
358874398
90291486
224507166
258061630
1331934518
1323544598
1319350295
3483481143
3483481399
3449995071
3433478687
2355554839
2352368159
2352893471
2354468575
2358760413
2358636957
3314865596
3310652844
3342633452
3611073964
1427488133
1431741573
1431745671
358072498
353457314
487668898
521284850
506604994
509740994
513935042
513806914
513812307
530605923
534835043
535883107
536083794
510909698
510713106
456195362
460451106
1500708146
1492310802
1221810946
1217519378
3367237138
3367170610
3434541585
3451355760
3451687520
3489445856
3476851936
3459620064
3726032112
3742805200
3742557252
3742561349
3708994821
3708968452
3694288404
2625002004
2633321012
2628550188
2629592620
2629620268
2644034092
2644046573
2644042415
2631451310
2623062446
2621197478
3695003814
3694008502
3693484166
1596341382
1580606598
238428294
238420102
104206806
91362070
83039798
77870642
77866547
77866515
78063379
82260739
82248451
82264323
74400019
91079027
225302002
258840050
267238898
267239410
267238898
133019122
116240882
112046578
112177650
1185932146
1202680689
95246176
99362656
87567712
87633248
71181632
73340160
1901840
1836320
18683184
18773328
20866368
86988097
91047249
91050353
91083123
91222355
91223507
91084242
99472882
99472882
133035506
124646834
124646802
133027282
128833010
128808435
95384945
95249712
99442992
91091760
86881136
87011696
87012816
87004624
124749264
57509584
49125104
1122875120
1114486512
1110292049
1127031411
1127035490
1093407010
1080823842
1085026402
1085158482
1085158594
1101935746
1139661954
1110285698
1109761410
36018050
48739970
44544658
44298899
1122198195
1113678753
1113597409
1113596961
39859248
39855120
65020944
31663360
6427904
6423825
69342993
69342993
69341953
69714689
73761729
23888817
65831345
49123760
44405936
111654064
1185135792
1185135793
1189330163
1206119474
3349245218
3315606818
3315869542
3349946982
1185813238
1189806822
1206583986
1164640897
1147692752
1143531360
69775136
2663776
3055936
3055936
287736644
304514628
1378324180
1915075300
1915071204
4062685940
4062682844
4062216940
2720039660
2741035756
2699256552
2699174509
2967675438
2967478822
4041212726
4032893186
3496162306
1348672530
1348933650
1088829490
15088690
10886146
10933250
15107266
32343169
57509040
107322544
103267504
371439024
371439024
371438512
908239792
1981981345
1986192355
2011292451
1977671970
1960865826
887103522
1012932626
471868418
473053202
473045282
477235746
481430114
481495746
94578306
111612546
111493762
111526579
111465441
116696864
108307744
104115492
102018085
35109893
51809479
320245127
324505014
324308390
307531190
846628229
846364804
845328516
845324448
1931519200
1663100388
1663102564
1663295012
1667391012
1667391012
1675722276
1675656740
1675656741
1675647797
1642092885
1642289525
1709373813
1710324597
1710234181
1700801095
1700801110
1701002022
1700935718
1709316134
1709378614
1709186054
1709188166
903964102
887354310
880014230
879883158
1953599654
1953730790
1978897518
1969470494
2002958606
1998764558
1982040590
1982069278
1981954590
1994538271
1990329469
2141193448
2140144808
2110792888
1565598956
470884588
473113084
472982005
206582103
206598422
206631190
206606614
206609718
206682422
208910358
225622022
234010631
267552769
242388160
238338176
238354576
171049393
187830947
158470818
145887906
145831586
145764002
145764002
1234235362
1334881266
1322426114
3738343170
3734147586
3736175122
3736117793
3735069476
3617628460
3571478824
3559135272
3559262248
2486044776
2487097709
3564517839
3295947150
3295946126
3321102734
3333817230
3333817014
3333575334
3333616294
3331383974
2264182759
2251598181
2250549285
2267326516
2267408396
2267474188
2281584140
3485340228
3485336292
3485336293
3451126439
3454280418
3441455206
1293991974
1327743030
1310903302
238266375
238086151
252737557
252786689
202511617
201462531
71434755
76677635
9880131
11896515
29200322
45980050
49125522
40672434
36476082
35958966
37544118
20849846
8271295
10358445
9772708
277098156
278144684
298853116
24191581
6316829
6349093
2142501
2142501
6336789
15831045
13665301
13732885
5408773
1079150597
1089644801
1085451025
3232938512
3300040240
3572729360
2540733120
2654044864
2654114497
2518856435
2523108002
3059782306
3059798690
3060070306
3077864866
3044309426
3176409491
3176409585
3184863696
3187027280
3212197120
3203808513
3152428049
3153402913
2582907939
2582909987
2557830211
3629539522
3625443778
3628392898
3628458962
3645289298
4181890354
4215445810
4215511314
4199659794
4195461378
2048129026
2048055298
1511394370
1511326930
1517748402
1534460082
1492521378
1486234018
1485250978
3632539058
3364105602
3380881794
3418651058
3485821266
3470223635
2394372915
2259959603
2258910515
2259105043
2260079650
2260147234
2259946530
2196768802
2186299698
2203076883
2197899523
2202257667
2202196227
2177034691
2177035649
2177035697
2168819107
2168753587
2164558243
2164578721
2164578737
2168977875
2168908099
2178345281
2178346307
2176249299
2213865954
2213857762
2205190626
2205256162
2167642482
2167586130
2166532930
2170727234
2170661827
2178985937
2170589168
2170654128
2170800560
2149775776
2153999264
2153999264
2170628784
2204318384
2204248720
2183278225
3257024433
3273661859
3277860002
3240127730
3240159346
3240156178
3240220930
3244419842
1096940034
1105459763
1105279523
1205938721
1201748769
1457780768
1449366576
1445105712
1445101616
1596227648
2100600961
2099545477
2100150199
2099624887
2133703351
4281187255
4268669910
4143906646
4143377783
3069474095
3069470061
3077960957
3078091997
3042432477
3025520028
3025422333
3025524701
3034044415
3034052607
3036018030
3052728686
3086250334
3078058334
3077985630
3078051199
3078051199
3078062079
3044442063
3044532175
4126660575
4126528895
4125413743
4125446239
3580186717
3609547901
3610732005
3610731989
3614860741
3623253973
3623311349
3618984821
3589666645
3589666327
3581277751
2490695205
2507468325
2507468597
2507661141
2507588935
2513950167
2648167927
2648035831
2681525223
2681500647
2673173478
2673178614
2673161718
2637501942
2641843446
2641853686
2650274902
2648046871
2677325079
3201608973
3201674525
3203773757
3195376957
3195376941
3191178605
3191312893
3174494719
3023492589
2752955757
2753021309
2757186845
2757060380
2773836348
2773820988
3025483325
3025999389
4242480735
4244573150
4244376062
4244376830
4243332350
3723440350
3756404942
3741200590
3669897550
3669889294
3686605102
3382468911
3382470441
3369889576
3361627656
3374206472
3373944584
3376071944
3680224264
1540932808
1540936859
1541137594
1532667322
1528469434
1528465082
1528480410
1528521371
1595433369
1601720760
1600651432
1609248936
1609244841
1610555881
1607889387
1574160234
1572898618
1564524302
1565568782
1565765134
1574090255
1439871759
3620896895
3602940141
3602949357
3594626301
3590503645
3590511837
3591818749
3610758637
3044337645
3044402909
3036083917
3036082885
3036017399
3027554919
3027554919
3027629815
3044501206
4118245079
4117855223
4101048822
4109442550
4109712630
4118090806
4118609974
1999450134
1999184214
1999250374
2004493254
2008547750
2008573359
2006510749
2006694028
1438300364
1434105932
1428789516
4113083708
4113081660
4050424124
4050551084
3781592876
2770765604
2771887668
2771822100
2771834421
2772353639
2776580838
2808943334
2808886950
2808362918
2816740518
3085176038
3082033270
3086104582
3086101510
2515674118
2511479574
2511479318
2511479302
2509509206
2509509615
2512142829
2239548649
2502863048
2502863048
2502863048
2536417672
2519115656
3597054921
2532623339
2666844522
2682569002
2632381483
2498127915
2498652457
2490251545
3496611784
3513451144
3555197576
3556319913
4084741035
1933058474
1899507882
1882845658
1881772810
1881702922
1881706011
1613277737
1613413145
1898625048
1944763420
4088049929
4158161741
4115186397
4094476975
4094673583
4098818031
4258163951
4288572527
2663150805
3736888525
3732758733
3728621773
3728658605
3728659885
4252426175
3166085007
3164060555
3163860907
3166741995
3154157946
3154174746
3155350314
3176288814
3052553006
3048486694
3048482086
3186885671
3187409975
3174891791
4248437519
3711567567
3709480647
3709414135
3742919335
4292369319
4271427061
4271494340
3734687940
3736793284
3753533508
3648659780
3648921972
3627357669
3627029871
3627025774
1483932526
1490028302
1505785610
1572922634
1606458650
1606589530
1598200910
3741497423
3741751373
3612773709
4116481373
3044837244
3044967036
3078533757
3076432509
3076322149
3076321637
3076322661
3076279652
3042922356
3026064980
3034460868
3034522309
3036422871
3036423142
3036443110
3036431526
3036433662
3027093758
3045062878
3078023374
3061247183
3061245135
3059082703
3071664639
3071759342
3042399214
3042269158
3042211814
3051182070
3084809671
4141770181
4133446852
4133319876
3596424404
3615429876
3615429093
3572896631
3572896278
3702993422
3707057694
3572776758
3572771622
3572771174
3303483894
3315996806
3353674887
3336831109
3329687700
1177956516
1176379812
1176314660
1199317804
1174170412
1153231628
1152224013
1152289039
1168808206
1169800478
1308135670
3426255094
3426386358
3426390518
3694830563
3694896864
3699027552
2541398640
2523580928
2523745792
2255226368
2388922913
2658411043
2683576614
2626953318
2644246630
2644329702
2677851350
2673378502
2652406990
3726355663
3726224525
4263030221
4263028220
4279875052
4284134892
4252686317
4118431213
4118742365
4147914551
4152173351
4135457598
4135453214
4278071822
4294915598
4244445726
3699333642
3699309130
3707291978
2629344363
2629341289
2646114409
2679738872
2684003304
2650448872
2641995500
2673455085
3193609717
3193622007
3061761271
3061695734
3057501302
3057640574
3191858526
4248200518
4231429958
4235611478
3975562614
3975480447
1819553887
1819287565
2083528732
2098341176
2097299001
2134911529
2143300203
2139109994
2139119610
4286633930
3616653706
3619144654
3619144590
3723937710
3715559343
3713527725
3713462165
3755401108
4292196276
4283737076
4279546836
4279603572
4279537956
3205797156
2937433381
2908073765
2908203575
2941779543
2940722775
2940717030
2798928358
2816229479
3086811237
3053322333
3028160844
3028165964
3028234044
3170836012
3166641725
3032291935
2512137803
2545689866
2533110810
2524709998
2524927102
2541638750
3615380559
3621680205
3319783877
3319587733
3302843269
3296596869
2218656647
2222393238
2230590886
2224303590
2226400615
2243245335
2275897605
2259534084
2263728948
2263402276
2389237540
2389310773
3463167287
3463032294
3475549350
3441984690
3694755986
3694035330
3693511554
3559031426
1416729313
1433446112
3608195008
4128500672
4128504288
4149468640
3083978081
3084240163
3080180498
3063407362
2530502418
2530494322
2524727138
2541618530
2550021602
2549485047
2515864775
2515823815
2515887319
2507633879
2507662807
2507403735
2507405271
2505267031
3578886005
3614469941
3614469413
3581177127
3581359411
3564508435
3564504337
1417069905
1417139665
1417147569
1410839681
1427559553
1461175425
3725977075
3725716835
3729882403
3755220771
3755219747
3755216419
2679977523
2663277091
2661118578
2660783062
2593780630
2597896630
2589570471
2574892983
2554052573
2625238748
2625167964
2624086572
3697828648
3697804072
3710390569
4247332153
4247403531
3693770763
3716077595
3723937915
1607792715
1590998091
1582596171
1448522075
1448522107
3604452202
3623850990
3623785455
3581853615
3576609423
3710814861
3710815109
3580724613
4117549487
4125941999
4125941999
4127088830
4118700190
4101924278
4101334950
4101339054
4118116271
4126627807
4160182095
4160078623
4160013117
4158972733
4125417789
4125942045
4109366301
4236172349
4236171309
4248721533
4246624735
4286472078
4286477966
4286005902
4294263454
4294202046
4260684783
4258587117
4258652653
4258584061
4250201437
4279560541
4279691613
4282308957
4286500175
4152214863
4152127967
4294799855
4294930927
4160696559
4160565502
4160565502
4152112638
4151584238
4118095214
4124514094
4107732798
4120204814
3583304206
3583305487
3589580061
3579624765
3508324396
3507472444
3507374092
3507375436
3553502556
3549308796
3549247341
3553367917
3544987237
3238991603
3222148819
3222099650
3234616962
3230451330
3230455442
3230586579
2223431619
2227608899
2270596355
2251668739
2255858947
2264246035
2260182899
2260187107
2264244131
2522648483
2518453153
2534726545
2501242833
2501307729
2505502003
2509755682
2511361314
2515565858
2507435314
2501279490
2635521859
2635517937
2639712240
2642403264
2642411456
2650800064
2650636272
2549902817
2549360099
2524194019
2524263650
2524398818
2549566898
2515688834
2494758275
2494823811
2494860787
2499075553
2490691425
2503241585
2536992529
2535927601
2653302561
3731766577
3748535553
3757769987
3757655059
3487060019
3482902579
3415793714
3419988018
3657019427
3648699683
3644508433
3711879425
3711880001
3711421377
3745513409
3743241093
3713799061
3721143205
3586925477
3582731237
3582734829
3582734813
1439179213
1422468557
1145701887
1141788079
1410189742
1410136462
1414310286
1414306190
1355582862
1373543823
1390318991
1392173471
1392173463
1383817655
3531158437
3531154343
3546817191
3555205799
3546822647
3278462807
3244838674
3244875538
3236495122
3236495155
3236470579
3232750867
3236887811
3228491009
3245264129
3257322753
3262635793
3271028499
3266834195
3266838307
3268795683
3529297185
3524054369
3540831569
3507289425
3506826705
3511025011
1371917682
1367657826
1371822434
1363425650
1363548482
1363557187
1363557201
1364082544
1364008784
1364016960
1364016448
290209136
298597728
332152161
332168675
306994402
307022050
323344866
298310098
277265858
1350999427
1351064977
1355136433
1346743712
1359457680
1359391617
1393015696
1380441056
1389288416
1405516753
1397112705
1095184273
1095052723
1078275491
1086791090
1086791058
1086666194
1078289714
1087862066
1104661762
1107156226
1140714755
1124068625
1124006161
1121901361
1388891105
1388895201
1380507553
1397268389
1397274037
1934341621
1917498869
1917564277
4064845077
4064853269
4065110293
4061129013
4077840679
4044255015
4027457319
4031647543
4040101686
4039909174
4039914806
4056687990
4056704502
4056708598
1909245334
1909247383
1900924087
1900928181
1900936341
1364057237
1393548677
3540938135
3540937171
3540937682
3512622866
3504230162
3233769010
3300681266
3299632659
2226054915
2230247169
2238615297
2251263745
2255339283
2263197523
2259527667
2527963107
2528951715
2533137827
2453457825
2468142033
2468211537
2436787477
2440461617
3522649139
3521387554
3522444322
3497278514
3491107842
3507897603
3506849107
3511109617
3511111633
3511115457
3519380161
3519314675
3515103971
3519294307
3519293730
3552914722
3552918883
3519364451
3515170257
3515112897
1350847889
1355074720
1347214496
1343061168
1359968640
1359378881
1392933825
319716115
307165971
332324610
328195346
332197171
298642739
298646833
273665297
269372689
269360401
269360433
269356339
290327827
332274947
328153347
311171331
315365651
315365729
315382625
323772385
323805091
827123127
860679607
860659095
860654742
843942038
844085654
844016055
869181943
869181911
860219863
860158301
827128701
827326333
827260284
827260284
827157884
827092332
827080044
827132285
835521405
835656575
831470191
831471358
835534814
835551198
827161054
822893022
822888926
860707150
860846367
860843295
860826943
860699965
860695869
827156797
290441533
290442111
290295767
21807062
5021650
5080978
13604786
1082767090
1082701554
1082957426
3230580595
3230575363
3244206851
2204019459
2256440067
2255990531
2264377107
2260181875
2191374307
2463929825
2455555553
2467088865
2433546737
2433640913
2416864595
3504266259
3503670322
3502568738
3494176034
3510957842
3511142211
3545155537
3545128945
3545128912
3511557056
3511565248
3511565248
3520019953
3519884641
3552847139
3552850995
3544454242
3544472674
1363434834
1355143618
1355274691
1355664851
1355599331
1363992035
1359965555
1393454355
1376743187
1443659571
1447583539
1472808723
1472911187
1439426003
1439294899
1422454177
1414065329
1145629073
1145698689
1162533328
3309980624
3351924241
3351907841
3351844355
3352835603
3348657970
3348657954
3315101474
3314036518
3318251366
3309852134
3310044631
3310048709
3309925844
1162378324
1158178900
1158277204
1158347092
1158347029
1196084501
1196066117
1204454341
3343558613
3343427493
3486035879
3486051239
3486120886
3452619766
2378846166
2378846022
2379892563
2379966323
2379769187
2381866339
2415422819
2415455735
2415459830
2373574134
2372586998
2372574710
2406135254
2674570631
2674431109
2671293653
2671289557
3608716756
3608847828
3613062644
3615154100
3615182781
3581483965
3577298365
3577359805
3580509631
3513652639
3522123215
3521959247
3521969999
3521965375
3521445167
3522035055
3522099055
3517961981
3517825789
3521934077
3513530093
2435659757
2435652973
2435782701
2435283005
2472900623
3550772495
3550768398
3550865166
3550996270
3550868782
3556103470
3544040750
3542074751
3542074703
3541816773
3544968645
3511282821
3511216285
1363789981
1364084895
1896774047
1896771487
1902012063
1909880509
1943295661
1945401069
1945397245
1937007999
1936029038
1395086638
1399283006
1399225630
1407674718
1407547862
1407998422
1408043159
1375607957
1367223700
1366173076
1362048916
1361655765
287915733
292060791
292322934
334289782
871161686
866962775
867016053
871218532
862829940
858652148
858642900
858773972
825154037
825129461
825194997
828866037
828866037
870833653
853933557
853867861
853867847
845462855
845528407
862371159
828816726
1902558486
1894169878
1894169878
1894225206
1885648678
1885650727
4041522999
4041718321
4058421809
4058421793
4083605281
4134395185
4134343953
3593408787
3593416787
3614323958
3589158070
3568176566
3568241079
3568049079
3584879285
3588550389
3542400732
3542390476
3525617228
3525420621
3546461725
3554858871
3554858855
3554952550
4058273126
4049886310
4049951998
4050083022
4050025678
4050021839
4058415055
4058501087
4058302463
4049925613
4049921389
4049904956
2976757020
2976757020
2959988540
2968319548
2968383036
2968481341
2968419942
2444107750
2515340710
2548829606
2540440758
2536316358
2536449478
2535876430
3613812494
3622270782
3621814078
3621814038
3588259126
3563093282
3564207394
3302061362
2228311538
2228704723
2228671939
2245459905
2270596993
2522320769
2524290497
2465574353
2464523763
2464527843
2456083939
2468666851
2436128231
2503302519
2502389111
3580325223
4125584693
4121001751
4122009367
3589332755
3589330707
3581146899
3711104259
3708998930
3708962066
3713105171
3713232195
3721555281
3717340529
3755150704
3755216244
3755226484
3755222388
3746592100
3713225189
3696447989
3696456135
3695404487
3577837014
1161908214
1162038262
3309788118
3301272534
3302321650
3298096611
3298087347
3302478291
3304509891
3346449859
3329656275
3328614227
3337025363
3337090931
3336958818
3336892770
3345282403
3577011555
3577077203
3560398295
3564567895
3572954455
3589789495
3589330743
3589306167
3564136247
3564136247
3564332919
3564272999
3581040119
3587392855
3621213511
3352786245
3336042309
3338138965
3338001789
3346324845
3614768621
3614502381
3610373565
3610498447
3612524943
3612557725
3612570108
3612435940
3312543093
3296159061
3295114515
3303374115
3303304483
3303304994
3304587026
3312901891
3346433793
3598156545
3598156545
3606425873
3740640308
3740642341
3203709029
3211835621
3205601773
3172175869
3037976285
3036934909
3042169837
3050558319
3046195567
3052418390
3035637062
3160485318
3160554982
3160804838
3169258982
3186953666
2650219970
3757450691
3757465923
3757405559
3757336423
3723814759
3723886439
3715235701
3715227477
3713261381
3746813252
3755341140
3749041460
3715487028
3715618100
2633497909
2633493815
2633366823
2624912678
2641714486
2669102342
2652328198
2656530710
2664919350
2664771894
2681479543
2648466807
2581427685
2564806629
2564736981
2564806597
2640180933
2640160325
2673727285
2673669927
2673665846
2682119542
2682253823
2682175999
2673788383
2640266717
2635955677
2640145885
2640276861
2648694077
2646590781
2629621055
2649552175
2649552190
2649617718
2649605478
2674771174
2658746614
2654687366
2671403142
2675597719
2541384613
2516275877
2515030692
2515039964
2506649548
3580391372
3580587484
3580519768
3580785993
3580774217
3615246203
3615254394
3615255930
3614928250
3614924122
3614922058
3581362634
3589755226
3589697914
3585503610
3586126206
3585929583
2512184685
2516363245
2499588093
2491269085
2487137733
2487125447
2503917767
2536423638
3614426198
3614299511
3614242151
3614205805
3580847741
3580785485
3580823373
3564045661
3581744493
3581683053
3580636655
3614205439
3615253919
3623874975
3607085567
3604333049
3537158617
3528762137
3530924568
3526862393
3531077161
3530358571
3555589483
3522100699
3497970827
3497970843
3498001595
3497873563
3497873819
3514814970
3523146602
3555713582
3555517246
3547128638
3513575231
3513640255
3589199673
3580806937
3580806925
3581855501
3581789981
3581711661
4126450989
4126450987
4160201995
4152269834
3078523930
3057617982
3073285182
3073307934
3073302814
3039785818
3044889450
3044627178
2784572139
2818126569
3086575337
3086509948
3086515580
3086540060
3044662284
3044905996
4114461708
3829380381
3843994909
3848181047
3848181047
3848271191
3877631319
3862909015
3862773879
3862773861
3866055013
3874386277
3887026533
3853341173
3840767941
3832506189
4100880205
1953386317
1970085247
2003582319
1986798959
2011968879
1944999791
1908306783
1891447759
1895043533
1886654925
1345794445
1366700447
1366700991
1375146687
1358239487
1354004207
1354036973
1354037213
1354037197
1366685135
1396172239
3543527902
3543519726
3547709934
3556242415
4055295567
3518494287
3522491999
3514099439
3543458555
3543487451
4080288186
4084528298
4092982507
4059430123
4055366873
4042778061
4034192332
4029997772
4028977869
4029022973
4045799919
4083560943
3546690814
3555073230
3555137743
3533987039
3533991131
3534021979
3534020939
3534131979
3534127898
3538322298
3538200426
3613697386
3613455466
3609449706
3577148671
3577147519
3575079181
3560338189
3560837645
3560842773
3564004917
3572135735
3723121941
3718989061
3718792197
1604867125
1541938213
1541945637
1534602101
1530407477
456732221
440017439
981078559
989790519
1005846567
1003761702
968892542
952116351
943750623
943840735
960757215
960755151
994309579
994309451
994309403
960625947
960526651
960526635
960592187
423886091
457437451
465817931
432132571
415355387
415347115
406959531
406960555
406961067
406977467
423885707
440597387
440557451
977425291
977490891
977293803
977334763
1002496235
968945003
969013611
969013627
960625435
960756495
994270991
994269007
709064063
709096943
708965871
717356463
725671343
725671343
725736895
725745567
725876703
725745535
725737279
692182335
693370175
693370175
701753663
701589823
701593919
692148543
692132127
725818719
726089055
734410239
734475775
734354943
734289407
734289407
700807679
969275903
960887263
960888287
960886239
969397727
969397727
969405919
952499711
944110079
944110079
943806973
960723293
995260685
995261709
978514189
441635101
441504047
458273071
466661675
432058683
423727419
423730491
423729465
423868761
423803337
423803336
491961736
500336521
535855755
1609597594
2146469562
2127609514
2127605418
2128080810
2127971770
2130051258
1064763577
1064767736
959652328
959652136
2016551212
2020860204
2029039884
2024845580
2039525900
1506841116
3649147420
3649147417
3649155641
3649562155
2647063082
2647055146
2647574570
2647574762
2682177722
2682244234
2675818890
2675950218
2669593227
2634969785
3708691177
3625788776
3629918253
3640469549
3640604733
1508849677
1542404109
1517618185
439812361
439550283
437453147
436216299
436216301
457204140
155247016
163632056
163682200
163690904
444840344
444840345
511949019
512212186
1586934026
1585348874
1581154570
1564377370
1547612442
1547625754
1547594795
410265645
