590788619
590788619
588704795
588444731
587616555
591806763
591856427
591663919
591664943
591664941
591662959
600121199
599859071
599801679
599793487
566239055
557856606
557917054
818099006
818098558
277025274
276918730
277149067
277125515
277121435
59607481
315529609
1380891017
1380629897
1380889993
319742393
319742891
1359897258
286139134
286209790
323749614
860620142
835460134
835464230
835462167
835527685
818756884
290262389
285544421
319115253
323354581
331657109
331654613
314873333
314868213
315458005
315601365
1406116309
1372496341
1355722229
1355725301
1884207573
1884203989
1884203733
1879484101
4043682501
4077384261
4077306645
4145464613
3881292837
3890211879
3825134615
3823105295
3805926671
3796387645
3796393517
3792186925
3792383529
3810144043
3780788027
1641616703
1637355806
1636307230
1619530014
546047774
550242110
537661246
537200950
554114342
558316646
596104422
595956934
595899591
595899589
595893376
591698128
571250880
1645058240
1913559120
1913568592
1913562960
3808880464
3775326064
3763785585
3763719009
2698369889
2694314515
2694310402
2715151874
2736062002
2736051746
2719274594
2718201570
2734978786
2739158946
2713984930
2713984950
3787791766
3787799942
3821287814
3804510454
3800324197
3800356900
3800426556
1657662476
1649273932
1645210700
1645137116
1645103580
571346397
571413975
571421555
571355939
551432995
547234355
817766915
817772295
817830663
278858503
278857991
299833607
316483863
316423455
853307711
853299691
584864683
584864683
593236905
592271273
592412589
558857637
567094709
567115157
835540375
835048919
819192087
283369734
274850070
274850070
283369782
350478655
350478655
83064090
106060042
105019658
1178786058
1179044618
1187302186
1184678698
1318900506
1335661322
1335788362
1301975881
1218362345
3361516520
3357321896
3424430761
3440750473
1309057929
1179025803
1447215551
1447223727
1178673575
1174479265
1161965969
1145206145
1145232833
1162004755
1162922275
1165011234
1194375474
1198624002
1207358722
1303834883
1303834947
1301725665
3436508641
3696551333
3695486885
3703941092
3699881956
4236284644
4237337308
4241531468
4245795352
4279407145
4279420715
4145204522
4147378218
4118009898
4118006842
4101161994
4101161995
4101162059
4101227979
4115846618
4115854698
4283622766
4285625710
4252053886
4252054342
4252181454
2096247742
1576146855
1572018085
1605441460
1605572500
1605441428
1607480212
1339040660
255877909
223405877
231778101
267497269
266513669
266509569
120753153
101942497
369140896
520331392
1426231681
1967294337
1968342673
1968277153
1695592163
1729146403
3859852835
3859857190
3794901302
3794962727
3793915173
3883061029
3845375525
2771510837
2769348140
2769614381
2769569325
2775863087
2784807279
2782710143
2782779679
2781735695
2773314319
3847056159
3846794047
3779672367
3779660079
3780839807
3822717311
3822721407
3821742559
3817351647
3817355743
3821820046
3821815950
3821918350
3822053534
1674508446
1674566078
1674566110
1640889311
1632627661
1628433373
1695542764
1632599532
1640973485
1640977599
1640854670
1640830094
1615660446
1615791518
1615795646
1624118782
1619932031
1619927839
1688019725
1687955213
1692145421
1960641805
1960269069
1960214349
1959198671
1959124429
1975815565
2009894047
1993194655
1984930975
1717478607
1717473487
1715372159
1715384367
1712824367
3862278191
3879055399
3845645350
3828802598
3832993062
3832988454
3975660087
3975660055
3967275589
3984029269
3984021205
4017442805
3882895349
3882907573
3866195863
3866325903
3874707406
3874715614
3891359230
3857804790
3841031638
3832640982
3832639990
3857798134
4126233558
4155732958
4155732831
4159905055
3086031158
3077580854
3077580854
3077664030
3018946334
2444444494
2427536334
2427831190
2427970998
2432165302
2448815286
2473972151
2541064691
3061297521
3078074672
3076895024
3076841780
3072648500
3072849172
3072488708
3055705940
3060932340
4141031100
4140908220
4140842684
4275056572
4274005917
4275058077
4291900863
3721601470
3706921470
3706921302
3705872646
3705757974
3705725238
1575019815
1457585511
1458634229
1592846741
1582426516
1582398868
1595039157
1561484789
1563612501
1429394711
1466029847
1457582623
1457582623
1457566239
1449366079
1449301821
1467144989
1433598412
3572758988
3570653652
3562265076
3562196437
3564520773
3564520215
3564516150
1416049190
1416442402
1961645602
1961645858
1978529063
1979503927
4252533795
4247292962
4247297234
4180183234
4180183174
4180248982
4218076086
4226461398
4223332034
3149588034
3147322962
3151509094
3138922342
3105367343
3105371247
3143318767
3151699183
3147502783
3147379869
3147330716
4187551128
4174968200
4233753992
4229680584
3692745816
3692819512
3692651580
3692782623
3692723230
2618972982
3696900646
3705350886
3701029526
3701021319
3734701697
3734635136
3741188736
3463905969
3458203875
3391107106
3659539490
3659803650
1533488134
1265593350
1274936326
1270480182
1268381998
1268504878
1267292655
1267292671
1264180639
3407596954
3407515098
3407519194
3411651930
3684216122
3650663738
3650729275
3655046173
3631977564
3631846524
3644431596
4179286252
4212836588
4196026732
4194978620
4194974221
4200214030
3663408654
3663279742
3690465262
3686270382
3686536362
3652990106
3636200586
3365275034
3365283757
3369477804
3428067068
1281124040
1276962760
1279045577
1295624649
1298774491
1340705115
1340705050
1325107482
1325066506
1272605963
1272657179
1239023931
1213858601
1213862713
1215968057
1215849337
1215883257
1215885304
1224325592
1224317400
1230735817
3411720651
3380260811
3447365582
3430582158
3438970782
3438973862
3438846887
3434652581
3453526693
3740971652
3728388804
3727327744
3727328032
3731468580
4268269612
4268270632
4264093720
4280867081
4246468954
4179519978
4217256362
4225109146
4224974986
4224975306
3688235498
3684049770
3635880490
3635683867
3367249417
3371445004
1223977740
1216183236
1212144532
1209948564
1260262789
1247687047
1247678855
1247674822
1249821494
1258198818
1270656801
1504226100
1487449876
1491645804
2015924716
2033746348
2031648940
2014945468
2081284220
2082356284
2082351405
2086025519
2096499246
2109086250
2142113290
4272506378
4277682698
3732456010
3663250154
3671639018
3667522026
3667617146
3684263018
3684246570
3713741930
3709546730
1545281947
1482383753
1481369480
1481170844
1482218428
1478007260
1496942853
1529579526
1512819718
1512763654
1512759558
1516958534
1542095814
2075891621
4221087660
4221086124
4221086120
4200116104
4198012553
4198220362
4230627866
4230615594
4230620714
4243203882
4239137835
4239133736
4238607368
4239667208
3631484936
3642048520
1527144472
1510367256
1514545160
1518810376
1518602616
1537018344
1335773579
1306422154
1306515866
1280871850
1549316266
1549316314
1549307978
1417314570
3564806458
3564871983
3564675437
3581585252
3577388996
3608840900
4149119733
4148988453
4141648421
4141652503
4143951111
4135560391
4130119861
3862724773
3996631223
3994443926
3977667510
3839238822
3834909422
3835438894
3032230702
3026987839
3157011213
2620009229
2632596269
2628390205
3703046413
3719827725
3483115791
3466338670
3466339310
3402389414
3389562790
3406347678
3406345614
3372791246
3624509710
3637224199
3634013751
3701128743
3698952743
3694693207
3711457734
3661240518
3661241558
3659142390
3671720054
3667591462
3684185382
3650645783
3633901317
3638079232
3369639216
1222163760
1490658512
1499051152
1595528336
1595555968
1580859520
1580859776
1585055408
1471809185
1471680177
1438133969
1442327281
1432939365
1433074213
1475004951
1474940422
1459148550
1459152134
1450729766
1445474606
1463484718
1564082990
1551512123
3701176041
3701000936
3701246904
3701246360
3705453016
3749034313
2656485131
2652279306
2652303882
2652299838
2669044286
2648629806
3181303078
3183004710
3182988333
3183000844
2943921420
2923011592
2923400728
2923347512
2921314856
4011694891
4011379498
3910781226
3913010474
3917108330
3925504106
3957944698
3957936601
3941291000
2867525544
2867521192
2884173496
2850609800
2825439881
2825509579
3895192522
3895160666
3895143722
3916113194
3924497451
3924493355
3953857577
3954775096
3988272216
3992462536
3858257288
1735087752
1734989448
1667810952
1667780232
1667780504
1667849384
1911254188
1912237228
1885219972
1885217925
1884169349
1883657619
1893127571
1892851139
1892851651
1643354947
1676786483
1675668275
1650569011
1647419153
1647417105
3794835253
3794843431
3794909031
3794974055
3811761511
3811822951
3781283175
3781287207
3781287223
3781294391
3781294871
3781294871
3848534583
3848403511
3890338679
3882077143
3848395159
3849443735
3849443487
3849443583
3848525887
3856914495
3848531231
3848531743
3848529694
3848495934
3848360938
3881911274
3881911739
3890283963
3890286011
3890289819
3852680415
3852676191
3835898895
3835915535
3835847951
3840042255
3840300311
2918663447
2943819015
2943761669
2943777045
2952154917
2948550437
2947893012
2914349316
3187007812
3187007569
3184914529
3176452193
3175413091
3175378802
3175575410
3175505506
3218558818
3220525042
3204255186
3195872642
3193906563
3195934099
3195946931
3220657843
3182917251
3182782147
3168071239
3168071527
3178540391
3178540135
3174341733
2906033221
2906035653
2908141508
2908141300
3981817700
2908010356
2903572308
2769350005
2771646757
2771574053
2774944801
2758231057
2758083845
2774999303
2783322903
2779133542
2946959078
2946764774
2947833334
3216276950
3186916439
3178364183
3157388575
3157519637
2891119877
2899563797
2916214039
2916132215
2949751287
2941710775
2937505719
2805385143
2805452727
2803367351
2807426535
2775938357
2774881557
2775021317
2775019268
2775052084
2766528288
2762296624
2766619904
2767601984
3036041664
3027595745
3052697061
2784785895
2784812391
2818431318
2818481478
2816390470
2816320774
2791088406
2786914678
2920674678
2920736246
2920738278
2920700390
2792704182
2792705174
2801227142
2817947015
2817941909
2780259253
2763487125
2763487108
2767541908
2767544036
2758047717
2758043493
2758042919
2766431287
2783435798
2783370246
2951150614
2935352370
2926898227
2920609025
2920801537
2920736529
3998676784
4001351456
2927478053
2927478069
2926531863
2926474583
2943352695
2918055911
2901794549
2901761749
2894028485
2893379269
2893379575
2901702119
2901693798
2901755254
2918520134
2918677846
3218435574
3218402790
2929061366
2933122439
3218261383
3209938309
3209938421
3209942517
2924608885
4000640277
4000703765
4000834837
4000757559
4017522471
3992949623
3967677255
3963615175
3829356503
3829352359
3829225447
3833356262
3841723886
3841219934
3858066766
3854036254
4021808190
4019584062
4020032782
4024227085
4016035084
4011782428
4011782508
3996602732
3996467692
4000776428
4000712124
4000716189
4023861181
3990171327
3969138431
3973398223
2899668687
2901896783
3187111549
3219507069
3220489597
3203723605
3193234501
3193300213
3218601191
3218527719
3218593254
3218953718
3078379510
3040679926
3174971351
3174971351
3212711767
3221042455
3216794935
3216794919
3221024038
3187473686
3044998470
3026111942
3026109894
3160135575
3168401319
3170424229
3187168677
3162004901
3162009045
4235750869
4235947509
4236238197
4252484949
4248032535
4281594135
4281594647
4281463062
3994068246
3998262550
3998526742
3998661911
4007042871
4007563125
4024274805
3982272500
3961382861
2887710669
2887698381
2753480687
2759708647
2759642599
2768035319
2768108999
2784879815
2784879831
2816270567
2810044919
2792837623
4000793591
4017492983
4017502167
3984007127
3983891831
3992214903
3992223031
4026363167
4026395919
3988645127
3992843543
3984454983
2906645958
2906580934
2906543862
2910799526
2918532775
2952020647
2952029061
2952028629
2918474212
2918478053
3992220901
3992222807
4015287302
4011288838
4011256086
4017544982
4025929270
4022191926
3955028743
3923534157
3915150684
3944490220
3944492268
3944185324
3948039652
3956461412
3952265045
4019299909
1842390599
1832953797
3976312821
3976437217
3976437217
3976371683
4009938419
2940394834
2924705618
2941417234
2943485490
2918385250
2900364898
2901425895
2901437157
2899344341
2899435476
2916327252
2916456244
2916390676
2941564676
2937368324
2803167061
2769677797
2803259815
2807433638
2807433638
2807499198
2815897022
2815770102
2780247318
2762437910
2762794758
2762780423
2762779909
2783750420
2771163156
2906490884
2904460308
3977159732
3977159716
3842950180
3875980324
3860218917
3864921125
3867018047
3866559005
3865522717
3865522716
3874435608
3891204616
1961694728
1957436940
1957435724
1554782284
1554979021
1554857159
145554630
162305222
183473350
439260358
439260374
439324754
439267410
976138258
977182774
976658470
722968678
689283174
692433382
700753382
700753318
692364478
675589534
671608222
671537854
675695295
675416767
739445437
743509693
1817198253
1827681965
1873819373
1856005885
1856038477
1856022029
1861264927
1852875291
1848685083
1848676891
1865520955
4013137707
4013087019
4013087083
3983755755
3983677947
3966901755
3975287289
3975287289
3975348697
3975352665
3992026905
4008766233
3941656861
3937450301
3937507389
3937637405
3954348047
3908210703
3895644174
3895652366
3895857214
3895923054
3895726574
3962831790
3976004522
3971942297
3971944328
4238293896
4238092744
2627480008
2648451896
2241785608
2543227656
2545386249
2545189403
3065287210
2998187818
3069480234
2790557802
2786429166
2786561150
2786504718
2937495566
3977699614
3979764591
3963040495
3962835695
3967029931
3966763691
3975153595
3836807673
3836811545
4105386264
3031640328
2492541192
2274372872
2257609992
2260041992
2193064920
2191492009
2459734955
2531038126
2531034030
3054802862
3054876590
2805446126
2771825994
2771823882
2905779466
2905779243
3979602985
3979476009
4013030457
4012954937
4017213289
4017344361
4016295529
4016164731
4016103291
4016104827
4016170363
4016231807
4017275999
1836237919
1836182647
1836117223
1836181991
1868810743
1860422015
1860290943
1860229503
1717692799
1717824351
1734536031
1684196127
1685310239
1685445975
1685384575
1685384575
1692925439
1692912125
1743244285
1744161789
1719007965
1718741725
3866356445
4017348605
4016098813
4016102649
3982550271
3982616063
3982647807
3974255575
3965928023
1818313599
1818251645
1818256441
3974130745
3974265145
4007807257
4008069385
3999791433
3999591241
3999591385
4007975659
4008038123
4008036091
3999584970
3999593418
4016366458
4016497002
3849777514
3832988794
3832937599
3832868095
3832932607
3831978239
3848686079
1701267935
1701267967
1634040831
1633807359
1667492703
1667484447
3824273695
3813989663
3797214303
3864388959
3866290173
3874934521
3890663161
3858221817
3841022681
3830476504
3830474073
3964695673
3964752921
3975511131
3983894651
3992447083
3991333371
3991329499
3991391947
3975530058
3967074890
3967083290
3979666234
3979797290
4013347114
4016522618
3999616346
3999553754
4024719610
4024654330
3991296506
3992345562
3925310414
3925175630
3958662494
3958727166
3950379263
3950379223
3950384263
4013368471
1869948071
1878271141
1874138533
1737819572
1704279492
1690577344
1677994304
1679108880
1612065313
1626737185
1622543873
1639779841
1673266755
1654396627
1653343971
1653409506
1669617314
1669621446
1673848774
1673832262
1673899382
1665510679
1665511189
1632091412
1627847956
1627913588
1627880956
1627864572
554114556
558304765
566626813
595987455
596054014
595927006
600057822
591669198
591685582
591783902
591779838
600166398
600625151
600628735
600698367
592440693
600827253
567278869
835702045
835177789
868613439
1942482271
1934093663
1900461917
1900519421
1900384236
1707458556
3854938076
3854876621
3846553037
3846553055
3879910895
3879912943
3876767214
3876808175
3876808685
3880921069
3889387517
3891352025
3887195611
3887314427
3882980842
3878716890
3843077450
1695589642
1695803146
1681053498
1681002283
1681067307
1681066283
1685272875
1701919035
628111641
630275337
613487369
663945993
666047241
665854729
664806153
665068825
925125933
627964279
627964279
896384375
359511479
359510455
359510453
91074997
91074999
1433255350
1441643446
1437448886
1436924598
3584933622
3586045446
3720263430
3720258838
2684351782
2675764262
2675735591
3744996389
3743026421
3743024261
3709474180
3696891780
3705542276
3701413556
3431736992
3435931296
3292817072
3292817024
1145493441
1153877489
3301436899
3570769395
3570764275
3579156979
3610754515
3593912259
3593901763
3593897539
4134916658
4134822434
4130611750
4130612774
4118029350
4109702247
4105637093
1955990737
1419185217
1423188993
1410719744
336764928
387117060
305320197
305316613
34754117
33884901
38013615
1094716078
1086414750
1082324430
1082254414
1150406662
1150526550
1133618406
1186178211
1186128001
1182138497
1177419905
1194197425
1160394659
3295293026
3303812642
3438030370
3454807570
3471795718
3467572742
3467620871
3401355812
2327618148
2342298348
2291959468
2287766956
2285210788
2285339813
2350298327
2354488390
3426919430
3708993334
3742535219
3744631299
3609381377
3609644801
1462199552
1463033905
1446256739
1444163955
1448546786
1984304034
1992710066
1988394419
1921316247
1904534677
1892476037
1892545932
1884276700
1884280556
1884225133
4049596015
4049399407
4116508286
4099731230
3562915606
3561801494
3561800502
3562919735
3562534179
1414952243
1431727377
1473702913
1456923649
1456861201
1448472593
1444401153
1444401217
1444298993
1446400497
1417020369
351732421
347408085
347346677
351551077
1425287725
1416899391
1349982477
301423373
850786829
850712077
854884876
846496476
842306220
303338413
303354031
303038630
301994146
302059618
285356066
281161778
278012675
9577989
76737029
78817860
79137476
129469077
1119132311
1119653526
1123848895
3262960559
3258217385
3258393001
2188779949
2211848700
2207654228
2207736085
2209669431
2209670438
2275726630
2279968046
2247461166
2373946142
2638064142
3694963214
3711805966
4282367502
4265587998
4278026286
2128380015
2120016117
1780016260
1778969988
1762326944
3960142756
3964598948
3968765652
3835659860
3837559540
1685881484
1698471564
1731504777
3878988457
3878987945
3866396841
3870788715
3802300426
3802300426
3798179850
3860897802
3877694510
3844237614
2888186670
2896579118
2898151998
2897937998
2897818318
2826445518
2822251118
2843242863
2830712940
2829599804
2830646276
3103269888
3092997120
4162478112
4162482208
4162457696
4229432772
4246347140
2134514052
1580866437
1585056151
1588398486
1454136470
1454137479
3601657999
3602825663
3600081839
3751076847
3755271015
3755439974
3755441446
3748994358
3749000486
3757511982
3587573086
3587573583
3570743135
3562303487
3562040815
3562077695
3562143197
3577871839
3578920927
3612604231
3344102982
3344168534
3352679030
3319100262
3579271014
3579266535
3587529975
3587538133
3621125317
3604471005
3595951613
3595888125
3746883423
3746883455
3612735039
3612825134
3612821294
3614891310
3614899519
3581918271
4118658077
4124949533
4108172556
4108172548
4099708164
4112299028
4145935461
4145960165
4129166565
4127589543
4127591847
4274392999
4270001909
4286783045
4253103631
4237321743
3700483598
3696289582
3695245102
3691050366
3712087422
3720607231
3183672829
3183730173
3217153501
3208699357
3208695261
3208893949
3049447935
3032670719
3024352239
3024442989
3025489517
3155512861
3176480269
3210030861
4275381533
3201660031
3201811583
3201746175
3193427199
2655485134
2672261582
3745868750
3712232446
3712298478
3578213854
3579252894
3588174014
3586003375
3317567912
1153171960
1153221448
1143508744
1143511816
1412082456
1412344584
1411820296
1462156107
1981973450
1983087050
1983021466
1985147050
4132659370
4132511918
4149420206
4124186014
4107419551
2094218139
2094086911
2096118365
1559247645
1425030920
367015688
367014168
358822168
354619704
389230968
389046776
386982296
385918393
356552187
356620762
356759882
357808458
301042138
295799258
329633226
363020746
347210063
351404909
284304229
275785572
271611248
269537648
856789328
840151300
839024900
843297540
843168300
843102765
860920366
860916270
1930791230
1930841166
1983263958
1446379750
1446904038
1592656102
1588470098
1605002755
1571546627
1554574849
1554558480
1575527968
1601803824
1580831248
1579922224
4264140064
4268328992
4286285841
4252743875
4231773314
4231787938
4232016806
3962516118
3828286134
3832350374
3836479142
3836491437
3836490732
3837535052
3854312200
4152107784
4148109880
4147527224
3077982744
3053340984
3049052459
3081566266
4155309130
3605840010
3606888586
3598696634
3613274282
3579716026
3562938778
3697157535
1558130029
1560031020
1559506712
3699125768
3711713032
3443010856
3709363496
3713647640
3716923480
3716805081
3481854873
3482886811
2409281210
2375735982
2379827886
2400979886
2400455086
2268469646
3476434126
3489014990
1337401599
1302343853
1306534060
1295004836
1295021236
1292944580
1292938304
1295101184
1294052610
1294056198
1298373382
1303616006
1337145878
1335040566
1199774566
1201080750
1201015213
1205668012
1194613900
1194626188
1192732044
1192666524
1460905372
1462871900
1428205087
1365350942
1944164894
1906547262
1906481726
4054235759
4092001260
4093103084
2440355836
2469778972
2470303244
2469225997
2469144095
2448170798
2443971886
2175408174
2242517038
2242578734
2243430686
2379761934
2371397710
2346297471
2329652461
2331745500
2331741580
2398855044
2390333060
2654570148
2654574496
2654707104
3174733985
3157964979
4231702723
3975850177
3976177729
3963398256
3961826560
3978732801
4012032771
4012065570
4011860258
3978305890
3965986146
3974381026
3970238946
2897087474
2897087187
3099359811
3149687618
3128815426
3128862018
3195961602
3195962658
2935784738
2952574754
2918770289
2902173284
2893578980
2889413284
2889642676
2755408540
2754884268
3845398956
3882942639
3887136922
3887146122
3885115594
4119996426
3048351758
2511738926
2427783230
2176133390
2243306766
2243297550
2243887918
2243896103
2243765031
2243704359
2281440801
2281440817
2264729361
2264732983
2264663335
2263616615
2397833319
2414631038
2406045790
2406054366
2406169054
2372550094
2372550031
2221553039
2221553053
2221424060
2221423036
2222725532
2222741916
2167765437
2165795247
3239536942
3273092414
3340070174
3340102926
3342724366
3340762382
3340360975
3309881615
3314075933
3297364445
3448765373
3448762284
3444047276
3439578541
3473014173
3472976271
3472976271
3351341471
3351468463
2277984751
2261207871
2278551311
2274209551
2208147231
2174596911
2159908647
2159839015
2164035363
2162003747
2152565619
2152717271
2148530645
2165242325
2182003140
2198518208
2164963776
2148051392
3221794768
3490230208
3490229616
2433453153
2181729377
2181745731
2181699778
2185902274
2185967842
2194160546
2206935714
2156542630
2156600006
2156399310
2157451870
2161646127
2153265471
2170054927
2203674895
2203707663
2202655535
2211302191
2211301734
2177731030
2177874423
2177874407
2169485797
2170403285
2203958212
2202926020
2202925764
2202892884
2211412836
2203024165
2203052325
2165304359
2165308535
2165281879
2165281231
2148373455
2152511182
2160893646
2156780254
2156911338
2156919786
2173630954
2177820907
2211375355
2195694793
2195698889
2189275357
2182919404
2182911212
2181926333
2182008509
2182020757
2186215045
2190306949
2190245813
2190224559
2211195119
2152675439
2153646367
2153650974
2162043422
2164013598
2159811102
2180791870
2180849471
2214528319
2180783421
2180807964
2180799836
2180827484
2181025244
2172638700
2239755245
2237526699
2237518522
2236210842
2236218042
2236218026
2236218282
2236332474
2270935194
2270932042
2390335499
2398855179
2264637451
2263458091
2255333167
2272104239
2238614127
2221574895
2221579181
2499390380
2516102044
2549656204
2539433604
2535435908
2669620916
2669481701
2635468775
2620787814
2629182502
2627871798
2627941398
2493527046
3294946503
3558124741
3573983364
3573983360
4144474240
4144933264
4144929408
4144930496
4144938560
4144920064
4112384512
4111860256
4126540323
4121244514
4121166178
4121167074
4121167078
3623097494
3612636294
1443228806
1376117894
1376101511
1392943247
1392963790
285655246
285556986
1347678570
1355989290
1352042281
1890949640
4038375944
4038375960
4042566200
4050958872
4080311817
4063658507
4130783946
4130734810
3862299370
3861255150
3890421998
3852476526
3853520943
1687162905
1687445512
1690625032
1678044424
1678092600
1678232344
1963903705
2001664667
2001591947
4143711882
1994654346
1990267802
1990406314
1470312683
1420894313
1418797112
1422928904
1146120204
1141942556
1142139197
1410513175
1427282182
1446413574
1983283974
1982759494
4129985105
3861557968
3861557936
3861570208
3878380193
3844682403
3828093602
3832290726
2783185062
3852474542
3886037166
3853662366
3048352975
3048434893
2511399949
2515578141
2507251501
2507382572
2540953132
2549577277
2545234447
2545168910
2545234798
2511811050
2516386986
2491156730
2487048394
2218092618
2218092875
3577047499
3574803913
1460807049
1460864409
1459815849
1464012968
1464033704
1464050108
1967239516
1997649180
1647426836
1646311700
1646307604
3793795860
3793984004
3793915396
3810690564
3828761092
2755002996
2892894886
2896443046
2896437158
2896174254
2896173230
3182434462
3218095263
2680302793
2671914056
3754110216
3720359704
3447795513
2374184299
2374188138
2374048874
2369783914
2365655166
2365786382
2369988879
2374184207
2374051167
2374071791
2240863719
2274413991
2280689063
2271316403
2204208019
2187565713
2204282545
2204280467
2170726035
2153947859
2221123539
2221125107
2221127795
2220922931
2216724529
2216753169
2233657345
2267211777
2254629889
2254626065
2264026931
2263965491
2396028723
2412801827
2412801827
2245099299
2228440611
2228440627
2228440659
2245089875
2236635763
2236664611
2171652451
2180372851
2180315507
2180315635
2213927923
2205244371
2186370003
2182290291
2186508595
2186471699
2210588931
2210572291
2244192339
2228263139
2228522483
2220133267
2356513425
2352454289
2352216753
2349947809
2366773665
3474077873
3406964865
3373411459
1230122114
1212361090
1212164530
1212181411
1228962483
1229060817
3418488515
3402759875
3402759890
3398696562
3400629874
3400563554
3400546658
3421575266
3388151922
3362986195
1215371473
1215314161
1211116769
1225866481
1225866449
156253635
156265811
156298610
156284258
189903202
190034290
190034258
1263776066
1263636754
1230016803
1230026019
1288943411
1288877587
1288877575
1288885767
1288888069
1280744709
3294070837
3290400821
3307179205
3340733893
3328149445
3330114263
3598029559
3598037734
3528831846
3545477414
3520307495
3569459239
3569393767
4106526821
4098143461
4094467573
4094545335
4094282663
3830173607
3880484775
3863689095
3860804487
1846948485
1846948541
1850811309
1859133864
1854939624
1871716472
766537736
770761993
745579785
745581833
762363161
762549515
762549515
758220043
740525323
741508587
1815250409
1819465129
1826867129
1826702235
1843463067
1835209691
1830949211
761409851
744629547
681717035
950217003
950221083
951139595
951072011
468980495
450319119
450286367
449295143
440771365
440705893
457482981
465871585
465876705
423999441
419938257
420462035
420444659
420362610
424556658
1498291234
1506676018
1506673938
1540244802
1540147011
1540155347
1540138467
1523361203
1523561619
1515107473
1531892881
1531632819
1498340771
1498406819
1489886883
1556993699
1556477619
1548007041
1564784257
1564782465
1598291409
1598216657
1581698513
2118602099
2119521635
2119398755
2121494899
2121495922
2060547443
2077326803
2035382739
2034268627
939539441
939540449
939605857
961689459
970069331
965870930
2039481458
2073060594
998302962
1002501330
465827282
1539495922
1539561203
1539438304
1539371872
1506930992
1481855252
1209209092
1209151749
1209155335
1213348615
3369212694
3432188198
3432061238
3448782087
3451143175
3451764739
3455696945
3439038561
3439042673
3439043027
1291559379
1283175907
1278840291
1295617250
1598000210
1597938690
506434563
1059557395
1059565619
1059495971
757248099
790810979
796116451
804378099
793866737
793862609
789651921
756097521
1028732897
1012209377
1022697120
884416176
901201536
364199552
397752000
385160897
116725329
116733474
116729634
250947362
250947378
251016466
250479874
250479874
262866178
262739730
262763282
262796083
266986288
267117360
258598192
225031536
204062064
204193776
204184529
204180433
208374419
208379827
476823475
1550556657
1567202545
2099877104
2133439728
1865002096
1848355952
1848356192
4012878304
4012358624
4016430049
3948956641
3916451747
3914362290
3977258386
3977455026
1834180002
1834044834
1840303522
1873923491
1873927635
1873931713
1869671873
1865477441
1865674081
1865571809
1835159009
1826770915
1826836467
1826836051
1826713155
1818259011
1819372099
1836214899
1861372787
1861356371
1861290819
1861237571
1851797315
1851926339
1784812866
1809973586
1839268322
1822425570
1823483378
1756390850
1754328514
1758505411
2085730643
4233214291
4233346385
4258444625
4287796565
4004681077
4004763093
4008738293
4017126247
3845217127
3845327655
3828550423
1697724166
1697850119
1731339031
1735537447
666047277
632295725
1018168349
1013975053
1014237261
343214301
351688941
364280269
363752911
330133447
334481351
334398934
334410230
317694439
309109237
321692116
859804620
1931445228
1929675244
1900322281
1908722026
1887877466
4106660170
4106660826
4124486378
4158041818
4141139850
1993654415
1995915453
1987977388
4131332268
4131332260
4147520676
4113970852
4034283173
3768829559
3768635911
3785417231
3818955278
4087652874
4087652907
4050121259
4079377963
3056487211
3056257051
4130076729
4142463035
4138256395
4138262539
4125843466
3693744458
3693740506
3693740266
3697943022
3702206759
3752461077
3735626253
3735578188
3597201116
3609783224
3693722520
3697974152
3699036056
3706376089
3706242971
3697852778
3559715114
4096647466
4112965678
3588678686
4155939854
4139093006
1989453854
1985260590
1981066278
1981191191
1985380357
2011087124
1885258084
806928740
805879876
537452548
554234916
587778084
571443509
575580727
585017895
1721412149
1874562629
1869120452
1831371460
1831518932
1831531108
1814700576
1818767904
1827152417
1827414306
1827419170
1823213618
1823426578
1823397954
1823385666
1874766018
1728031875
1714208896
1714209152
1714230176
1714238117
1717904037
1743068839
1705319086
1706367678
1706310302
3851693966
3851691406
4153681359
4287952651
4290037257
3618940425
3756303928
3756384824
3722932776
3718693672
2629222761
2627122345
2626140331
2495912379
2488568218
2501151626
2534915978
3610682762
4265014730
4281732554
4146466155
4112920367
1948659503
1961243423
1957036815
1973682447
1973481855
2011209967
1984996455
4127242262
3858864134
3812866054
3813914886
3814169358
3776300574
4045293118
2971543150
2977572591
2985953007
2980580711
2984774695
2985823261
2448958477
2428232709
2426316549
2963183123
2963181091
2967243553
2958858337
2956499169
2973481104
4062899328
4062865280
4130210432
4130210464
3861848737
3873710755
1722032614
1738814502
1973697550
1973692494
1420175438
1420175566
1436969182
1438107887
3719625917
1442096588
1441833932
1433514580
1417122356
1417074212
1411773988
1411655456
1428579681
1462136867
1462157363
1450623026
3597767730
3606088706
3606095878
3603994886
3620965126
3587607046
2512833094
2648624758
2648688230
2650563174
2684121830
2532893414
2532893415
2532889533
2524475789
2541510812
3024014508
3022948588
3157182556
3156658188
4230346764
4229982477
4229981709
4247917071
4281729566
4283826814
4292678382
4290519527
3720094951
3720088805
3720101061
3451661509
3300877447
3295606006
1143403750
1144505442
1077067794
1093813250
1104307463
60180228
43405124
318163660
1379306140
1915140764
1982245788
1982896809
1731233451
1733333722
1729135114
1865458234
1830871594
3961872938
3962528046
3991589934
3920281647
2880094269
3148464140
4223262732
4225410376
3680160744
3663350252
3659205117
3659151503
3730450574
3730717886
2675703966
2650083470
2629173646
2629194463
2629296877
2362761767
2362761767
2361713191
2357518902
2358699574
2627194214
2363242726
2356938919
2352876711
2352349315
3426091137
3426107585
3424006404
3356762885
3361007397
1219799589
1505077797
3669408285
3664677389
3660089871
3660091295
2049479854
1517007022
1526440174
1526259822
1532518438
1477992499
1478127651
2015031587
2015031841
2027599392
1773833824
1874496192
1856670400
1848216192
1848217216
3995836048
3995776672
4012767136
3983338656
3974391970
3970193574
3986970854
4025571558
4025645126
1850895430
1850895366
1850830134
1851088230
787832166
787959286
787959286
787830262
779449815
775364935
773267797
643244316
644952412
653472732
569587340
552801932
1626803868
1620511373
1955928719
1955936926
1955887774
1955883678
2146708190
1593579294
3731764486
3731562774
3731447846
3748225058
3723227171
3706385651
3706369473
3719861633
3717768592
3730351568
3728270801
3745507217
3577640881
3563982513
4042132135
4038855399
1895050215
1886660903
1348741397
3513136389
3513135365
3513192709
1373967125
1357207349
1353997925
3566492389
3582200487
3347319463
3330416309
3334607285
3326226597
3327275237
1204822261
1167073487
1150312654
1150416106
1142003946
1141999850
1142130890
85125322
51570890
38985162
49432010
45499274
64308138
64250858
64283498
1096085818
1366618394
1350361114
285008938
285207851
16514857
16371240
10044968
14303756
71971340
67707404
1141436708
1141428260
1141474413
1154057357
1201310861
1184532621
1186630028
1185585820
1190919868
1182540460
1182540457
125051883
225771818
208125994
1549839406
1545644078
2082514950
2082650374
1546028551
1583710919
1582727815
1581683333
1577513651
1577853666
1577853922
1591484514
1455166503
3601730598
3622701062
3580762182
1412327622
1413381318
1161709006
366739950
345769386
345517498
1419389883
278538921
278600360
282603176
274211496
276587080
1350361352
1366073368
1097703464
1092987944
3240593705
3275213625
3260467769
2190396955
2190393866
2207236874
2173211450
2223553322
2223614762
2631572458
2633665210
2640874126
2657661581
2653532812
2519315084
2519523988
2989258148
2988866720
4067835040
4076213408
4086768768
1901338753
1345724551
1345720519
1344668934
1348931350
1353476663
1352985141
1101835060
3282876676
3538786564
3539897604
2466153780
2529067525
2529071621
2545844821
3047785185
3051915232
3023630820
2956730597
2956927205
2956861927
2692624870
2701006822
2692550382
2692484094
3759435262
3780437455
3788301257
1640809160
1674330696
1666126537
1896758987
4048435946
4048435434
4040960234
4036769962
1891380362
1351888010
1350841482
8716698
8520110
63046062
37888167
34742467
36843523
36716551
36757543
102818093
119594280
73845000
73828616
82742024
79596232
1152748168
1152687800
1169467048
1202754234
1184011178
1184035754
1179673002
1175462062
103817454
120729622
87175174
69214231
2105372
2325772
2267916
6461964
1084656140
1084656132
1168412228
1201964725
1186243519
1320583869
1316402093
3457409701
3457344231
3725779527
3725759303
3728835431
3737163630
2659233646
3196104142
3196239322
2542188015
2546893295
2504835583
3021562831
3021629259
4097470251
4114336047
4130195502
4134504510
3061745679
3061681167
4135362573
4133007628
4149904332
4099588780
4098499245
3024691901
3033099927
3029982119
2761460135
2694613477
2715588933
2740758797
2736170764
2736169484
2788598277
2787623461
2787378727
2787913255
2787905062
2787905446
2800487814
3064730758
3047830662
3047830662
3081399430
3064768678
3064768615
3061626933
3057428484
3861816324
3861815300
3845038084
3828265764
3828269605
3962454582
3962505854
2888768246
2892765926
2783722470
2796292334
2796228814
3081384142
3047829967
3047838669
3047872172
3047746476
3043551660
3040409772
3040614556
3021870477
4095095439
4099289742
4103475886
4103346094
4107545838
4157892726
4133398534
4141787142
4141394951
4141399301
3067643412
3059385908
3038425652
3206193700
3208372772
3207225972
3211407717
3068671077
3064728677
3081571555
2515418131
2498636817
2431528707
3505270530
3496881986
3496832706
3492497058
3492430466
1344946818
1428935298
1429796786
1430056867
1417472354
1415375138
1417435394
1416514562
1416512514
1382753570
1391072754
1189746562
1189742466
1189676435
115877027
116925603
116925603
83567762
83502278
79300039
83625839
83649069
83681833
83681848
75293240
72655672
341092152
341162776
341228297
340957467
272861498
272731482
1342419274
1346605386
1078165771
1346732329
1356170025
3503728425
3505826623
3501632271
3504311055
3588000622
3620515566
2521626317
2521715404
2254050252
2256146812
2264543588
2264605156
2532909476
3554157492
3548914614
3532407214
3532439726
3536617646
3594825898
3607400842
3558125194
4095126027
4097223177
1948690969
1953470761
1957465129
1957199885
4104900623
4109254671
4096741485
4097584356
3156093284
3189131808
3067496960
3063379456
3062948352
3062948352
3062952497
3604271654
3600072806
3585921254
3702276322
3706524754
3626449922
3627427842
3625330690
3625380354
3692489235
3753822929
1455344257
1454132865
1454129793
1185764017
1450128035
1446781603
1444700579
1980555426
1981604962
1986834450
1994956803
1726522373
1651020804
1663730692
1898613764
1948974084
1948937076
1948912293
1954155173
1895369407
1895303823
1895565966
4055109550
4155978158
4139196526
4139016206
4160020494
4101021710
1953669407
4101150271
4235300399
4243622447
4241525289
4266101481
4265977565
4261733261
4194623949
3712233677
3695509813
3695576357
3696110883
3697158435
3705551154
3705542738
3439205570
3455992962
3481191554
3463348610
3463086466
3337323346
3333132818
3332944419
3601375781
2527634980
2548606764
3086528316
3044642172
3038419420
3071974900
2803801204
2785971412
2785447108
2786514388
2790708196
2807497444
2784297700
2774868613
2758222471
3840160678
4108591598
4104388846
4104389754
4105649178
1354180618
1356146698
1423255562
72755466
83763019
79578825
11322056
11322040
25020328
34920424
34662249
302051661
302170575
310563006
310436014
310436014
310436014
323002542
285454767
1342408667
1342671371
1342605839
1348377103
1358866959
1354738191
1370271455
1403814557
1388102285
3623764621
3579716253
3562939309
3562284197
3558090981
3576961063
3548321863
1114515655
1122970823
1118703815
1118699907
1102971267
1086198179
1152737698
1144316386
1143001378
1159774482
1193525510
102818054
111210814
1185084682
1168301321
1302759720
1299482920
3442772329
3441208265
1327480521
1310622283
1325302346
1321128570
1337913963
1337516911
1324901677
1312378165
1310346261
1310391300
1310387204
1310450689
1312477187
1312477187
3459960897
3443180017
3439051425
3300476576
3298641588
3298624180
3298624100
2224830180
2226923237
2225875943
3320588454
3311675558
3307489462
1161226374
1161211014
1193190534
1176416390
369926310
307011815
1381806183
1377612903
1396483287
1346233815
1345218115
275660359
1357776391
1353584149
1357126196
1373908772
3554962468
3530337316
1928180788
1928107276
1924962060
4069295485
3532426415
3532429487
2454157550
2449881327
2466656487
2483429607
2488672773
2492867085
3702993467
3703312954
3300686378
3300715498
3292039342
1142659222
1142941830
1144923270
1144398214
70652303
24249271
28455910
26423074
13642546
13658642
9501218
11843106
1085571666
1086292867
1136558977
1123980672
107923840
103745936
107416496
115810192
111228832
111157600
106963233
1193304357
1159759157
1411425543
1411429639
1415689495
1419883798
3566319414
3565391670
3515059830
2445449966
2437085926
2432830182
2437286374
2211330534
2173578342
2174626838
2178692102
2212238342
2203849990
2211264278
2207086359
2207053687
2207041511
2173470179
2157741473
2161941921
2155658720
2150473200
2150536464
2150543616
2201923840
2185142532
2468258053
2467278101
2433517941
2970388965
3020720820
4098800308
4258196212
4291192516
4215681605
4211487235
3675468322
3641712674
2572166178
2563841074
2307012610
2307008514
2340497410
2323654657
2323654912
2323742464
2323969828
2391078692
2391066468
2261045100
2211401573
2211268965
2202814823
2203867639
2203941367
2212329983
2181003774
2239757790
2373844446
2372795870
2373828062
2373828030
2371861918
2371336606
2371074462
2400435103
2266217357
2266102220
2265180492
2231528716
2244093196
2172788780
2172789032
2157072680
2228568360
2220148520
2216479721
2349648381
3423455711
3423459534
3360512206
1229864142
1258696782
1241919750
1241920278
1241653814
1241588342
1258300022
1262497398
3418389366
3414285142
3414415703
2323904853
2340552020
2340484436
2340483900
2407846764
2407909228
2278018924
2210909037
2212350309
2203896167
2203900271
2206071167
2206071135
2205153631
2205153631
2205153631
2205153663
2205153663
2272262519
2273311094
2239625686
2239625686
2238561718
2221784502
2221259958
2221260214
2237904310
2268312983
2251534724
2249437572
2382537668
2382538500
2652286724
3709315861
3692489013
3692456247
3631626261
3640003605
3637969172
3637777204
3645112861
3645179485
1531186902
1530931830
1262496622
1262500910
3410107438
3401712654
3397454862
3397401614
3397414174
2323690815
2340460413
2340525052
2340520956
2340521964
2390854380
2395048676
2395048676
2252720996
2271087396
2273188133
2239638805
2222861575
2231246083
2230193459
2225868067
2162965859
2179749347
2162999731
2154598835
2154665395
2154675635
2154674610
2154150066
2150103218
2150004946
2183543042
2184587522
2187210498
2191402498
2191271458
2191292194
2191312678
2212267366
2180810215
2172421589
2171576197
2205137796
2205137876
2200959988
2201975668
2199878004
2202958084
2211343620
2278450453
2275370277
2279398693
2381630821
2372196711
2372196455
2373277815
2373155191
2373138807
2373069685
2379426677
2379295573
2381331285
2381323093
2373196149
2373261687
2239060343
2239060343
2273270647
2273302871
2272132439
2272130391
2171457887
2171459071
2171461627
2238577658
2238561274
2372779002
2372779002
2372778426
2406463898
2406397066
2414784906
2414260635
2405544637
2367731373
2367749788
2368944788
2366782132
2366778084
2379361637
2358455525
2360423669
2360358037
2226128005
2217788549
2215742597
2214836357
2214766789
2214832453
3309481221
3348271879
3331506695
3266474510
3266454254
3269607086
3278244783
3273918891
1093929387
1091840142
1074097294
1073857678
1095860422
66302166
56729846
39953638
40107250
48372867
49421697
45236097
312624017
333562784
291562464
270573860
807444764
807449096
807509528
539204156
539212316
539212317
589412893
1646368989
1646501005
1646428300
1646706828
1646424204
1717756900
1721950757
1721786917
1721774630
1717839374
1713646350
1999448110
2087598190
4239263982
4239263886
1488850063
1486168463
1553211855
1284776795
1284514618
1286667562
212908330
72452398
68258158
336694477
336049357
336045261
337097869
286702751
320772271
303462583
303434166
307366839
852625045
850539156
313664164
312484516
333456100
6300500
2126084
2216212
6348087
14736182
10525490
10598706
10991890
1134991618
1118747714
1122926722
3333063041
3333063056
3333067680
3333989024
3321669152
2485956128
2485956128
2485501728
3559318817
3559355683
3576038179
3609593474
3592822402
1382419074
1382419074
1386481826
1386481826
1386494114
316959942
308322502
308322375
316715071
317755438
317752366
305170478
304335086
270670302
270678734
274873998
279052934
278987415
278930085
278930149
283174245
274769204
325100804
308458756
304254724
841124357
1914735397
1915005221
1646569509
1646570533
1646761013
1664008389
1630421381
1614684855
1614684835
1613629090
1617235618
1642336162
1637891490
1671445666
597702790
866134214
832579783
300099909
23230917
23099877
23132645
291567973
300023125
291634517
291634549
287439221
287431031
291756407
325179767
333511015
299956599
300013943
291690837
325253445
321059141
320929141
325123431
56663335
31702326
14860082
10731282
14794498
14785794
6528259
6534161
6419505
23261233
56816899
107104003
107089410
107219490
509880866
509881126
518990102
514464029
514329964
532153772
1339585980
1293738396
1293738925
1325785775
1313339102
1317496398
3464705558
3465744950
3482456878
3350597678
3317649450
3304865834
3296247882
3296245193
3302730120
3319507336
1197189528
1176230280
1109314440
1111411592
1110865800
37122968
53670296
52605336
321102057
320905453
1394647335
1394644275
1365347603
1902287379
1898101267
1898101265
1902164529
1935915537
3806501381
3806764837
3873805351
4134850598
4129574950
4062449702
4079236102
4029033478
4033231142
1889929954
1890978482
1351944851
1351891585
1350838912
1132736128
1117156224
1114800512
1110540769
304120677
320906023
287354119
270575618
811636786
874682385
874690561
874969089
1009218561
1009149473
942019297
981337731
989202051
446957187
1520436915
1520440546
1520443618
1521495266
1540368578
1229990086
188836038
193157586
176298433
193075008
260182784
223494960
221266724
70312740
70313460
68201934
83929502
88115646
365140414
394508702
327334286
327333261
327321484
1402046460
1397798188
1395897636
4146304308
4146112292
4146112052
4280460820
4280718900
4281779765
4280174101
4284089623
4216986734
4224392430
4225251502
4187503022
4191759262
4191694730
4191692682
3629658506
3629846986
1484394954
1281962458
1290544506
1290536282
1152126430
1152195998
1152204189
1152672924
1156866180
1146474628
1142341828
1142325572
1077329156
19310900
52537701
36084183
36096391
40291719
48742789
44384661
44454292
48394660
56648101
52453862
1092673830
2159414
1076024070
1080218390
1084330278
1084538150
1084536886
3299719190
3299588118
3312113922
3341469954
3463104391
3471458949
3467182724
3467117236
3467125668
3471434660
3488202148
3311962532
3308042732
3308038476
3610028364
3610094860
3592924940
3609700108
4147557980
4248220284
4248212013
4235624997
4235511599
4252260143
4252777791
4251729183
4285021535
4293606639
4293533103
3215596971
3220905371
2650617739
2583455691
3647792986
4192511770
4255422234
3181481754
3181878570
3181886510
3185947694
2636431486
3694461178
3694596490
4229309322
2081826490
2094410411
2090207912
2092174248
1421085064
98838668
119809228
119722316
86159620
87073062
120628514
124826658
1190239266
1190304818
1186118658
1119010242
1119018371
1118195075
1135497105
1101860512
1085025952
1088712608
1076129696
1076133284
1126202804
52521412
35744192
52550608
325245813
325245269
325089621
325085557
325122421
23320949
23222597
56817989
39975412
39894500
308321652
308517140
1914943764
1931585844
1885453108
1893898756
1889700356
1889765892
1889599013
1893744358
1902126758
1931486630
1914765478
1919025390
1919025358
845152330
828384266
807528458
807861002
807881226
811940570
811940506
820451979
833033097
866320777
316866971
316694959
308306407
325101031
862096722
862162195
568368929
1642110752
1910619956
4058167829
4058167829
2435037717
2434800183
2418022966
2434997014
2174892326
2175151142
2175142950
2276723742
2277250126
2277295302
2281473159
2280424839
2272236951
2272182167
2272180887
2268052119
2268052215
2268003191
2267969911
2267949559
2273191061
2516459669
2499682452
2226467252
2230321572
2230321572
2219837348
2215672788
2215668485
2217798405
2238835461
2259856647
2259860743
2260110599
2277362726
2281229614
2272841006
2272975646
2255105806
2255040031
2254972479
2254971711
2263490925
2260357613
2260484325
2277295335
2247396567
2239006791
2234947863
2237049111
2270603543
2270603527
2271124743
2541653271
2541585445
2541520229
3044910957
3179130621
3162287869
3158169325
3158296303
3158262511
3157095151
2888595439
2901212399
2897008861
2897074396
2913859788
3178096972
3175033356
3174964748
3173909005
2670600767
2674663974
2678862886
2662073382
2663124086
2392075462
2257923270
2257856711
2262583379
2271070323
2239678739
2221865235
2221862162
2221862162
2221784339
2221706579
2221903187
2221907409
2221915601
2221784528
2221775056
2238560464
2234498288
2537471217
2537483505
2669569523
2669553650
2669549282
2673745634
2661170914
2677881842
2661039058
2258385223
2262575367
2253138695
2253143829
2261538621
2261639997
2257429373
2274140669
2542573037
2546765229
2513209533
2505869813
3040708981
3074332725
3057563669
3056512005
2788090933
2922275879
3995931687
4000255014
4000189542
4008589382
2129541574
2129529542
2129529543
1588533959
1588542159
1588542159
1588423375
1588460237
1605221085
1575852749
1575786956
1433188556
1412278484
3559909589
3559594101
3291093093
3291093863
2230001255
2158575222
2226732662
2226727526
2224630374
2224569062
2224560806
2223819438
2229046958
2354880446
2373697438
2356919199
2356788127
2352593821
2369362397
2369632525
2403199245
2402167821
2402167855
2267950383
2238582063
2243824431
2243824190
2243705359
2175539727
2175535631
2179746639
2179779423
2171452895
2171452894
2171453343
2154665919
2154804671
2154803645
2154280381
2154280380
2151136668
2167912844
2199038861
2182261069
2249369871
2251533071
2255530767
2544940815
2545333021
2677449516
2677450604
2677311204
2675214052
2654242484
2671608468
3175002773
3157697191
3170279855
2899607726
2899615918
3960766699
3828646921
3827611657
3827755016
3827755272
3827718440
3857058664
3819244280
3806598793
3807650442
3799319178
4076208810
4072014762
4071882990
4137944110
4137970702
3601132550
3601116166
3601114117
3601184533
3332806437
3353790309
3295036405
3291873671
3291873671
3296072158
3572850798
3572819050
4109674539
4109674777
3832920841
3849689609
3866933768
3862739720
3862728968
3861676040
3861356584
3861307432
3995476457
4012258219
3966632618
3975088826
3970894522
3970710203
3970726905
4021087241
3886866441
3875332105
3862814728
3862945800
3877560616
3877557864
2807975656
2782547656
2782481096
2784516808
2783459833
2817009919
2817211599
3064606926
4071231982
4071298030
4071371694
4058259886
4033093806
1882665150
1343619230
1343295630
1346383238
281045254
281073670
297847814
332906502
49717519
49717517
308708104
305040904
306088460
1384024940
1459395049
1459399083
1451000715
1396556427
1413350091
1412305487
1412313639
1424909601
3568101409
4104955937
4104955907
4054755331
4067331587
4063003347
4063068819
1647219330
1647202946
1647186594
1663840422
1617704110
1621367983
1622416556
1620456600
1619140744
1887445192
1908416776
826410504
818052632
814934568
814869099
833661674
833924762
846496650
304447898
304517274
372699338
370569326
907420718
907291686
907291766
1025384646
1023025798
1018843782
950715011
950764177
950568609
951888609
2029824545
2034023203
1765654323
1798809107
1781969410
3929195010
3945972290
3957507682
2846312422
2847165926
2849270254
2840881610
2941610058
2948999386
2949074154
3179551994
3181130971
3181187163
3166568761
4106110252
4109324580
4110283056
4101562640
4097372416
4095332608
4095407552
4097477552
4150176688
4141779841
4140600195
4131704707
4127508371
4127486883
4127679330
3067552550
3065325350
3065265958
3065323270
4143918406
4068228214
3525053670
2480610790
2426013125
2426019660
2157456924
2161650236
2218277676
2235046685
2239433997
2277115166
2275295534
2409287982
2409165294
2392371630
2331541934
3392771205
3409820804
3409946816
3374295040
3374229504
3373180928
3406735619
3418794242
3403058434
3394666754
3392635714
3394733042
2325210083
2325047139
2325557091
2342264163
2296125922
2289572322
2298091954
2298100626
2562443955
2562235061
2564337332
2556211092
3093079796
3088884276
3155993140
3156059664
4229426736
4229425712
4095040035
4097055010
4097640674
3765045378
1911168130
1923806338
1923802241
1927998592
4063127680
4130228352
4129704912
4142336544
4272172576
3198428709
3215204878
2644779534
2645304878
2582132526
2313684078
2313751742
2313778334
2313941134
2313920654
2314969229
2306450572
2287577020
2349578980
2618202708
3691944448
3557730880
3562449648
3562507168
3577579425
3544109443
3526246530
4063101058
4147003570
1965510882
1961123874
1974234402
2007789314
1991174658
1991170562
1991167747
1986841889
4130128928
4130628704
1997891040
2002153140
2009476752
2009411201
2001026945
860296577
827195553
835649697
819794145
284958739
284976131
285010946
293375234
326535426
309762306
307673346
374713618
1448602883
1456923969
1607877061
1574306775
1553859319
1558124087
1557936675
1549544034
471083682
336865699
341077121
374390912
919765120
1044545664
2118295936
2118231712
2143332896
2138090272
1864411425
1847634177
2116192257
4267875347
4267873282
4267885618
3933389858
3926934562
3943980386
3948378082
3923146435
4170609601
4174869440
4166283712
4229181904
4229244400
4250284000
4258732768
4237642465
4237777603
4237818563
4242013122
4101294530
4101819554
4151170210
4142821539
4134416512
3597603200
3592880516
3593933732
3581223652
3501469228
4038339116
4037339677
4037323534
4037323598
1910810318
1915192014
4062610126
4062610126
3794711310
3861888302
3861686319
3861686319
3878152238
3844500858
3844473290
3844998026
3832349610
3840672682
3835967403
2762221992
2896505336
3164944840
4238612808
4242812232
3705939784
3584296924
3584312271
3584344462
3315700134
3349193126
3475013862
3744759814
3711280134
4231112710
4096108549
3827738628
3827743236
3832977924
3850275332
3860759253
3860644503
3862708902
3861643430
3794534566
3815507110
3773565174
3836622867
3836619011
1689185027
1689119235
3836521985
4105150723
3857620995
3996094514
3996102882
3861573794
3861529778
3861776787
3865971363
3874298529
3890494117
3856953000
3856985752
3890260936
3869288473
3873482793
3865094169
3793792009
3793920008
3793916168
3793928744
3794190888
3789868652
3768867564
2695322564
2700506500
2692034692
2688295084
2688299180
2700017837
2729313199
3803058910
3803124254
3803980314
4072415770
4076610826
2449156106
2427070490
2494183434
2494187787
2229984075
2217266827
2217231001
2280129209
2276131517
2259293100
