3040048469
2536714583
3543339350
3547468054
3555853078
3551724318
3551596862
3551536426
1404054826
1404381498
1102526490
1102518281
32774408
22809928
51119608
51134952
34140648
34140648
50983402
17494506
21688810
30061050
25932138
59355498
59289962
42513770
1116257338
1116322842
1116383242
1137371146
3242878986
3305863178
3294313738
3436853018
3432649242
3432714810
3365417530
3367514922
3371713323
2296926507
2305316715
2305382251
2305382267
2305388379
2313777115
2313938939
3387680699
3387540409
2313733017
2313811353
2305424793
2305415609
2339101609
2339101675
2305551163
2305549578
3387547914
3387547931
3387543849
3387547945
3387683176
3387674088
3379284456
3374959096
3374963033
3374967562
3375098634
3379291402
3383488778
3383345434
3383345514
3387544043
2305397161
2305536441
2305537433
2305535417
2305403321
2305407417
2305538971
2305539035
2305552139
2305422090
2338976522
2347495706
2347393323
2347393323
2347462955
2347255065
2305379657
2305380169
2305511241
2305494985
3379240393
3379117531
3379111163
3379107035
3379106889
3387633929
3387646233
3387647801
3379132201
3379115321
3374912793
3374921051
3379115898
3387635578
3383443034
3383303770
3387444858
3379058490
3379132282
3379159387
3387547995
3383484761
3387548137
3387540969
3379153385
3374958955
3374971194
3375065370
3379260682
3387646218
3383484682
3383345467
3387539817
3387539817
3379155304
3379158504
3379165688
3379165657
3374972377
3375099353
3375097305
3379294665
3387684297
3387551192
3387555305
3379153385
3374959979
3408508234
3408634186
3412828490
3421217274
3387662826
3370881449
3370877096
3370750104
3370758536
1215027096
1210797756
1277889196
1277827756
1278880396
1295673991
3474893702
3462307206
3336410326
3336352022
3334246710
3332997686
3332997669
3601375780
3605571108
2519246372
3190328876
3190525228
3190459756
2871692780
2825555657
2825555531
2821365323
2821307963
2821242411
2825449001
2833839720
2833830888
2892522413
2888328109
2888328109
2892514733
2766687661
2767014077
2767149213
2767087759
2775476367
2809032079
2724619662
2724622734
2724610446
2724468142
2799969774
2799971694
2799975726
2791783694
2792307978
2792172570
2796037162
2796098602
3198763050
3215577114
3215499337
3215565256
3177812680
2636744392
2636760680
3022618216
3022728808
3026923368
2498440313
2498309194
2498304090
2632648762
2649360410
2682931210
2666195978
2662048778
3467354122
3467227402
3467149848
3467149864
3664286504
3660158248
3660153896
2586545192
3123350568
3123362168
3106585163
3093989962
3102444106
3102313994
3102266939
3102275177
3169380073
3169330856
3169330857
3160946347
3160946618
3026730414
3026730158
3035106479
3030912191
3047888013
3081430156
3086673036
3061491020
3074078217
3073023514
3173756474
3173640746
3177736746
3177716522
3110604074
3152610346
2615869498
2594902042
2594906122
2594710602
2330473722
2347244778
2414550203
3454669981
3454694540
3320542604
3320438156
3320438684
3245071260
3274406812
1126918844
1126854588
1126856669
1093558751
1093525982
1080865006
1349292142
1349292142
1886228511
1886034953
4033592072
4033452552
4046043672
1999354392
1982529032
2116956680
2116956700
2054095148
2061829164
2074348588
2028284973
2028416029
1484137485
1482039311
407314702
146821918
163641134
1237364590
1266727790
1266785114
1250270554
1250399290
3398348858
3398348858
3398078522
3402232890
3393768506
3411626010
3376040250
3380238698
3380231018
3388685146
3388484938
3388486986
3387425115
3379102041
3379233113
3379172185
3379183209
3370740329
3370711785
3370695353
3379149448
3479746440
3479737224
3471414152
3337204392
3329876648
1165583016
1144592040
1077546636
1092487884
1125522204
36972853
36972821
41237509
41291780
41291780
40243200
36048896
36048944
36047920
57085232
124591888
124591920
124591664
91045425
91061809
91062065
225434387
225413394
225151314
225025490
208246258
141144498
149533107
1223405971
1219212177
1219211921
1219211920
1219213044
3366694652
3366563436
3366497832
3370692392
2565385512
2556995368
3626542616
3626541640
3626545736
4181324488
4179350248
4178301928
4216054249
4224574571
4224574554
4291679562
4284335450
4150118362
4080912330
4068298378
4067250074
4067233210
1919753386
1382356154
1390743706
1403326618
1369903258
1369845898
1358307466
1081483434
1077699822
1077701870
1081669886
1375336542
1408941134
1454023758
1458217037
1458090108
1592303656
1583931688
1567221288
1550564904
2087362088
4167736872
4167669288
4167610920
4167606824
3915952680
4217934392
4218991128
4198037017
4265156202
3728284266
3732605226
3597207594
1458112570
1122699274
1122636814
65671174
32112642
16388098
8007682
8003650
8057922
24878274
58427602
40601810
40605874
41531634
41548018
58321138
22640755
5847091
7944497
8075057
33239600
66790000
65757840
65794704
23822993
6917777
6916755
15567538
15571634
10853298
10794930
1088742370
1106568166
1140646886
1136502758
3264856038
3264985574
3264977398
3264978390
3271079382
2264441343
2263392765
2523439356
2523509224
2519315304
2502857256
3022950968
3022967320
2955825672
2686718488
2686727720
3760471848
3831766056
3856927785
3991145498
4016901194
3945598410
4214033866
4217969914
4192810090
4188615722
3685298186
3685314570
2611736602
2611716138
2594938922
2326504250
2330567177
2590552584
2586350200
2586411624
2586547048
3123351784
3123351784
3123347704
3089810376
3089817288
3156921032
3156921080
2892552936
2896752360
2762532840
2762528731
2766947274
2758562426
2770612842
3877974634
3877974650
3877974346
3810865226
1642927354
1638741162
1638874298
1907300490
1907169418
1403853962
1403901066
329773194
1135522186
1135014298
1135010234
1135010218
1135010218
1139696110
1131292158
1131030014
1130966270
1130970366
1139349726
1105860814
1105878222
1202445390
1202254975
1206444396
1172873516
1172878124
1290318380
1290646060
1282381352
1282268728
1210449452
1478814252
1478552108
1478553132
1479603772
1498542859
1532080410
1522766138
1514380586
3661862970
3670063162
3670321178
3670326330
3671045178
3662599194
3662286858
3662287898
3393860906
3402241578
3415868970
3418031674
3401123594
3404223754
3404223498
3395874939
3395875193
3412775257
3379216715
3362407755
3370782043
3362273770
3362269611
3429448123
1282086809
1156256392
1151873688
1152922296
1157116584
1081620136
1077431976
1077731004
1900236
1896260
5756164
30864645
66512193
41348097
37116928
37637120
37684241
36574225
40767761
40768275
49246994
66019890
32469554
15586866
82693650
78629650
78367507
95017745
132774672
107542832
103343392
103342112
237539360
241860672
258642241
157987285
149656565
1219204828
1219205720
1219205720
1219082872
1223228008
1491660392
1491658344
1483502440
2019848488
2020892968
2014651193
2013602619
956375866
989929786
994258970
977473562
985859098
985728026
1053054042
927223002
391433370
324390026
309693578
318082202
317162906
48747962
44429738
1118303162
1136579482
1123996570
1123738090
1115202026
1123591278
1123597438
1119599694
1189782606
1189781581
1181392988
1311502360
1596682296
489304120
472518952
405411368
405407272
409863736
418190872
417604104
409215496
410281497
156522042
197418554
176519978
177027450
176961883
245107017
244911192
116981848
40566876
36307164
36307140
53104832
53113025
53134787
57396690
57268658
40491506
40500722
40500722
65661922
65661938
32111058
11127282
11131250
11131186
11124082
11052515
15311331
7053713
6979969
7045505
15439248
15439248
11130800
1089042145
1088956006
1088957990
1097345582
3240893230
3225180458
3229382970
3248019722
3281622282
3332079882
3332080394
2260308842
2259198953
2263392680
2389217704
2254999976
2523633576
2502594248
2485821000
2485829128
2485825048
3022825016
3022841384
3022845480
3027029865
3052160490
3186378682
3186362298
3178038202
2603160058
2607493210
2615882810
2611686442
2611686458
2611702794
2594956298
2599002123
3672867080
3672801656
3672748536
3664294392
3660087416
3660169320
3660234856
3693761896
3693768264
4230642376
4243213000
4238990040
4238928632
3165171448
3031205624
3035398824
3052180139
3060593322
3194353322
3194447786
3194429866
3194237098
3211067626
2633367802
2633897050
2631541834
2631476298
2643993690
2392335434
3466154059
3466182857
3472478360
3471421624
3463033000
3458961848
3727328152
3693789896
3693790792
1546309128
1479166472
2016180792
2083285544
2083269163
1814313770
740560218
627049626
660668570
644939930
651239578
641802426
574693546
583213226
599924970
830628090
864481498
865583322
851739866
851741866
843877546
843942074
839899290
302971034
303724698
307894746
301611994
284831450
279670363
279705161
279557657
279488056
334013996
317243180
308841772
304711741
37406751
37378070
37369878
37365810
49948978
62523954
60427795
28978689
96085504
99230208
23773696
23823104
19628864
19628481
23823249
74023603
82412275
74027637
1277795893
1277803068
1210706488
1496902184
1534650920
1543003944
2075676472
2042103800
2025329593
4239926187
3707249066
3715638442
3742917802
3590939834
3590972570
1447682202
1451991178
1386131594
1386144138
1390338474
1383973034
1396524203
1361515771
1348875483
1365652699
1374035067
1374100858
1373903194
3252972106
1101326938
1084619354
1084735002
1139709467
1181717017
1181517112
1315476520
1315482664
1311288364
1311501340
1311439884
237657348
221121796
204343745
204409778
217918370
217590690
77081506
77082514
79314818
12191426
11143106
11076419
11064144
15315216
23695632
23822608
23823120
23704112
2662960
69838357
69901839
204130827
153864763
1500040745
1505287976
2075721064
2142829992
2142830504
2137583272
2134435496
2000283307
2004444090
1985573290
1993302186
1389355178
1385160874
1386143914
1390338202
1384112266
1379778779
1378697435
1378768091
1395012699
1080441930
1080433930
1088821786
1084561946
1084521018
3232033338
3232021050
3249321530
1118671674
1458537273
1450149176
1449767992
1583922236
1579727916
1579793468
1579875340
522849292
489294916
489294324
422185633
501947042
262748898
245901906
246951426
245966338
111818242
111805186
65782018
65634578
32080178
32080178
7045398
82547486
82425659
82427449
216644152
208255544
476692024
405315112
946386472
1014543912
746108648
746124968
627605160
1697197736
1999191739
1983462842
1920677034
1926963370
849289386
848109706
848261258
311320746
315515050
307646635
288773513
287735181
287469517
287535097
291519465
291519343
299989886
283310926
283294026
283360538
1356969274
1357165610
1407497530
1923389242
1923587643
1991220792
1995284024
1986837048
1982634808
1445386284
1445333052
388368412
388368404
388380693
125118706
133640114
129382066
96339586
96339586
79627970
1152241218
1084853522
1101632530
1101635634
1101635634
3249053729
3249057824
3303584100
2489884388
2485820060
2485820060
3022756508
4096498360
4029273768
4029428392
4045681320
3810800619
3814990058
3823117546
4058070250
4059511002
4038469834
3568707786
3568703690
3585029322
3316396234
3349954682
3333177578
3334066410
3334070506
2260231402
2263416058
2255080699
2271991259
2238363097
2221576664
2221573080
2498335480
2498275048
2498277096
3035148024
3027025528
3022888488
2704117288
2703595048
2703533608
2703549992
2736911913
2736866859
2736867178
2791376250
2791378234
2791376922
2799908890
3068602394
3198625818
3199150106
2662218778
2661945370
3739877386
3404333066
3421114378
1235881994
1269503000
1252613240
1256741992
1244192104
1244265848
1244312776
187348168
153801930
137090250
137059546
1210783994
1214986474
1223375722
1219181162
1219050090
3433574042
3433576074
3433566874
3433566907
3299373737
3303600824
3303667384
3295279032
3295211436
3291278252
1143794604
1144318884
1131932580
1123544052
1123281364
1114832324
1110635712
35836096
36098240
36073680
52900080
2232528
6427077
6423125
14877231
14702126
14741034
14724650
14723626
65051418
312772890
384075802
1457883162
1450163211
1986896920
4129923112
4129984568
4264202520
3978990104
2888472088
2888474168
2892663336
2892601896
2888629800
2888625704
2888627752
2888585768
2754352104
2758542264
2759656892
2783511996
2783517884
2783526069
2712370359
2712632502
2712560790
2746115206
2749785550
2741446622
2737258190
2736996302
3810601438
3814729966
4091612398
4087547102
4053931214
3518112970
3518114890
3572575242
3303287870
3232054574
3248962858
3282384186
3266057546
3266053194
3270247514
3337356539
3328974073
3328801976
3345708168
1164670344
1282110344
1282372344
1282274040
1278079544
1278015000
1545926168
472162872
488940089
488940314
1600234266
1608759050
1589098250
1589092121
1320524568
1186323320
1190513112
1189957048
1114443160
1122633112
1122632089
1122636218
1114251758
1097736318
1080963078
1080972290
1080972354
1081005122
1089467458
1081078994
1097856498
1114633714
1123808722
1123798994
1123667922
1123614691
1122562017
1139338660
1105784228
1089074612
1080677812
1080684980
1076491173
1076679655
3224171374
3227837246
3227903774
3236294426
3236231994
3232037674
3349474090
3332697082
3333224891
3337410969
3270298776
3261973656
1110425784
1110434008
1110335576
1110335516
1109798940
1093022012
1076246069
2233877
6428165
6424069
14878213
14684693
14693941
98590503
124045607
1193646390
1193711878
1194235906
3312356418
3450569027
3450372596
3433599716
2359931636
2359993076
2632623860
2632687332
2624372460
3161239276
3173297772
3173297768
2905906728
2939459129
2939532827
2943722011
2942693946
2775437866
2775434794
2771240811
2771244923
2704136057
2741982169
2741981657
2792165881
2792165881
2808418746
2808419770
2774998202
2917611674
2917611674
3186571402
3165595786
3165465738
2628588682
2628653210
2628653194
3435012235
3451216009
3484738472
3488986029
3471946729
3463677931
3459485547
3325075243
3325077819
3596675529
1457547400
1449343128
1377967272
1344408744
1344408968
1344407432
270669448
811607704
811656872
551592680
551592808
551589176
568440633
1910619707
1902231066
1898053146
1361141306
1365319210
1398873386
3550682154
3601274922
3601205306
3332773898
3350673482
3354877002
3321877834
2248069978
2399068970
2264785706
2263672618
2263670075
3337472505
3337472184
3261978792
3262052760
3228490632
3228487304
1076774536
1076303512
1344550568
1344548520
270807016
807415016
811613292
820065327
283193402
299986954
299987978
283204874
14768410
10705210
27400698
27408858
27404683
61025672
66277768
52515208
52478456
18924008
18920424
23113577
31570809
31562617
56736123
40090938
1113764106
1113764106
1122145034
1122468634
1118084906
1135376682
1101543722
1101740523
1353324952
1357530504
1357529992
1349206664
1344848616
1344856616
1361879592
1361879595
1345175098
1894627882
3589126442
3584800810
3584800810
3618347018
3739917322
2666250250
2330656778
2330595370
2330599466
2326405418
2326405930
2309691194
2292715018
2296909322
2296974858
2297110298
2296917787
2296917787
2313698651
2313772379
2305377627
2305377627
2305380699
2313941371
2313941371
2313802091
2305410409
2305410537
2305414649
2305555929
2305555913
2305420633
2305420667
2305420667
2305556315
2305556299
2305556315
2305390459
2305421691
2305421691
2305421785
3379294712
3362501096
3362357736
3362361768
3362368952
1214884232
1210689928
1277925516
1277855884
1277856900
1143637125
1144959110
1161208198
1190568950
1186374182
1186374182
3333919254
1185788695
1189912885
3328750884
3346586852
3296201892
3428322468
3428517044
3428463036
3430556332
3446301436
3739939404
3739911692
3735653900
3735595372
3735595501
3739790315
3743985323
3710550667
3744121498
3611214506
3594445738
3596542447
4158644333
4155888685
4160015421
3581213725
3580288284
3580282125
3581334797
3715560269
3715625805
3715487613
3715463149
3715393005
3713299837
3713356893
3713258831
3755209039
3757564767
3757560414
3757429374
3757437806
3748980590
3746944382
3746940254
3747075407
3747079647
3623347679
3623351773
3623212541
3581269503
3581793791
3581792767
3581923838
3581923806
3590316414
3590284670
3590288766
3623714174
3623714174
3623714686
3741144958
3741144670
3740627550
2664821598
2547381119
2513827311
2513802733
3033904637
3033904604
3042293212
4115984860
4145934812
4146065916
4145992044
4152283500
4152252221
4118642493
4251811613
4252335901
4260724509
4260724575
4261379679
4252964431
4252960735
4250736639
4116264303
1970877823
1979266111
1962488959
1895312639
838348029
838347965
863517885
930692284
643380412
910695612
927468981
936119927
360713750
347082246
346091014
350268934
367046422
94479638
497132854
496080375
495027636
495162804
365079996
1426500076
1426492412
1426557916
1427606477
894881759
927399902
1061613535
1061481983
1061440829
994331709
726879293
693267517
993223741
990994493
995225663
977522991
977519599
985765567
985700031
985972383
2076688015
2077142670
2043326158
2043328222
2019202783
2019202783
2019268543
4233663933
4250449341
4250514589
4284216477
4279958687
4280212639
4269692335
4269692911
4277618670
4143276639
4159005471
4158943549
4126430525
4109727101
4109856095
4109860831
4118092735
1970618303
2138390430
2138512783
2138443167
2146899455
1576088949
485695765
484651269
417534229
417334549
417359157
409005877
426835749
424714023
465602535
465602487
1002543030
1002681766
524531126
524328350
524328350
1598135711
1598209439
1598209503
1465036063
1969464607
1969595679
1978119455
1978127647
4117157151
4118207807
4118207791
4250389871
4250259455
4250785759
4284340189
4284307421
4284315645
4292702077
4292685693
4183633727
4185620287
4185603871
4168693534
4168693534
4168709430
4168742198
4177057074
4168654130
4167630610
4167614226
4185505363
4210736755
4210737009
3137011537
4210576721
4269284833
4286069153
4252703141
4235925925
4101511607
1951939991
1952003511
1968844983
1968844999
1901817871
324587791
332956941
316181772
844925212
840936244
857647924
1931389700
1964673284
1950320640
4096690178
3694066690
4230898690
3710787842
3749585506
3736810146
3734573730
3734508194
2660767651
2660769169
2658950276
2654788740
3728186500
3744903636
3744899340
3715539724
3568411404
3568416572
3572883244
3564427560
3560234280
3558690152
3692973529
4116669913
4158478171
4158609243
3621450331
3621380681
3621381085
3621504509
3621504493
3587826861
2504651965
2504652029
3579442397
3579834847
3588142543
4158559742
4160522222
3078402030
3078488022
3175085654
3174561366
3174561302
3178751542
3178751542
3187136374
3187012982
3086345590
3220558930
3086471378
3052917203
3044528595
3078575095
3074249701
4147983349
4131141109
4132777461
3595909367
3588176087
1423841367
1419646979
1421806595
1424490753
1424515857
1416217169
1198248657
1181397697
1458221953
1458538369
1593806225
3741171185
3732729313
3749504357
3748946277
3748995391
3749122335
1601503519
1567961371
1567957306
1551842618
1551792475
1576982875
1576770523
1610193801
1610129289
1601738633
1600685001
3710424025
3710555129
3710825325
3710837101
4251902247
3053253927
3053253927
4127061367
4127191895
4261409623
4259312471
4284347383
4284249599
4280122479
3745340543
4282326079
4286534686
4286543134
4294800910
3722301982
3718239774
3755996798
3758092126
2608856391
2608450903
3665382679
3681115447
3681107767
4185531941
3640272437
3640594997
3639415543
3639358103
3698603941
3713283493
3712226725
3753926784
3749830788
3716411524
3716321756
3721564988
3576794685
3575683645
3609258526
3609328158
3576168254
3581399354
3573497914
3573416010
3705291978
3705334986
3707431023
3720002605
3720055820
3739784204
3731652620
3727458588
3727659324
3727593829
4282298725
4282311141
4250788311
4250788679
4250891079
4250882423
4250883367
4252849446
4160574758
4143928630
4143936774
1987929870
1451057678
1450930783
1448755839
1381713535
1407010635
1406947161
1406749017
1406761339
1408986491
1392141643
1392402889
1383973337
1400426937
1366880680
1348067752
1348445628
3504311772
3504184284
4108172916
4110202484
4101813860
4101826149
4102025829
4101895143
4150125030
4133319158
4133318742
4133450838
4133452918
4141874230
4141874230
4158651414
4252955975
4235646277
4233544517
4233610068
4234015316
4234011253
4233983605
4233983591
4250891879
4250892134
4261232502
4261248342
4261244230
3707729366
3707721174
3705491927
3722269143
3722301943
3747149301
3732661751
3732567511
3598603719
3598669142
3606926710
3606926198
3623187318
3589633846
2499049334
2496954230
2497179478
2492923734
2509758293
2526345044
2532624212
2524234068
2520236404
2520183156
3593921012
3747012852
3696746740
3696739540
3696674005
3696739573
3697145063
3699238247
4253003127
4252999478
4252798518
4252810815
4252804703
4248281631
4246131487
4145496863
4149543743
4149555503
4151776557
4118089007
4118743339
4127131963
4127137034
4156364618
4139537354
3602695050
3600581003
3600581019
3617359293
3621688765
3579751869
3608604157
3608669567
3591697783
3596412263
3596412135
3595530487
3612233943
3579724181
3562946949
3562952581
3573442503
3573503703
3569305119
3589588783
3589591855
2541003567
2541528895
3053305369
3047013897
3051200089
3084505065
4149861801
4145766811
4128903563
4128899482
4146004410
4152299946
4160173483
4155860459
4122272121
4055163145
4042301705
1886492425
1618190137
1618385705
1618467113
1630926891
1664574491
1647726666
1646067866
1646002362
1645019306
583927722
579746474
579812010
562379483
813775433
819146441
821241800
821240200
821113272
818950568
817914280
834708408
566264793
566330139
567379771
568429867
568436779
828484667
824288267
807792651
808779787
806748171
269353243
274609707
348008042
346764907
346568395
346826441
78381768
267305928
242135512
241611224
174437752
182757243
178562938
178567018
182752618
1517139306
1512739098
2054852618
2061086810
2056822890
1790485609
1773905000
1778098408
1814659304
3962159272
3829055912
3845796776
3879348136
3866770093
4142533311
4071296702
1924993678
1924936330
1928082122
1911296586
1890464554
1890479915
4037929769
4037851944
4042041864
1881975368
1932312456
1915520904
1916322200
842596520
840577192
840835240
861807016
819868072
815661848
816711177
279719435
279243291
275036698
19173130
36605707
36603659
304791819
317375755
329958683
397073723
363588907
128476459
107503914
104357946
102252570
101269546
101208170
101466346
298697866
344628106
344627851
1419418248
1421523608
1554561672
1550362184
4265124376
4265128488
4263027308
4128826092
4128994287
4145676462
4112122030
4099540142
4099541150
4110039182
4110035342
1958357646
1891445438
1891370671
1908155019
1409049483
1381822875
1382015403
1381998827
1377808427
3527255082
3531449614
4085101839
4058875661
4042229508
4042168084
4042176308
4042176308
4030629684
4097756692
4148087301
4131285527
4130302758
4133846374
4138022374
4070834646
4070834311
4075028661
4051046821
4034273685
4042667461
4042534353
4040453091
4040454055
4040687510
4040611718
4040656790
4040463287
4032082613
4032094885
4027900589
4027900669
4030092927
4045821807
4083485742
4066646078
4075042910
4075124830
4070997070
4071026767
4091998287
4083544333
3546607901
3542479165
4079350061
4083674412
4050057500
4050049804
4042705757
4042772477
4041496541
4041474637
4041540123
1348801338
1348739882
1348739374
1348740142
1358375982
16128022
9837574
10236935
14430215
16515335
8306950
25089287
58383619
57334035
115988785
115906864
115982128
107722512
107651856
371962640
392794672
292258416
287998704
288068273
288068273
287912627
288174754
858534306
862728354
866922658
581316754
849752262
849752077
849670409
866430761
862234921
543471912
539802392
556567496
557812616
591299464
590234504
1932395400
1932394920
1944720297
1906975533
1890194199
1890070023
1353215495
1357409846
1349054006
1349246742
1374342518
1407896822
1400554710
3548037314
3547975875
1400418519
1382654455
3530203607
3530221463
3538863765
3538931381
3538243301
4091813605
4092860013
4050920237
4050981673
4051120441
1366634776
1400135736
1937567784
1929237544
1927070748
1927074824
1939128584
865517835
838259146
825636234
807808410
807808938
807808682
811938730
820790170
552386954
552370442
543862842
543860010
560639786
569028139
602580491
590054923
1663616523
1662567003
1612404331
1614443883
1626268907
1621909675
1621897371
1621889167
543948943
825099661
842928060
846868396
850027964
850117004
849912012
581476380
581476412
854106155
870887466
824946734
808112174
808321086
807797002
1881539339
1617301049
1621559848
1622489705
1639197273
1941204555
1924457034
1920254538
1378632282
1378681450
1400706602
1373186346
1356408874
1352345662
1356556367
1348201551
1350144207
1362657487
1395294341
309236101
309244359
305066243
321869106
288103458
272381986
270280738
274476343
298583351
864633813
848024452
915059588
916099980
1996134285
2137694093
2104208317
1814604463
1814609647
1814595307
1814811241
1697276457
1730814505
1715143209
1715021369
1719151401
1726494763
1655179371
1655180523
1655177419
581517451
585744523
574529707
572450219
592347051
558849706
541474458
541468299
550904459
550773401
550597561
546488808
1907610936
1907403064
1910549305
1944104761
1348777739
1348764427
1885716746
1885716490
1885749290
1895222314
1960765738
1973348623
1457445839
1448756879
1450705549
1379402429
305664685
320615341
861872555
827745451
869756047
311946445
311864525
332573775
292726023
271618310
271876902
272402214
809346854
813348642
1408931074
1387958338
1392165059
1382760577
1378422913
305074321
305009569
393097892
883761837
883765929
883701499
883713547
933883657
2011728921
937987113
2011737145
1969794057
875083017
1948948233
2083177049
2099954347
1965691562
2003441322
2003437498
1944715678
1941574046
2008748446
1975005338
1975001339
1891115368
1891138856
821689128
820767272
830073384
846785224
842593992
842580873
842580123
842657962
842752234
830103658
820666459
820670479
820658189
820858889
812412968
813452584
836520744
568162857
819886843
821983946
821486218
811918218
811893226
812679658
810583018
835884906
1943185706
1926474106
1918085578
1993582986
2010310026
1976759178
1442202575
1358300137
1357325160
1357127976
1348738392
1348737368
1885682616
1919368104
1919384489
308664201
308576651
308576587
304382251
304915243
304916011
841853485
841919269
846109717
845840389
1915388101
1915388039
1999290503
1949220994
1949255590
1952911078
1894071014
4037028518
4037029542
4037029526
4037027462
3505399446
1355820726
1356017591
1356012023
1370511413
1390450704
1390455824
304129024
841004032
840994832
840994864
572952592
1629925377
1613660355
1613595778
1613749410
1613708706
1613576866
1626094246
3769383590
3769449110
3786160774
4054067846
4087621798
3617864854
3617930438
1470112846
1457577998
1449173278
1449169718
1457557799
379629600
379629616
1583390768
2132907024
2082905104
2083952912
4231436848
2083424816
1953401344
1953483328
1882054208
4029470272
3760747104
3773329762
3769372770
3786149986
1676416226
1647196354
1647196354
573454530
841947362
585906403
581713127
597438695
596390095
596439177
864858536
852267948
852332980
1389204884
1380818837
1376623509
1397619351
1364146934
1372207830
1351232486
1889151334
1889151014
1912079414
326631430
303566855
302538759
302539831
302795815
302270502
306596150
306608950
315030327
46267191
46193429
46266629
38009285
38205892
38205828
38164868
50747781
4606405
4610501
5135189
6257495
14514743
14449191
13396775
30206759
63756583
46975271
38590759
55417141
38714695
38714823
38708679
38573486
101483694
118349246
72277902
206469774
214841999
147733213
148847325
148647548
147598636
147088684
147121188
415542309
406891541
406956053
423737393
440637459
440571907
436374531
436376643
436704337
436581473
973579361
974038117
978230357
995003463
676039767
672762975
741968991
674995455
674994415
742103279
742111727
742112239
742243055
740146923
1813896939
1813380843
1812299499
1833254635
1849965290
1851005930
1716787710
1725184478
651573470
647372254
647368158
916264158
916405582
379465031
379201863
129571143
129501511
99178581
90790133
19626485
53172725
57395893
57399989
32217781
32094869
32090501
292137093
287946967
287938807
288078071
288077927
288094311
292288871
292288999
292125143
287930839
287922647
292256759
300637159
334191607
334060375
334060359
325679943
325708631
325839719
300657639
837393366
837388742
812227014
812227031
812358135
812365927
812251253
1885993077
1885960565
1894476069
1890281765
4037638949
4038621989
4105726759
4109921079
4107881238
4099492630
4106832663
3569973525
3569953141
2496215396
2487761252
2487761908
2484615924
2487823076
2512988900
2273917684
2206743124
2206743124
2189957717
2189970007
2194230102
2194397990
2195442470
2187053862
2187041590
2195434262
2195433990
2262542918
2262538838
2262403826
2253949683
2249759473
2518399696
2501556544
2621089856
2621089872
2625300528
2625366065
3162044449
3162044453
3159943205
3168397349
3168335925
3034109989
3034106165
3025783157
3027983189
3023788885
3040545653
3043692519
3018530279
3001622007
2464693462
2464693406
2464775326
2464931070
2464939486
2464939470
2474309582
2440754766
2419782478
2417586970
2417504571
2417571099
2416582409
2420775433
2429491769
2425109097
2425109099
2493259723
2224833995
2377961675
2394534107
2394599547
2264572285
2250962941
2250987191
2250839734
2183870118
3246340006
3229560230
3228974518
3224779910
1075132550
1074800774
1078990982
1097869710
57683343
39857549
39943645
39974365
56735197
56735197
291552637
291552621
274840677
274840629
270777365
270775317
287552533
287487029
321033521
908246321
908246833
912440848
929218048
895655424
337825280
337792768
337845520
473119008
471013665
475203873
483526945
210902803
210900739
212940291
213202435
77923843
98895363
91049843
91052915
225270131
233822579
233830738
233830738
233814482
225295314
225287154
225287154
258849778
258849522
258980594
258980530
258980530
1315814322
1248721842
1248721826
1248590514
3396070034
3396070098
3404331602
3400137522
2326330658
2326326562
2326326306
2326326306
2330524962
2347289955
2305346019
2289818097
2289789425
2306435568
2572802416
2606746960
2598016320
2598024640
2589630928
2585310704
2585302192
2585310384
3122245040
3139087824
4179274448
4181367488
3178942145
3178942195
3185100771
3185104290
3185111206
3177181334
3160330439
3021390279
3021391813
3157685972
3161812708
3178244836
2909813732
2909813196
3178305740
3176205404
3186820125
3182637086
3215155262
3215056942
3198214446
3136345454
3125862390
3124817566
4265733822
4265861046
4265825687
4265853317
4266848389
2941444349
3176371437
3176236159
2907812879
2891031822
2893259534
2893214238
2892157466
2892120619
2766209833
2767196457
3052471657
3050505673
4115730376
4115728856
4048632280
4082117064
4090570888
4092685448
4084454792
4084450200
4084384408
4084384408
4048745112
4048675576
4048609901
4048578095
4048584495
4090522926
4092668974
4092666926
4092724286
3555852366
3522302030
3520147966
3553630190
3552593407
3619909081
3603131608
3604212956
3612603612
3612595420
3574829517
3558060491
3558061899
3562125118
3572612910
3572739887
3571691327
3563452181
3563450901
3564491541
3564552501
2499199287
2511848487
2511627298
2683595810
2675194914
2671058226
2654347058
2390105618
2398232066
2394031618
2324764162
2324702514
2408588322
2408632359
2375074021
2381353093
2381418884
2372964788
2366669732
2618327724
2617353884
2617420428
3154291420
3171068460
3171060524
3188165437
3189030159
3189104910
3189219598
3189162030
3201749030
3200705639
3196542069
3200540016
3217317360
3175577520
3155572400
3155367568
3159508609
3163702931
3165769122
3165703586
3164658086
3177228758
3206786311
3206735623
3189892869
3206554916
3206561060
3173189924
2640448309
2640448263
2615552774
2611423542
2594520374
2595030038
2594717718
2611531990
2649342086
2624308355
3693858176
3693707152
3694669492
3560713892
1948001956
1948017316
1960141676
1955980063
1955901711
1955631886
1959826207
1884328463
1880457739
4026958603
4098262299
4098272313
4098271289
4116097081
4250315033
4258769160
4292132681
4283728715
4264870858
4264706526
3190964718
3190972910
3193061862
3218493782
3180754246
3163974982
3168266565
3184846964
3185367140
3210509540
3193775564
3189650893
3189113822
3193308142
3084255662
2542999014
2542998726
2509463750
2509267415
2513494501
2647712740
2631268308
2497171140
2488781524
2488650724
2507537380
2503340020
2503468996
3077764037
3075654621
3084108652
3079729964
3079725868
3083921197
3077631807
3073407791
2536708974
2536639462
2536639926
3042053510
4124181638
4103210119
3566368131
3568461186
3572721106
3563188578
3579900002
2640375842
2640442418
2640373042
2649812786
2649812534
2683436599
2681273909
2664494677
2664560196
2656196436
3729934324
3732031348
3748808020
3614602708
3614663893
3597690071
3614471415
1466989750
1429437590
1412570246
1412581766
1416781191
1416855543
1425106917
1441849957
3617645093
3617632821
3600855845
3605050157
3622089519
3580206911
3580284703
3580807966
4117678462
4251930111
4251802875
4285297883
4285391961
4286440539
4252886393
4250924409
4250907513
4259164953
4259094809
4250706205
4236046652
4231918380
4232045101
4236145213
3179156031
3219064426
3218870122
3202103674
3202173178
3219082494
3219117262
4259180746
4108116171
4107575499
4107777145
4116100141
4116102191
4116159799
4147494199
4148012343
4133332773
3059122485
2799075588
2790687044
2790703428
2803353076
2803189733
2805297893
2775917287
2918658790
2901742174
2902200911
2899584607
2899586939
3163909099
3163847643
3168041931
3050634635
3075798411
3075985803
4158050443
4158083259
3042406575
3044435119
3044435453
3044466653
3044462301
4118271949
4126439381
4159988565
3623166293
3614912885
3597996389
3614782949
3614784997
3589748965
3585554535
3568769143
3300334662
3300865350
3300679942
3313287462
3342631206
3341647910
3324355606
3324816454
3329011062
3605827054
3623520191
3753543357
3753551596
2667095660
2658709308
2670234908
2670365996
3609912612
3576358180
3714741588
3716040004
3699262917
3713942997
3722405873
3697108945
3699371971
3565090627
3572946754
3573008211
3589591923
3757888289
2658988837
2659051317
2654826261
3728567063
3598653943
3623750070
3623749814
4120710335
4040970687
4040454591
4048941501
4044661181
4111769645
3843334181
3845432373
3777275141
3760715271
4029072959
4029597231
4097459759
4115351279
4123543487
3045618879
3080484027
3080545435
4122930379
4127122655
4118734335
3577214463
3694654942
4235720142
4252431822
4252431711
4252423519
4118205791
4118271757
4118273820
4126662460
4126521148
4260668981
4292125237
4292125239
4149539383
4149596775
4145496807
3071694311
3038135541
3075951765
3074776213
3083293845
4124538069
4124571125
4124435957
4124894197
4116476757
4116464479
3042793247
3076472126
3075893294
3069671462
3069659222
3199696070
3197626310
2660758238
2677404382
2677330654
2681262830
2639323887
3155228527
3023172909
3027498029
3035886636
3034706972
3044072716
3073433420
3054622428
3054696157
3054659487
4128392639
4149366190
4115811502
4124199118
4124235982
4151503878
4151436310
4141932582
4141936686
3068252462
3085128510
4126306903
4117893829
3025273524
3025207972
3033531308
3167764908
3167777980
3167874252
3159484425
3159484683
4252104986
4252106042
3186750746
3220697370
3220624138
3212198666
3210723642
3193749802
3126654251
3135038747
3134975306
3150708042
3150700362
3117080187
3118128875
3092895467
3088597705
3107472009
3107484569
3088785833
3160285352
3168674988
3167691964
3167184020
3167057284
2648012245
2648040661
2681631943
2681623750
2539017302
2539607158
2541573479
2541557221
2508019188
2449438164
2432660948
3571283924
3571218164
3579602644
3579672212
3579666421
3579629029
3579628773
3579628789
3042350341
3042358532
3052844548
2549527060
2528485908
2666848788
2658984756
2658931500
2652635437
2522482539
2530872298
2526616490
2526550954
2530758042
2518205834
3592016010
3610960010
3560890506
3559841930
3564041359
3564098783
3580849263
3614274607
3597415471
3597411647
3597412158
3597624894
3622729278
3622720350
3589226958
3573371342
3573379274
3573510490
3573487419
3300854331
3300661802
3304860202
3573295658
3564910394
3564912666
3573334107
3584016601
3582951672
1439535592
3578304120
3574119960
3574316616
4279938632
4279939017
4263028201
4267229675
2128134379
2140885499
2140803417
2107249497
1960448889
1952064809
4233964841
4234108249
4250852553
4250901705
4284259657
4284267849
4267478299
4267345211
4143624506
4143624570
4269453674
4267438314
4284178926
4284097006
4284101614
4292482030
4292544238
4259252094
4284286799
4284298573
4116669772
4099861836
4099919180
4099731324
4241266300
4241266540
4237072172
4241342012
4283366925
3725523470
3726540342
3726341414
3726118946
3732472050
3715825858
3707388034
3703238786
3703236499
3702259376
3584686768
3597205168
4129866480
4130100208
4131136100
4131201900
1971266424
1954428281
1954495865
1423784057
1423915131
1423252571
1435767818
1435779082
1437909258
1437982986
1421254938
1153345307
1153349499
1157597161
1159497647
3306993599
3609044879
3592336271
3596523407
3604912110
3600721902
4137657838
4143817182
4135419998
3057488127
3074396671
4147631023
4114052013
3843520429
3830781613
3830716345
3839113177
4124321752
4109707032
4110363960
4109187388
4109125948
4125906956
4127030284
3623834701
3604988383
3604890527
3596489607
3613266566
3562935942
3562946294
3573300711
3569118567
3585895461
3623674901
3606897669
1451139333
1446424839
1461096759
1427539255
1426441239
1426441495
1464321335
1447482662
1455942950
1455815990
3729128798
1582167518
1599010254
2086597582
2086598607
2094946253
2094993404
1960327084
1951934124
1951933100
1950036632
1950024328
1970803337
1970799531
1979207146
1975052394
1975035930
2141956106
2146084874
3739919370
3739853066
3739779850
3739910970
3731522346
3732595562
2654659562
3172651935
3160069007
3168466829
4242405277
4242339753
4233916333
3177021357
3176554445
3176617935
4250236383
4250166783
4258555007
4258624639
4292211071
4292342135
4292276567
3747017047
3747074423
3746943351
3713528181
4250924373
4250924365
4233983821
4233983837
4242372221
4261376621
4294922857
4286136953
4286075675
3749213467
3749215259
3615488123
3590256747
3590051963
3589917899
3590178249
3590308809
3590312665
3581932285
3581932397
3581797229
3581763879
3579801911
3613283351
3579204630
3579272534
3579313527
3621649911
3620593655
3620591093
3754742165
3755987413
3747525077
3747586517
3713918965
3713918949
4250793575
4118795895
4118796151
4118672759
4118674935
4118674647
4118674551
4118797431
4118795639
4160738581
4160573957
4152324615
4152324631
4152193574
3615306342
3581753318
3581752822
3565097174
3588182230
3588182230
3588182215
3588085071
3588087069
3623742781
3590188349
3581803837
3581730621
3615278911
3594371647
3598696990
3598697246
3607086398
4143830382
4141737454
3613385182
3722338702
3705566093
3705619356
3705410476
3697030637
3697028591
3574872366
2507626542
2507667486
2499262734
3052912398
3048706574
3082269197
3080040988
3065295460
3195319268
3191128548
3190571428
3207464356
3173922213
3177590695
3169200038
3165984758
3165722566
3180361159
2647680197
2639291589
3712054484
3708237012
3713414365
3713414653
3705017727
3705472863
3707590478
3724376014
3724404702
3716015582
3749574111
3745306079
3611162061
1463808477
1465906173
3613381357
3621770861
3589797469
3589666589
3589603133
3581203757
3581269308
3579171132
3587567900
3755434781
3755373439
3722343278
3722401134
3713879534
3715946990
3716013534
3716148686
3716146638
3714036174
4284453342
4158624766
4158625782
4150114278
4150060518
4145865190
4146065646
4116627695
4116628733
4116665821
4116020700
4099178476
4124336108
4124401532
4126635860
4118247253
4118280021
4118148887
4151833399
4149736215
4157989142
4157956374
4158485782
4158600471
4284421487
4286385519
2675641839
2683968991
2684237262
2684253646
3757921742
3724342606
3722224926
4259161406
3185424174
3214784303
3214784285
3202201372
3189355868
3189282300
3206140396
2803880428
3843977708
3831387565
3831371173
3839758261
3839172503
3839115191
3855964149
3855970773
3856097607
4124401991
4124337431
4124337975
4258621223
4283922239
4283912991
4250358557
4233580861
4241835325
4242281789
4242287903
3705629966
3705568526
3755891998
3739173950
3739210846
3741302862
3741221071
4278157789
4292655100
4250714044
4232884156
4228755388
4245682109
4246721471
3177141166
3042923182
3042398950
3042395110
3027583958
3027525958
4107560263
4107562261
4107630901
4124530996
4158016788
4132849420
4135023372
4134883612
4160082301
4160082301
3187144063
3168271487
3168140671
3160407422
4236246366
4236080990
4252849790
4252979838
4294923134
4286412670
4286342518
4285922679
4283825527
4267111733
4267110661
4275564805
4274311492
4140093940
3594842604
3595002348
3594924541
3611767261
3578728925
3570341343
3571320286
3571387742
3571285086
3573377086
3565157694
3564031238
3580810566
1458557765
1450034116
3530412468
3531429284
3531367844
3529466276
3537769348
3537781383
3552395958
3552334502
3521962918
3513574822
3496799655
3496864212
3498023700
3496971012
4033723648
1886170368
1886168080
4042108976
4059017251
4084117538
4079931426
4147003394
4146725058
4146726386
4150857442
4121434850
4121434854
4155062998
4155338439
4160513735
3615351493
3609056213
3609056245
3579704823
3562923495
4099925351
4099859799
4099929367
4101821719
4252816695
4286108983
4286248215
4269438230
4269438230
4277866790
4277731686
4294447462
4294455790
4260963807
3715839373
3713760653
3709697949
3709665212
3579707357
4116707021
4158633805
4160590791
4160001015
4157903335
4157985255
4149735911
4149670903
3075896287
3210040174
3209975086
3193208110
3201662270
3218569502
3216472350
3187146526
2633496350
2633356063
2633290589
2624901597
3176501757
3176641004
3209016813
3209016805
3192370676
3210655220
3210671572
3210665412
3040870340
3040837620
3040770020
3045021157
3044885879
3053274487
3053278550
3078454614
4135583542
4143970102
4143838486
4141211654
4132827214
4149530958
4111848319
4111984493
4111879789
4115091053
3049611133
3050585373
3033801757
3033867341
3033933149
3033933181
2514425597
2510161629
2543259351
2526297815
2547265430
2270635398
2237072534
2221998262
2490585270
2499006903
2493765079
2493626325
2510401300
2531307280
2522918432
2518738464
2518705700
2518766117
2536583719
2507285334
2496804318
2492616158
2492549374
2494613758
2494879966
2515856590
2507465935
2537027039
2534851070
2536980974
2536980974
2541179382
2549277014
2545083207
2645795701
2645603941
2633021028
2624886372
2620694388
2620890460
2620828957
2671176981
3191266567
3195456775
4269692167
3732889910
3732172838
2658406438
2675245366
2641757446
2622889478
2622909958
2630184502
2625699366
2642474870
2642465239
2676003269
2680205460
2671816884
2667901092
2634412196
2634470820
2618217908
3160342484
3026116557
3045050957
3078478431
3061640062
3061689710
3070014846
3061092478
3061104762
3191132282
3205947770
3172132731
3172104041
3159838573
3158597501
3166993759
3168035935
3184878799
3185467871
3185467775
3185464191
3185525597
3185382365
3176948092
3160171900
3026015576
3025618936
3026178040
3042967513
4116512649
4115464091
4115461531
4116566426
4125061599
3051254238
3221123454
3221189422
3221054254
3077404463
2540533567
2541581599
2549970207
2549904733
3588093277
3588216157
3562981213
3562456925
3579180413
2505372991
2505373055
4158125439
4158127615
4149728759
4149728727
4131901894
4132884934
4149662206
4283683182
4283560238
4279301422
4279303470
4282444090
4282644762
4290960650
4291024138
4257599754
4257534235
4249219947
3175539433
3175507688
3177150200
3176945560
3176955320
3176977848
4259300600
4259239128
4259247433
4261403723
4236110878
4232045630
4248827006
4248780926
4246553086
4150211566
4150211247
4158534309
4158592661
4158457732
4158403972
4158416373
4124927349
4125062455
4127151383
3573307150
3573311294
3581799726
3581926703
3615481215
3615481311
3596606925
3596613517
3596482461
3596481461
3613193205
2547905509
2514473957
4108309303
4110407479
4110417719
4126014263
4285397301
4268603445
4268734485
4264285204
4265197588
4265209876
3996823668
3996811748
3967451564
3975857565
3967405964
3963145868
3963191005
3828051695
2758487790
3840421614
3840423598
3857196526
3891004654
3886810334
4155380814
4156433422
4156433423
2013144383
1467873087
1434312526
1434230734
1433181646
1433177502
1433175966
3614414750
3605968862
3607013359
3607011814
3607028214
2524827862
2524836086
2539647222
2508158206
3044963838
4235623935
4244000637
4259798876
3588576796
3613685276
3614733084
3610534780
3610603884
3581895021
3562956133
3571373381
3571440901
3571449605
3571449607
3571432707
4099784051
4118649955
4145908961
3055457729
3059126913
3059647104
3059663584
3059598048
3057414885
3073124327
3043765734
3052158054
2779712622
3081637086
3082761294
4143260686
3604227086
3604292631
3615302711
3613357109
3613390133
3613381940
4150234996
4150238852
4049518212
4051353220
4051601028
4034773653
4034675367
2959872678
2959352230
2976129134
2976130094
2984717326
2984586254
2984536078
2980867086
3014589450
2997785610
2460648649
2528673944
2524479672
2520301784
2519257304
3593135208
4113493352
4100877880
4109258269
4109258319
4108928591
4109956702
3573081726
2491016798
2491021150
2491282815
2499667253
2650661941
3179082772
3176985876
3210602260
3076452884
3076444757
3084829303
3084764774
3218929254
3179085798
3179077110
3179142390
3177184471
3176658117
3176653253
4116181444
4116173780
4116174836
4149608357
4149608359
4132829622
3059219846
3059154310
3069629830
3069694422
3086238054
3078385958
3052171558
3052155942
3052151846
3052223543
2515418119
3589152006
3723365638
3758038302
3740212510
3739835679
3731381277
3732464669
3730367580
3730428380
3713647516
3696935580
3705336476
3707433724
2629433069
2629363439
2629347055
2633540975
2642119743
2638187599
2638063693
2636097557
2669602901
3206475095
3210673494
3201746934
3201745910
3201810934
3201683958
3193172214
3209945330
3209946355
3178486881
3178483040
3211906404
3211812836
3211818965
3211880149
3178389109
3176271381
3159567877
3025415685
3027512949
3035965157
2512328677
2512323509
2545684885
2526552471
2459443367
3529003175
3524804847
3527033295
3527038479
1378510351
1395551757
1395617293
1366097727
1415902511
1415967774
3571876942
3571876942
3571946574
3572870526
3572884846
3723814254
3757372910
3741111790
3730592239
3730141359
4267176127
4283953375
4283879895
3713516535
3587568375
3587236599
3587203797
3578880725
3579261940
3579269620
3579270628
3581400316
3614956764
3614833996
3623202061
3623337229
3589782845
3589772589
4125459741
4125987103
4151292223
4151218223
4151218223
4280991807
4248485919
4248556567
4231789877
4097535845
4101988069
4101852917
4110180340
4126957044
4089205941
1927237781
1926635655
1918247047
1916739734
1916735718
1916666086
1937703398
1894188758
1894194758
1889876502
1352686102
1353768478
1353772559
1357963791
1473376775
3604140567
3604148847
3604378607
3603375551
3621068221
3579136429
3579759037
3562985885
3563056029
3564955533
3590103945
3589571067
3623129451
3614744879
4146438447
4146176278
4116885783
4116878631
4125263655
3044134693
3044081429
3209756165
2656198165
2656194357
2664828263
2665221479
2656840806
2675912134
2642031942
2650421062
2629452598
2629354278
2629366566
2646126887
2516103476
2537075020
2671358408
2669345224
2669607320
2534336956
3075406269
3083262909
3050622621
3050357387
3052454603
3044262619
3043160938
3039027566
3042993190
3043054630
3051443254
3051572567
3051605463
3034707925
3161712597
3161708501
3176388597
3218601333
3201692725
3203724341
3195331605
3191301189
2654368981
2654346741
2675312101
2650146807
3187083223
4244469591
3707533079
2633823509
2633823541
2633819445
2642210069
2642410757
2675891469
2673856279
2640301863
3160268326
3168654882
3168654898
2631782962
2623394387
2623402963
2640175537
2656990369
2522502289
2522498177
3596240019
3596535027
3607027059
3605977347
4134529287
4134316311
4130122021
4134385957
4268526885
4286353717
4252798997
3963523335
2889806147
2889532370
2893759138
2901955235
2901942947
2834835361
2918723460
2952474500
3204132740
4277743557
4143523829
4143789431
4160034070
4051108894
4032238622
1884761118
1893149727
1888972125
1887960524
1908916108
1900316556
1896646332
4044128940
4048327340
4056920749
4090471343
4073513982
4065121774
4065261030
3059639782
3076419062
3078516182
3052821847
3052883271
3035985735
3052894031
3589763935
3589616510
3581161838
3581702510
3581751663
3573494111
3573428509
3573494045
1349874045
1349809628
1348214220
1344092556
1360869772
1394547101
1381898669
1392383405
1388200324
1403633988
1403552516
1105764644
1097376036
1130930468
1114170404
1391131908
1407855364
1172978182
1307445766
1223429678
3363575534
3359404714
3644650394
3644110222
3648306574
3651440046
3651440039
3686045606
3686708102
3659441094
3659424630
3390972198
3732807718
3737067558
3736876071
3720100901
1560091660
1277103388
1277036344
1277052696
1279129352
1547480840
1568182024
1567132264
1307085544
1571327676
1572442765
1555731078
1557832358
1549443750
1544069542
2131275942
2115932246
2118054926
2117008398
2116974605
2116347964
2133125164
2095574316
2097038092
2095858380
2095596173
2087309975
2095773350
2095771558
2112548258
2146032771
2120762499
2116632963
2120962451
4268385255
4276840422
4272711526
4289490790
3186945382
3186947446
3168073046
3168072022
3166757366
3166758886
3163027174
3179732710
3184971495
3212824309
3195916228
3060594116
3061638372
3078384740
3040099396
4097121348
4097189204
3565036324
3569226276
1421738517
1421607429
1442587159
1433937199
1161325614
1192814654
102357006
102418446
102419462
102400071
123371847
91919349
343913445
343910357
343911893
394241269
1467986149
1451069685
2000453845
2000503005
1966801389
1949966953
1954229800
1962420776
1974999592
1941445129
1924667979
1928878794
1928918506
1920528874
1916383690
1916440778
1933217998
1933222014
1668980782
1668849702
1664659558
588824702
555434366
537527278
537532138
537607915
541797115
546909051
1622743403
1622939995
1941732683
1992095051
1996264907
1988006347
1988015099
2004788205
1978966508
1960088036
3830755812
3829834213
3825640949
3846612438
3881231846
3864454246
3866577958
3862709302
3861726486
3848951606
3832164926
3773370941
3774349852
3765974620
3763873532
3763875820
3856347116
3839508365
4108000645
4109979015
4043295878
4043304374
4041012662
4057253767
4082614915
4067873411
4075971473
4075955169
4142932832
4133495077
4141884727
4083246398
4083408702
4066759998
4066702686
4091843802
4154754250
4155999451
4127116537
4118732025
4147112441
4147080025
3190713945
3194912635
3203290478
3198668846
3198533662
3216363790
3187142926
3170296663
3170297573
3170068196
3169941412
3169851300
4233119724
4233367388
4246154780
4248201789
4281690927
4263831598
4134337598
4268545038
4268539918
4276928526
4276994126
4294886510
4240373614
3701403246
2627665502
2631794255
2631925325
3747147724
3726175708
3726133756
3726330092
3726273772
3606736124
3602539740
3606798541
3604508879
3579658743
3558753255
3562947319
3562947286
3571397334
1422729814
1346643551
1342450271
3490462333
3494796125
3546204616
3537885640
4139562440
4139557336
4139561944
4126704248
4099445289
4095259179
4094293802
4027469098
4028520750
4045301870
1920886862
1995865294
1995955279
1928709133
846562317
844608557
844537901
844603437
839249949
839696415
839647487
856621231
823001255
806224295
818807463
814683839
881671886
344734214
345782790
345598470
481880582
481880646
1341703894
1324925878
1249558934
1248518278
1516954774
1516954802
3668565474
3686327778
3652755815
2562236964
2562241068
2553845308
2553841212
2570624572
3141249580
3153766700
2881202220
2847643692
2847579149
2835055711
2889712879
2889662638
2887598526
2904434078
2904434606
2908628654
2946369198
2948007662
3181709150
3181655311
2644782093
2650139660
2633410572
2631313412
3185481988
3181288724
3114243893
3118248741
3143406375
3139076918
3139092790
3141158246
2855886694
2855829286
2860015406
2868463406
2864304159
3937988623
3934052431
3927760975
3926712543
3926843550
3926812606
3909508778
3905309370
3968223886
3969321614
3969720206
4242352014
4242286010
4259062699
3184797611
3184863145
3168217021
3168239615
3159740255
3168046878
2782183182
2782177039
2815796767
2815931967
2797515309
2818552364
2810020396
2805761596
2805784124
2805791276
3862878764
3862842669
3867100190
3866972238
3866910926
3881623758
3848197374
3839247535
3835056063
3835055869
3837222653
3975493327
3967035334
3962840006
2889688038
3162388198
2897153766
2779515638
4155317078
4155320583
3602868485
3606965248
3596473360
3596447776
3591712816
3591712800
3592311264
3594437280
3607021232
3584740992
3567865472
3567832960
3572301232
3563906464
3564955041
3564398497
3564594931
3579311682
3612728850
3595624242
3591503106
3591629826
1446179843
1446432771
1467465763
3514028323
3497222743
3497219783
3497217734
3497479862
3505741734
3505683942
3518244854
3522438087
2447123167
2447127151
2472285039
2480697711
2463920447
2459815967
2459947035
2543842361
2510154877
2497555837
2497691101
2489310685
3558723029
3558725079
3491657159
3493753287
3493787091
3514226162
1408753650
1928855490
1928707522
1926599698
1918210099
