325956030
23966654
7189430
23458750
1105540030
1135425534
1135426874
1118714922
1118714922
1118710794
1123948555
1140721992
24710600
5787640
1597368
546728
577960
17363368
17625512
51180011
17560042
21672426
30061050
63680874
59289962
42512746
42513770
42513466
1116453898
1133161482
1137372170
1095395338
3293260810
3294313754
3436844570
3432650266
3432714778
3367514650
3367506730
3366454059
3370668843
2305315627
2305381227
2305390443
2305388411
3387551739
3387549609
3387544505
3387540360
3387539848
3379147160
3379150232
3379272616
3408649129
3408657323
3408653082
3412845834
3421102346
3454660890
3450458425
3450593576
3387683112
3387671912
3379153896
3374959576
3374971720
3374967561
3408654091
3412845834
3421098314
3416899962
3383443818
3387638250
3379155434
3379294682
3387680218
3387549178
3387551722
3387535354
2313793531
2313922427
2313794331
2347352859
2338967833
2338971929
3421233449
3412751401
3412809000
3379119416
3442045256
3442168776
3446358984
1298744264
1298744712
1298758840
1294548200
1227439320
1227561993
1231762697
1240086282
1240085274
1240146458
1231561274
1231565626
1231557434
1240028026
1235964922
3383449594
3383320442
3383320442
3387555706
3379164539
3387547995
3387679177
3387679177
3387548137
3379151337
3374960105
3374963051
3408521514
3408652570
3421203722
3383452938
3383447818
3383443770
3383480681
3387539817
3379155304
3379155304
3379164536
3379164633
3374966265
3374966265
3375097337
3379295705
3387684297
3387686344
3379166713
3379158377
3374964091
3408508234
3412829514
3412828490
3421217258
3387666923
3370881513
3370881208
3370758552
1214886296
1210697656
1277906600
1277823660
1277831852
1277831820
1295673998
3474898310
3328087430
3327505622
3338449206
3334247222
3332997686
3601433124
3601375780
3597182508
3056117292
3190328876
3190459692
3190459756
2938802168
2892664521
2892664395
2821430859
2821242411
2821242411
2825447017
2900948968
2900915112
2892522424
2892522409
2892522925
2892516781
2766948525
2767014077
2767083679
2766563471
2774952334
2724621710
2724619662
2724615054
2724675998
2724476334
2732860910
2799971822
2799967534
2808552714
2792303882
2800561178
2796037162
2796109866
2796142634
2812923995
2812846152
3081347912
3043594824
3039413832
3039420008
3022601768
3022727976
3026921768
3026926667
4108926026
3572046938
3588885530
2515143690
2548718602
3601509386
3601572874
3601440778
3601380106
3735585336
3735585320
3731469096
3660156968
3660153896
3123416104
3123354664
3123362136
3089799755
3102379595
2834009675
2825489929
2825426553
2892560104
2900911784
2900895400
2892510889
2892510890
2758293418
2758294954
3035110570
3030912174
3030912159
3047838861
3081430156
3086672076
3061490952
3056244235
3073023514
3207309866
3173575210
3177740842
3177717546
3119056170
3152740394
3131768890
2594910282
2594775242
2598909147
2598903019
2406030505
3446283449
3454672008
3320462472
3320542600
3320446856
3320446872
3278602140
1126923964
1126917820
1126855677
1093301246
1097540062
1097609726
1089212526
1089229934
1097356398
1097454622
1097522191
1131150345
1131018505
1189722392
1206631192
1206630936
1303051784
1303041548
1219445276
1223492140
1214514732
1210328620
1210328877
1228219695
1259745551
1258431758
1262581006
1270938942
1270921598
1249950042
1250008346
1250008378
1250398266
3397816378
3398340666
3398086714
3402232890
3394784314
3407563834
3376041274
3380240234
3388637050
3388566858
3422053706
3422049355
3412590683
3412656217
3412726105
3379172185
3362405993
3370871401
3370744553
3370777241
3370712713
3454571144
3488125576
3353907864
3337220776
1182393000
1161392808
1161500344
1092229772
1126046540
51776316
36972853
36976917
41237509
41299972
40243204
40243200
36048912
36045872
103222576
124586288
124591920
124591920
91037233
99450417
99450673
91061011
225430291
225413458
225155538
208248306
208253426
141144498
149533107
149664145
1219212177
1219211920
1219211924
1219229428
1219096188
3366579752
3366498088
3370691880
3630738728
3630741304
3626542616
3626541640
3627590344
4181316296
4179215096
4182495976
4182761833
4224705899
4224574810
4291675466
4150118234
4152215514
4085073562
4068298634
4067233178
4067237034
1919753402
1382356122
1390743690
1403326602
1369837706
1369845898
1089888410
1081434282
1077699822
1081928942
1081669758
1375467614
1475001422
1458218063
1458282589
1592303676
1583931432
1600708904
1567225384
1483406888
2020269608
4167734824
4167668264
4167610920
4184384040
4184388152
4217934360
4219008536
4198006393
4265155178
3728284266
3597207850
1458112554
1122568250
1122700302
1122635790
65671174
32112642
7999490
8003586
8019970
24835138
24874194
40601810
40605842
40605874
41531570
41548018
24770802
7960690
7944243
7944497
16463665
33235504
66790000
66790096
66835072
23839377
6917777
6916755
15567538
15571634
10861234
10794930
1089775330
1106567910
1138549734
1134405606
3264856038
3264986598
3264912886
3264976342
3271078390
3271074301
2464719356
2523504764
2519314792
2519708456
3039728168
3022967352
3022410248
4029092360
3760460344
3760469544
3764657448
3840150568
3856927787
4024699914
3949792330
3945598154
2066549962
2036931818
4188615786
4188615706
4188655626
3685322762
3685462074
3668680746
3668681002
3668681259
3672744473
3664360024
2586415736
2586411624
3123417448
3123351656
3123364072
3106586824
3089778632
3156893384
4230630088
3962292984
3974684392
2762534888
2762532329
2762789322
3840688970
3849081450
3844878954
3878498922
1731015194
1731014922
1735200858
1710044394
1705981098
1638743194
1907170442
1940724874
330128522
334353546
61321610
61780362
1135522202
1135534506
1135534506
1139728874
1131307502
1131030014
1131032062
1130970366
1139350782
1105926366
1105878222
3249175630
3316380750
3349738621
3353928044
1172873580
1290318380
1290318380
1282127404
1282397752
1210441276
1210449452
1478552108
1478553132
1478555180
1479602972
1498460939
1531023642
1522767162
3670252842
3670251578
3670063162
3670321210
3670391866
3671061562
3662565402
3662282762
3662286874
3402250026
3403286058
3415868970
3401123610
3404203274
3404223754
3404263435
3395874937
3395940729
3412775241
3379216713
3362409801
3362474363
3362269675
3425184171
1277770139
1282021257
1156256392
1151873688
1152914088
1089999528
1077417640
1077698216
3989212
1896004
1371908
30852356
64414977
58123265
37151745
37110848
37637200
37684241
36574481
40763667
40833810
49242674
66019890
32371250
15588914
82692626
78367506
78371603
95025937
132774193
107539744
103342368
103346208
241795120
241860608
258642240
157987653
149590620
145460828
145463896
1219205720
1223277176
1223212648
1491660392
1483535976
1483494248
2019849000
2020877112
939860793
956375850
956375354
989929754
994250778
977473594
985728026
985924698
1061440602
391433370
324390026
326470794
326995082
309298586
48731578
48600490
44422058
1118294970
1119802250
1124004762
1123721706
1123590250
1123591278
1119403102
1186640974
1189782607
1189781581
1315614808
1311436824
1328164920
472592440
405411112
405411368
405409320
409863704
418125320
417604104
409215496
410285595
164912698
197492538
176515946
176515450
176961867
245107145
116983128
115933304
40566908
36307028
36307136
36335809
53113281
53134787
57395698
57268658
57276850
57277874
57276850
32106930
15329714
15333810
11127282
11131250
11270418
27901298
27829729
32023009
23830929
2789761
6980993
7046544
15435664
11130800
11106017
1088972326
1080585766
1097362222
1093425966
3225213226
3229145402
3248004362
3281752330
3264905994
3334111754
3334189675
3337135080
3328745960
3328741800
3592984040
3609892856
3559558728
3559579144
3559570952
4096765464
4096566840
3022837288
3027027496
3035416553
3052193466
3186410170
3186426538
3178042026
2670663082
2674603114
2682993706
2611686442
2611618842
2611635210
2594955274
2599133195
3668672792
3668673400
3672678888
3664294392
3660103800
3660300392
3727310952
3693745528
3693750856
4234820296
4243262152
4238891736
4238929656
4239193848
4104946424
3035398889
3043791530
3060643498
3194484650
3194480554
3194299802
3194229146
3177513146
2633892074
2633904250
2631540858
2631476314
3751289946
3466163274
3466281163
3468280008
3472486616
3471433976
3463049464
3458978296
1596609496
1546278472
1546276360
1546275336
1550518808
946616888
1009527337
1009527339
740560186
606342618
660669594
643891354
644944026
642851002
574693562
574824618
851648746
868376810
830660842
864481498
852853978
851739898
843353258
843876522
839747770
839899290
302938266
303724698
307903450
301607642
284913371
279707225
279705097
279688728
279488060
334014252
317234988
308841773
36276287
37406750
37361686
37365782
41560114
66730290
60426803
26877457
96087552
99231232
99230208
23773696
23823104
19628865
23822801
74154899
82412211
82416371
208246389
1277804093
1277803068
1495919144
1530456616
1534650920
1538805560
2042103672
2025330616
2025337785
1554522538
1559766186
3715654826
3742917802
3590907066
1447683210
1456054410
1451991178
1386131594
1386127514
1390338218
1383977130
1396524267
1361974523
3496359131
3513136251
3521518699
3521452346
3554949914
3248777738
3248810586
3232234010
1085210138
1206818315
1181319961
1315471656
1315484712
1315482664
1311288364
1311505436
1311431692
254434308
221121860
204344193
209521586
217918370
211299234
77081522
77148034
79304578
11143106
11142082
11092803
11063632
32092432
23826704
23823104
23823120
23638560
86549024
86615573
69918223
204130827
137087547
409520681
1488510760
1572371816
2109242792
2146987432
2137580968
2000283561
1463412667
1450832826
1448735162
1389228458
1385148586
1386127530
1386127530
1392418970
1384112331
1378730203
1378832633
1378758875
1361458267
1348877402
1088822042
1084623386
1084496410
3232000570
3232033338
3232546362
3249321498
3270349371
3606020921
1449755960
1583920168
1583918124
1579727916
1579793468
1579842572
522849284
489293892
422185440
422189795
233511650
262748898
263727682
263728642
245966338
111805954
128647938
65650946
65634578
65634610
32080178
74158358
74167070
82425659
82427449
216644152
208255512
476692024
405315112
947435048
1014543976
746108648
745076392
627605160
623455913
1999191995
1983462586
844838058
849289386
849158330
848126090
848261274
315547818
315547818
324424891
288773517
270953933
270938077
287320557
291518959
299907438
299989854
283310926
283359562
283229466
1357165882
1357165610
1403303226
1923454778
1924111929
1991220792
1995283000
1982642744
1445828920
1445382188
1445333052
388368404
388368404
388442135
125118962
133574370
129373874
95815298
96339586
78448322
1152241154
1101630738
1101771794
1101766674
1101635634
3249057825
3299389728
3303584740
2489892516
2485820060
2485820060
3559627420
4096514744
4029372072
4029428392
4045681384
3810800618
3814990058
3823379690
4058332410
4126619850
4109773002
3568711882
3584433354
3585025226
3349946570
3349954682
3333210346
3334074602
3334037738
2264425706
2255027450
2255080923
2238436827
2221576665
2221577176
2498466808
2498335480
2498279160
3035145976
3026759416
3022831144
3022888488
2704117288
2703595048
2703533608
2703549992
2736903721
2736867115
2736867178
2791376250
2791378202
2791376922
2800171034
3068602394
3198625818
3199151130
2662216730
2666139674
3672768522
3672772618
3421114378
1235881994
1269503000
1252596856
1256740968
1248386408
1244265816
1244312776
187348169
153809098
137090250
137039066
137042170
1214978538
1219181162
1219181162
1286155002
3433574042
3433576074
3433566874
3299349179
3299373753
3303666360
3303667384
3303602088
3295211436
3291278252
1143794596
1161096100
1115155428
1115155444
1114896720
1110637888
36885696
36106432
36098240
36073680
19345584
2232529
6422993
14811767
14747183
14710318
14741034
14724650
299936298
316709690
316966970
316966938
1449495562
1986901001
1986830360
1982439464
4129984568
3861549336
3962213912
2888474168
2892667448
2892728872
2892798504
2888625704
2888623656
2888619560
2754368104
2758546344
2759590328
2759656892
2783511996
2783517884
2779331773
2712370359
2813293750
2813224094
2813223118
2749785550
2741446622
2736996046
3810733006
3810601214
3814734062
4091612398
4087483610
4054979786
3585221834
3568446538
3572575242
3300142138
3315940650
3315940650
3350017082
3333165130
3333161050
3337356538
3337372907
3328728249
3328801944
3345704328
1298888072
1282110104
1282372344
1278046840
1278009912
203748888
472184344
472180280
488941369
489005850
526492426
535017226
1589090059
1588961049
1320524600
1190517752
1189464568
1181568408
1122829704
1122632072
1122632091
1122644474
1131291118
1097736310
1076768774
1080972290
7230530
7263298
1089467586
1081078994
1097856402
1131410834
1123802578
1123798994
1123667954
1123614627
1122561953
1139338660
1089072548
1089205652
1080816052
1081733540
1076425701
1076679535
3224171310
3227902750
3228034830
3236425482
3299212090
3315923754
3332696938
3333286906
3333290427
3337407897
3261910168
3257779352
1110429912
1110368472
1110335512
1110319132
1109798940
1093022516
1076237877
6690325
6430211
14812673
14747137
14685713
31733301
132407077
107268407
1177000214
1176934658
1194236930
3488515074
3450437953
3450372596
3433607908
2360058612
2359993076
2632627956
2632949476
2624372460
3161238252
3173296744
2904861288
2905906729
2905915001
2939467355
2942607947
2909139515
2775433770
2775433771
2771244651
2771253115
2737697785
2741982169
2741981657
2792165817
2808943035
2808418746
2808419770
2775006618
2783393946
2917611674
3169794186
3165595786
3165468810
2628588698
2628653194
2645430410
3451789451
3451216025
3484738473
3489002473
3463681001
3459483499
3459485483
3325082427
3596659035
3596675529
1449158792
1449344152
1377967272
1344406712
1344406920
1344407176
270677640
811606712
811655912
551592936
551596392
551588152
551663417
1902231067
1902231066
1898052122
1897995834
1365319210
1407261994
3550682154
3601210410
3617983514
3349625930
3350690890
3321353290
3321811274
3355374458
2264916778
2264785706
2264721195
3337411961
3329083640
3329083560
3262109880
3278829960
3228491400
1081001608
1344684680
1344602808
1344550568
1344284328
807415272
807415016
811611177
820064314
820064282
283209738
283210762
283204874
10574106
10705274
27408890
27404746
60959113
61046152
40097160
304189832
304121336
304121320
304136168
845196920
853655160
1918998136
1914811001
1914942011
1931719210
1361228330
1344459306
1348935466
1348933898
1357723914
1353267306
1353390315
1370097816
1370095752
1374306440
1395245448
1395163880
1932042792
1932304936
1898750507
1902491194
1374018090
1374550570
1408203050
1383069754
3597391882
3597388810
3605692426
3605692426
3618287626
3618279690
3316306186
3454673178
3446350122
2372412714
2372416810
2297109802
2292846378
2292911898
2292719114
2292727306
2296911626
2296907530
2313683291
2313769339
2313937275
2313937259
2313802089
2305409385
2305409385
2305414521
2305553753
2305555913
2305420633
2305419643
2305419643
2305555275
2305556299
2313928539
2313795449
2313794920
2313786744
2313785688
2339091832
2339083368
2347338856
2347351144
2347347048
2347478120
2414521448
2415566700
2398785132
2263583324
2263386700
2255002196
2250816116
2536094308
2502605412
2485828197
3026893415
3026893415
3035150967
3026762326
3043539542
3043621494
3039558263
3039378037
3039312500
3039378036
3039378292
3043571796
3047757908
2511149172
2511157365
2511157367
2242721878
2242721862
2246916166
2247063894
2247097174
2238578390
2372777942
2372776446
2381295806
2381295802
2649600154
2632822938
2486023322
2486024346
2486155450
2484795834
2500524682
3574476426
4149094026
4153356937
2006913672
2141131672
1608455609
1465128441
1460934139
1427244427
1410738058
341259146
366834618
396157355
396157097
379363544
375169032
389592072
338336777
338344219
275426091
1357810474
1357680410
1894548234
1961722379
2003731019
2003735117
4285440637
4286359148
4294748012
4294763884
4294726781
4250875101
3176609245
2669033455
2669025199
2537955246
2529439118
2525244814
2525244558
2525850766
2525885598
2458695086
2463924718
2463990127
2977857565
2961084428
2956828684
2956760084
2687796260
2753003564
2752959532
2752967980
2768662316
2940611181
2932222572
2928085612
2927955708
3196335836
3196347085
3200541389
3200635357
3209155807
3176062175
3177102542
3177098438
3042884822
3042940022
2757726294
2753413399
2753548599
2753520423
2753389095
3831312935
3831301687
3831432757
3965519189
3973582164
4242017492
4258798836
4208667860
2061122629
2063211527
1526412294
1526538550
1543250214
1543320358
1537151782
1519870486
1522852358
1522852359
1522905926
1523036486
1523029462
1522914550
1480875238
1476869358
3628998127
3628994559
3637462767
3637277423
3637310191
3628380829
3678708365
3670319757
3670321085
4223972780
4224171500
3217464556
3217460460
3192294525
3188100191
2919674958
2919731662
2936521210
2937569514
4011835882
3982443882
3990771067
3990764893
3992923980
4026347340
4001113884
3999016317
4267512701
4267643901
4200207327
4208613070
4208615118
4221263566
4193908430
4260947934
4244169215
4235780607
4235817467
4235941371
4235943419
4244205035
4242025963
4233651691
4250427897
4258853337
4292399577
4152940025
4153146873
4154128729
4158323023
4158323791
4118533198
4114465118
4114432382
4097786222
4099896174
4108154727
4103948151
4102901573
4108285765
4233979459
4233978482
4232864358
4232864374
4257493622
4257547862
4292806486
4275991926
4292603191
4292469821
4258837532
4258837516
4250444892
4246254680
4280015992
2651487481
2651729373
2651733469
2521698301
2530150125
2525827821
2542613229
2543670268
2476524020
2476508276
2447150165
2438773781
2434771985
2417943569
2417947665
2416865587
3490607395
3490648353
3578610467
4157424502
4136400214
3599560662
3599301590
3603487574
3595066238
3725164414
3725277022
3725206478
3725205962
3725222858
1590322138
1569388442
1553702794
1553697737
1555663304
1558744152
1546163320
1546167400
2084085864
2132451436
2115674476
2114631532
4014573311
3989409750
3972763094
3964250334
3892898014
3894013150
3898502390
3915265511
4208854503
4199879670
4199813990
4199809894
4191421030
3633780342
3633718850
1486300738
1217667649
1216619072
1220813328
1213518640
1209306368
1259768064
1511434500
1511434564
1510447700
3661871828
3661866692
4194407044
4194337452
4194366124
4211106477
4215288239
3112382638
3179349166
3163901102
3182841022
3210148046
3205945806
4262895438
4263423246
4267484174
4277986330
4294963257
4294365240
4118200376
4118233208
4111811944
4094966248
4099156969
1908747003
1908816538
1938693770
1927153290
4065919882
3528983482
1918398894
1943593390
1905910718
1889249181
1891145628
1890095028
1617473524
1630055924
1663673716
1663808804
1647027492
1646961700
1714074660
1714330679
1714342918
3861797126
3995482374
4016445734
4024834350
3919973166
2846756622
3919513102
4169688653
4186465805
4224312893
4208582191
4210609455
4210609197
4201180205
4196983885
4180403276
2032858188
1747637452
1748684780
1761332972
3904495340
4187553532
4187549388
4165529284
4178177988
4178247636
4215984109
4207529839
4203236655
4208807198
4200535046
4263457798
4282330198
2099133558
2103313767
2094990051
2090140387
1553412819
1553281607
1553216071
1559499358
1425334142
1421335151
1958132475
1911990938
1937549962
1916582538
1983680138
1982646202
1982715306
1982681258
1986793706
1986597098
1996185710
1991958654
1991942518
918206295
918203713
1069197313
1065072641
1060739089
1042922545
1059644453
1059709989
1042965621
1043220453
804245157
1874710176
1839062704
1838677696
2092301760
4235525313
4230802513
4096780145
4230936161
3966717667
3974962914
3974971058
3974901394
4260113842
4294710434
4277407922
4275511510
4275445958
1993745431
1993833759
1993734941
2144725532
2113387020
2096609804
2088672780
2113768716
2146997308
2121856045
2117653551
2117682278
4130997446
4131263686
4152247718
4122824358
4103986850
4103470786
3030232770
3030232641
3030171248
3036458592
3023875632
3023883824
3023900272
3023900256
4097579361
4147910691
4143454259
3602593811
3600427027
3600428035
3330944002
3330938178
3330987970
1201387458
1301910978
1555664370
1554615538
1554619507
1558819956
1546236020
1546166500
1546154220
2083139756
2083398828
2084449964
2097089199
2092894870
1556037318
1421813318
1420567110
1152131655
1156343671
1173120119
1206803541
1181633601
1198474561
1173213457
1173135668
1424859428
3589251428
3614358772
3597572308
4142827972
3069151876
3060567700
3057431212
3191628525
3057394413
3057459817
3073127273
3035365487
3030646894
3030715486
4238768158
4239845390
4250380302
4261783566
2114365454
2114364430
2115403790
2115928094
2115944575
1983791229
2000355580
2101028328
2105158376
2109684456
1975454457
2009012937
1589407435
1593603786
1585238458
2119799274
2118759918
2127275118
2135659615
1063236679
958390341
943612117
942551281
942543347
943129250
947196642
951325282
951333410
414986758
1486627342
1486628366
1486678537
1486797321
1558092297
1568377353
1596492297
1579716153
1579716217
1579976441
2116997627
2117005547
2117951723
2115772587
2047680687
2051940527
986063343
986060279
965093831
415640519
415378375
415435735
406855671
943728101
943726949
943722853
943806309
952133477
952166229
960542149
960542149
956348373
956547061
994221797
1002609253
998488695
981581591
985709591
2047054870
2114098198
2114122790
2114124902
2114125286
2118311862
1740820118
1686292102
1955055494
1954858399
1954862509
1950674925
1946971693
1963863564
1931361796
1897872948
1893482277
1620843813
1889469709
1888355599
814154015
818156351
818161470
818177919
834993631
298618303
1372360094
1372360094
1372425614
1372231054
1373287886
1369088382
1402659182
1406820654
1406820655
3554305903
3545988989
3545975773
3544832989
3540646861
3545087948
1397733316
1397732165
1364177733
1364108037
1364107525
1365177623
1360974887
1360354342
1343585318
1347894374
1346772310
1355239255
1355040595
1355085681
1363473264
1397028208
1380250992
1380441457
1380375889
1380384067
1380379971
1380384066
3594931522
3594995058
3603289954
3604341730
3583369970
3565545170
3569743555
3703949255
3703883239
3720672487
3729057007
3590612205
3590595837
1443245197
1460018573
1431703245
1425410783
279906911
279788047
279718469
283979461
15544240
15480736
8132512
6034336
21762976
47002544
114172800
114193345
116769570
115398434
534832930
476096290
476098342
409054998
425961750
174319886
1246886174
1254607134
1255065886
1254816062
3402296702
3402360158
3381261598
2293858590
2292941140
2292944980
2292813936
2561181024
2632486624
2624162528
3177877216
3056240308
3057554100
3057554101
3057619623
2789012143
2805757869
2754362536
2758551740
2767072412
2762878093
2762879118
2762895518
3048173818
3069169722
3060712986
3060727310
3060723214
4134432270
4146865694
4113314350
4113301743
4117496041
4125557928
4154856652
3617993932
3601229005
3601064893
3530613677
3543458749
3509901245
3507865277
3495874237
3504271036
4041205405
4057982621
3548115599
3597390558
3593074478
3597460782
4134331694
4134333502
4268260382
4268383262
4209660958
4226708510
4193137974
4176295734
4168885781
2019309060
2018449012
2026708580
2026643300
2026119012
2034515396
960768452
956573764
939862356
939997461
943798547
943790386
943790386
968956690
968956691
968964883
968898833
968915281
968915281
960616816
960616944
960616880
960748944
994286992
977515920
977384884
507623348
1044486069
2118361013
2118360735
4148403166
3854809886
3841108510
2695014974
2695080510
2699528766
2691075631
2704197164
2704148004
2771125796
3039561252
3043495732
3043499060
3051895856
2510830688
2678590694
2678791398
2393519286
2259412102
2259264646
2259260566
2263714966
2255457414
2251134341
2536355268
2502797252
2486085444
4097748740
4097747220
4095666468
4112509284
4150151652
4133374853
4275441285
4277536389
3220636293
2681483941
2647925735
2625905966
2626954286
2626956318
2627021854
2358590486
2308259094
2307140886
2344959798
2344945526
2336687574
2319794629
2337394820
3411050628
3406856340
3373307292
3640768412
3640766172
3640897084
4177767996
4249071164
4249073180
3183715897
2915284331
2948830442
2806484138
2785512618
2785447098
2786516890
2786514586
2788579066
2805871355
2775396955
2758615899
2758615503
2767009022
2762806511
3047949423
3047965823
3082773581
3086935117
4135511117
4135576585
4135443771
4135583611
4135484266
4135484010
4135276154
4134096730
4134098250
4151038030
4151038046
4118401278
4110414078
4110397655
4110333141
4108293333
4099407319
4233619441
3159746273
3168073317
3168040549
3168564773
3187420725
3179101973
3179224855
3211730198
3221167414
3216969062
2679967078
2677282166
2681480646
2656397255
3726111173
3747017156
3747066324
4282693108
4249139188
4244942676
4245532436
4249790260
4150179621
4145988381
4145758989
4147721997
4147849023
4114235247
4118420334
4120775662
4154395134
4271656158
4270605518
3733770446
3729584207
3725320287
1578819709
1562009981
3694814172
3697958620
3706343132
3702082205
3703102109
3703107261
3707299247
3721979327
3713783199
3713778175
3713651183
3713921519
4259312127
4259312095
4259312095
4284084607
4284085759
4284216831
4286313983
4286313855
4286183295
4286183295
4286150463
4286281503
4286215965
2684229404
2650742588
2633834300
2631737148
2556239676
2556237628
2564563772
2577146652
2576965983
2576962030
2610480366
2614676718
2574814446
3107556574
3145379022
3143281998
3210653517
3205465820
3204744956
3204773564
3204507324
3170988716
3171120044
2780918189
2776745135
2810430718
2811485454
3081891598
3077615166
3043270207
2972188173
2972640780
2976769852
3077358892
3086795820
3070084157
3070186591
3061740638
3077465462
3043915254
3028186582
3170779014
3170774918
3162453894
3161982374
3178762470
3212390622
3204133070
3199889486
3199951950
3204047966
3212373114
3212422490
3210460506
4284465098
4250902491
4250766841
3982265849
3981286520
4014994552
3944730648
3927953464
3927691304
3929763880
3929759788
1786406204
1784360733
1784358429
1801130591
1801130711
1767576287
1826558622
1826034362
2088965786
2088853386
2105572234
2143349658
2126572474
2126559642
2126773706
2135147786
4250386699
4244554553
4243256104
4243252008
4243186472
4235784508
4235838748
4282111324
4265207133
4265125245
4198086527
4202361726
4267373406
4267701086
4283356510
4249275742
4241935566
4241902815
4241972383
4244069535
4241839551
4233377455
4233372333
4233896621
4242289407
4259141151
4260976406
4294506294
4276675894
4276725014
4276791062
4209678087
4202419717
4216968709
4216979036
4179353468
3911175468
3915238700
3898444844
3897924652
3905270844
3905201244
3896812613
3892633799
3892404358
3892458658
3892450466
3959555234
3980592290
3988981202
3985781570
4019335683
4019417601
4287717893
4287848965
4247977479
4097296919
4095592999
4112288294
3880557094
3867970430
3868759373
2929430732
2935664844
2923081932
3208311284
3155895013
3155894887
3088654886
3103265318
3099066918
3098019174
3098024182
3098024182
2578126999
2612680836
2675629188
2386548100
2386555268
2654380436
2652284327
2651170726
2667949990
2638327766
2646843142
2513679895
2513823293
2515857980
2516374068
2499626788
2491156260
2491155748
2486764581
2484745253
2489195573
2514377797
2543778885
2527001799
2258558407
2258488790
2254233062
2250047334
2266789670
2233348886
2216567554
2220765954
2224632114
2224583010
2493047009
2509824176
2545517700
3605564548
3592997012
3592997044
3593358492
1446926284
1463690956
1428039256
1423713848
1419535929
1419568681
1440540521
3588011385
3621553625
3623650763
3623667163
3589707739
3589711359
3589711343
3176574317
3177028989
3210517820
3193744700
4275877180
4267675708
4267364381
4263211031
4281933878
4231734306
4231670818
2084179746
2096760434
2092569282
1958376066
1958474114
1438376067
1449780353
1445578881
3593177505
4131359392
4143815328
4139559648
3871125012
3871124996
2797053444
2801771300
2793251108
3191664677
3191619621
3208445991
4231728230
4231666786
4235868530
4244250114
4240051714
3702195714
2628268545
2678596097
2263490816
2263502848
2259305664
2259403904
2259273124
2260271015
2528702382
2541285038
2502463418
2502664090
2503654810
2537203086
3074139534
3071911375
4152067341
4160664349
3204358973
3203326781
3211649837
3211293483
3107468074
3090683690
3091013418
3095083818
2562402618
2562275386
2562202654
2562200590
2562195471
2566406149
2289759060
2558173820
2574951004
2570765900
2604255820
2586413644
2586421868
2590551020
3127426537
3127410842
3144188058
3110633642
2893713578
2893718698
3160059371
3176853068
3176784396
3210289684
4284297748
4183630359
4162794278
4233367846
3705406502
3707570406
3703441542
1555961990
1559165062
1558625414
1609864582
1582609334
1590469542
1582146470
3729695718
3730220006
3730162150
4269077478
3221088238
3202276847
3063926255
3067399671
4141143493
4132758724
4133348804
4129219892
4152250660
4152247076
4118741300
4100792604
4101972252
4043256088
4040951064
4040952616
4032580392
4032690728
4057852536
4055670472
4055664329
4059857547
3816587930
3816723178
3812537066
3812533994
3812535770
3783240938
3783107818
3778855018
3761029194
2687455307
2704175304
3777897960
3782093484
3824028332
3820817036
3820756620
3820762764
3820757663
3820970686
3820872558
3823951918
3815538730
1663877146
1663886346
1663839242
556547082
539888650
540938026
568200874
564006570
597646986
1654455947
1654435211
1658631305
1649185944
1662955736
1633591353
3781091625
3764314923
4041024042
4057735722
4049419818
4048099882
2965969514
2965977834
2978552795
2442665353
2478329225
2482554248
3530085528
3530159288
3530286237
3547260061
3547264447
3514758574
4049527214
4048347622
4044157431
1930212319
1930294239
1896146893
1879846733
1879849805
806226301
806237485
1893605419
1889431579
1908264971
1908261129
1375503627
1373411627
1365023019
1348241694
1344182542
1344208142
1348400134
1358614582
3569020978
3567951890
3572150355
3706294387
2674627059
2653586883
2653673411
2653542099
2657711842
2667132642
2683843298
2629313250
2629314530
2633508338
2633708994
2632603074
2624290242
2642148802
2390491074
2390482882
2398748658
2396645347
2665015281
2665015217
2656592304
2656654752
2675656100
2642105764
2642113972
2641982932
2641982932
3698947540
3715722580
3715723060
3715858228
3715858229
3749707541
3749704965
3749171525
3749040599
3730084271
4265911727
4265911719
4265928615
4282841015
4278646679
4246652631
4246685213
4282347037
4286263069
4293623068
4293483580
4272538668
3215508540
3220754525
3220762845
3218711039
3185173423
3185173423
3185178287
4116403887
3558805439
3491630031
3497933198
3497933214
4043250846
1895636222
1903957246
1903432830
1903435790
863264782
829702415
829899021
825676061
288813368
326497320
290749676
289671340
272894133
272894357
4590481
13008561
8545939
8577666
1083351682
1106420418
1138926338
1122087730
1122018594
1122282787
1390917905
1390844176
3530394916
3593264932
3610048292
3576559420
4117755757
4117690237
4110341583
4110321095
4110386503
3562861943
3562856741
3021791525
3023855973
3044958565
3044951525
3086880725
3082686403
2543795138
2543598066
2531011682
2522102823
2517963797
2520190980
2524328212
2545295924
2509648404
2492756496
2625921568
2361717283
2353321570
2353846242
2618082466
2484389026
2484438162
3557985410
3556940930
3573722498
3590500226
3594628994
3594757526
3594974694
3595978215
2522695031
2524785943
2541698359
2516409405
2516344108
3051945260
3051994412
3081411868
2814022668
2811924492
3872952332
3864563823
3876094190
3876225454
3843736494
3826930598
3829014966
3829080470
3833143478
3837461943
3769503733
3769502213
3769510405
3786238469
4070894087
4075089414
4068332814
4061970494
4061937726
4061986878
4062131222
1935549718
1972776486
1956003367
1419054615
1419187717
1423790595
1423762195
1414309667
1976083747
1976077683
2009631857
1984462960
2114625600
2114625536
4262125572
4263133460
4282009388
4247407149
3974715947
3971537450
3971545642
3971542810
4239974411
4235751435
4229447691
2082087209
4229571369
4246348331
4258926191
3717925739
3717733337
3619175369
3622312905
1168640713
1286082253
1286084349
1220031206
1220027110
1224221154
1210597602
1227804834
170586242
170586306
237666754
241795523
519672288
517518304
1581821669
1560849069
1544141501
3712654015
3611990687
3599404942
3533603726
2459877774
2461524415
2532696303
2524242159
2524816621
3061234773
3078003781
3078003975
3044904215
3044842791
3025977191
2753542007
3021403735
3021370054
3172348502
3172415078
3207937574
3220442407
3215199269
3215201300
3215269892
2644910084
2646548740
2644271940
2413609676
2405418687
2403323822
2671544750
2637990062
2638055582
3175004302
3158224078
3177098315
3177096217
3210711084
3191140396
3191136300
3191136316
3191202092
3218498349
3213251311
2911225518
3045117614
3028605854
3032799630
3037059278
3071265222
2987300694
2988356119
2787041815
2791236101
2791100956
2786382124
2803680364
2757643485
2701023439
2701015502
2965257150
4043061934
4059839150
4084744126
4084739470
1937253518
1903898783
1895444639
1889153167
1891250575
1890116597
1894289957
1349031701
1349037335
1357424919
1894492438
1894431030
1911208214
1667926038
1727694854
1725606919
1721414709
1725464612
1847099428
1863888956
1863901212
1863999596
1866080356
1866072804
1843987188
1823147733
1823153879
1823161046
3970530038
4239977170
4235782850
4229688258
4246465986
4246267074
4133240994
4135518370
3606970498
3606712450
3622437026
3589870498
4105729699
4106025651
4106025601
1467787909
1447013061
1446948801
1981720515
1981268950
1981268326
1985397031
1996375343
4142751021
4134021405
1986538269
1986604573
2120963645
1585136189
1593397789
1593406029
3757830863
3724267999
3707355391
3707355391
3707499743
3707499919
3573274013
3562751935
3562756031
3562742207
3571261887
3571261627
3590131963
3590127739
3590140955
3581682747
1434201403
1434201403
1467841819
1467833611
1467761930
2013054218
2147336986
1979286330
1979429482
4101612139
4101547755
4118329065
1970852601
1970914041
2000319097
1998217833
4112212843
4116210154
4116213998
4124635374
4158378238
4158357710
4091252110
4049444238
4051475407
4118780381
4118715644
4118193404
4048987612
3008815564
3007832908
3007706717
3074750063
3041187374
3041744430
3026137646
3026133534
3160225054
4233901374
3990625326
3990374459
4024125705
3997944073
3993689864
3994807816
3994592824
3998786088
4017681001
4013486699
3979932395
2939810538
2943997930
2816067050
2816069098
2810830330
2777405402
2714453706
2714453642
2957659803
2966056365
3033098412
3029915820
3080308988
3063667804
3067786244
3201212421
3192840199
3188711462
4262027366
4262072558
4278845694
4179232719
3906604745
3973659336
3973589720
3973605944
3973638680
3973642761
3973604875
3847774810
4116275834
4095234794
4099425258
3024634026
3033035946
3033037054
2961918031
2424982797
2441741064
2479497736
2463769096
2526548760
2545434664
2543377448
3080230953
3067713627
3193616458
3189422922
4263286474
4265116378
3929571914
3946562122
3944403562
3915051883
3914032489
2848482665
2840094027
2841142219
2908300250
2889561082
2893754794
3170447530
3164083370
3180922026
3180991642
2643082378
2508930186
2542362107
2546488811
2504638843
2487975947
2497425481
2497421513
2488898809
2484701353
2484832681
2501552825
2652548747
4263175818
4263170954
4267361098
3193618730
3204174122
3203978538
3212373291
3178884891
3174688539
3157911067
3179016731
3178910426
3178845946
3212326574
3212328430
2664963310
2665027818
2681813114
2643138586
2626292746
2357857546
2358129930
2359058746
2359091519
2359074941
2375844316
2247919068
2507968156
2506984124
2502924988
3039730428
3074341612
3007229612
2988355500
2719999149
2719798446
3793507502
3810284718
3810155694
3812252863
3824868765
3820670668
3820551756
3808193996
1664888012
1631331484
3778426284
4042658477
4038197935
4104192686
4120924910
4125156910
4083213598
4079004942
1898031118
1700964366
1700964366
1734785039
3844512780
3844508684
3762210028
3762274796
3762058220
3766231772
3766235868
3787421423
3786827374
3786872430
3790865022
3782480478
3761508942
3759223374
3759154014
3759154543
3763341421
3770943549
1620461597
1620494367
1891034383
1906762247
1932452358
1915634246
1932395094
1898906982
1894521062
1908156646
1924933878
1388195014
1392387462
1384006017
1383956640
1927065760
1927061664
1922867360
1923068032
1910419584
1902022849
1897825473
1628997857
1631107172
1631381540
3815696684
3803114797
3803174159
2747061263
2775872526
2755493166
2759749166
2902332974
2898133566
2898068062
2902196958
2893292254
3174311406
3174309102
4250163438
3986028671
3985041485
1837541452
1875290188
1845927884
1711640044
1712114924
1712082157
638387375
1711681710
1694900414
1947345342
1962017446
1955725990
1955710630
1686154886
1619045062
1904257735
1937807957
1921424725
4073096196
4062085133
4064211997
4063853677
4062936175
4079638574
4050536750
4054716174
4038657798
4042798918
4042793927
4042863349
4038735596
1908018860
1907886780
1944599244
1400389404
1396207644
1396240412
859353101
859615245
859676735
840934447
839683182
839683230
856605838
823022734
805975438
810169742
284769934
279457455
279455407
833168041
866669257
854110729
841519369
841522201
841787432
841787432
1915725864
1915661320
1915396104
1932165576
1667924728
3786048232
3786076905
3786008105
3823658539
3816300842
1664626698
1662910474
1612578874
1612592170
3766385962
3770599979
3768568537
3767305864
1640805004
3758916236
3758805660
3758805685
3771364007
2693412838
2962778086
2964874534
2968020246
2989158150
2989162246
2989153030
3002059062
2729232750
2729244142
2729304974
2725245583
3794518683
3794522793
3794599337
3798793385
3807171817
3808219225
3799998475
3812581387
3779026955
3761135659
1617885995
1622067755
1622133291
1638779513
1672280777
1660741579
1648124107
1648173194
1648177322
1647784106
1647710634
1668417198
1672611519
1672500877
1672537805
1670440524
1670424076
1632675356
1697949212
1681253916
1680754237
1684948525
1693060911
1823165486
1841056814
1878791214
1851072590
1863327950
789586058
788660618
1023545002
633481898
1702898347
1736469147
595618443
578878347
847566217
865390729
865890457
830353577
809377961
809116077
808072173
812565037
820822573
816643597
816098061
816101389
828749839
841922574
841907406
841875662
841875598
841876414
854467246
866984618
833364715
833369819
833371851
871131867
846195707
846065530
862311770
862449994
837280010
837284122
820367658
820367658
811716906
274822939
274948891
274932523
284234555
284504841
278340360
282538248
282555688
324529448
304064968
304056712
310217097
847088027
845973434
862761626
862761626
862749402
846107498
846127402
1928241195
1936632873
1936566329
1902951688
1904000776
1904058312
1902086024
1935590296
1918878137
1918685611
1926783403
1943695787
1945776619
1895432555
1894273323
1885889849
1885892377
1881697033
1881696777
1881701131
808372507
871288043
850314427
850378891
854573199
854511759
846131343
862905518
812543150
812394670
808196270
539761822
539234702
556208782
593900207
581378799
597975791
597975645
598009357
597999161
871153449
921550649
921435931
921427739
1055608123
2120908074
2137681194
2070834474
2070822666
995962634
994846410
961360522
960901818
952570795
948270505
948239549
2026158236
2109773980
2101386652
893435804
893632156
893828748
893812381
826744511
558183854
558249134
559288494
561447086
560218318
560222286
560263243
560266251
560441627
560376091
593934649
593987865
560237833
543536904
543602188
551719452
551649852
811644477
824239677
1915977533
1915899117
1917979813
1917985973
1926377653
1389760701
311886781
312279775
314507978
313520650
317514554
325887274
288139578
1345296394
1345226762
1344702474
1348896778
1348766778
1345118235
1349280025
1399792429
1392390764
1388192492
1388196588
1391399900
1383925197
1396508109
1362976207
272498127
276691407
276102603
276090329
812959193
813036505
813147001
821404457
552903467
552895339
544510315
1614128491
1612164393
1612029753
1612025433
1612029512
1614280264
1618404877
1618409087
1677088367
1660384878
1652504414
1652389726
1652314974
1652343166
1660801919
1677719375
1644095183
1618865887
1618796207
1614661295
1629345439
1662833567
1646018991
1652314287
1660706987
1655529707
1655599307
1659773131
1650927050
593964538
593903082
569261290
565066986
564923643
548152523
552363465
544073033
544077064
556059944
556064040
556070201
593949981
862122301
904065839
903922479
937488959
937621055
2145576503
2112991031
2109796215
2109792215
2109857671
2093174727
2093107031
2110158127
2143740207
2136395821
2136965149
1998423053
1998368093
1997318649
2001516969
2001504443
2001569951
2001579166
1934598302
1900990622
1902002686
1901724143
1903890919
1885938151
1886070263
4034871127
4051524421
4059351637
1907677749
1939192373
1922346501
1922364933
3537158661
3537294086
3531010358
4063682598
3054821414
3072185382
3026095454
3032125391
3032125132
3032059532
3031991944
3023629736
3023858088
3023857832
2805336488
2809547176
2813513369
2813515337
3887112971
3852509198
3848314894
3844136974
3827557486
3827455214
3760327854
1612844702
1614154374
1626806918
1621441174
1638149798
1637903862
1671488583
1658904581
1646321668
1646502916
1646435892
1667406372
3823274532
3819146788
3887104309
3889205254
3847282694
3826311190
3826511910
2754764774
2758953638
2766293686
2763082422
3834674837
3855640192
3847234176
3843105152
4094894256
4099085472
4042458273
4041343139
4037153267
4037173571
4041406210
4041264386
4041255174
4058032422
4091586854
4066622006
3798371846
3795224067
3795747585
3866984481
2793177184
2793181281
2793267299
2789138498
2804867906
2771310274
2771110626
2775108322
2762529506
2762537957
2762537072
2762529808
2758407168
2754240512
2938789936
2922324000
2921727008
2935358544
2935109056
4021433024
3834852048
3834720944
4102043313
4102041250
1887447218
1887451298
1883248802
1392642198
303172742
303195270
305324930
317822914
313570786
315663462
839943270
856788038
856861702
842181895
577939975
586329607
850501175
1922085174
1926275110
1929433134
1879130174
1879441470
1880490282
1885214250
1891514922
1908361770
1922583097
1922628168
1921559240
1917364360
1930083464
1880773768
1880757400
1880756376
1881027000
1885221548
1889338092
1888223980
1888248520
1905042121
1938596553
4086077147
3800402603
3804727979
2723064747
2735647467
2735648459
2703143435
2703204875
3778929162
3812442922
3812503850
3816760366
3815705646
3782608990
3765835982
3765835982
3774220750
3772125134
3768334234
1637622714
1637639098
1637114297
1637281960
3789017256
3864055976
3859844328
3862083672
3862079496
3860900104
3793792264
3810574088
3760379400
3764569628
4041605677
4041671215
4041998887
4042011190
4033685078
4033752374
4043126818
4043065378
4093429810
4143879170
4143882242
4143887110
2121236999
2117042709
4264210212
4146768164
4113299556
4113059044
4113056940
4146615468
3865793709
3866817957
3875202791
3871077975
3885605383
3789070659
3763921363
3759796371
3760078979
3762160769
3762226593
3765245601
3769381540
3785896676
3785896508
3769115148
3769115145
4033356299
4029163067
4029177130
4034447402
4040738846
1956366414
1956288590
1973066830
1994044446
1987748927
1983557703
1983549573
1983631493
2000351377
1966793121
1954440099
1887376035
1618413203
1618415283
1643405027
1672281893
1672274980
1655496708
1676468228
1664082948
1898890260
1899906340
1937393455
1660486190
1660486154
4076548618
4076540426
4139458090
4137167466
4153944939
4157108185
4115187401
4094214857
4099637961
4107966027
4105867071
4105865255
4099782695
4095519778
4248363010
4147826754
4146725314
4150919842
4121563810
4121891490
4121763491
2515810977
2549361312
2532582896
2530484548
2257924100
3331678476
3264536844
3548686187
3515649514
3498870954
3512240298
4061763754
1914345610
1914348682
1914347657
842981453
842932268
826155052
808329253
808267813
812058407
816193279
816189135
279318159
279250575
280270543
280277535
821343791
821339949
544517161
543533113
589735945
573488204
1647219916
1647214732
1647231676
1647198765
1613632045
1617769007
1617700399
1617701422
1626089774
548145390
850331798
849741958
312873094
313946247
43315318
39100454
38051878
39100646
18803926
4089990
1090403206
1086197382
1086194358
1151156902
1151099686
1153229102
1157407021
1157147948
1156229420
3572153148
3576400716
3576335300
3745154692
3745153668
3728319157
3726238694
3730727910
3730711910
2531202342
2533168182
2264732790
2264674550
2213360022
2163110286
2427372429
3501163420
3501032124
3500971692
3496259116
3492064812
3492056860
1344726284
1881563420
1882071096
1898840121
1898840091
1937638683
1943959833
596425513
596413227
596412747
600606794
1665700938
1696240074
1681560058
1681568233
3827884520
3828888044
3829020076
3891932588
3870960556
4137302668
4070182540
4070377103
4069802638
4090819566
4082426350
4081430766
4081430734
4077166670
3792011274
3793191963
3879119161
3845564985
3849759289
2765535864
2765405912
2752815753
2752819849
2771698347
2775892395
2917449898
2950972586
2951093486
2942707791
2943756317
2926979381
3195936532
3204321796
3081384452
3181974357
3181908471
3165147638
3030938038
2494064062
2507726254
2503495086
2503822558
3558833358
4095634631
4032720069
1885240775
1893651911
1893651926
1887302822
1903989942
1916638342
1914696838
1646191750
1646187702
1646253478
1658639206
1643959079
3769386780
3773584908
4058801684
4058997284
4058919460
4092396076
4093379084
4087091913
4087098794
4072417450
4093577386
4085127322
1899903114
1899658634
1898566538
1898496714
1898463946
1932059370
1915283433
1928981740
1924852972
1388051700
1388168388
1392361551
1384042510
3544100910
3496915246
4042175790
4037983502
4037970191
4037904668
1911331884
1933356076
4064060472
4145999896
4112412680
4095606841
4095608105
4101375529
4109768235
4105508379
4103344714
4119093834
4119126602
4102334330
4236683114
4241395514
4233006858
4246445835
4246250825
4279805272
4265211352
4131045880
3862577576
3881722281
3890176427
3856496043
3856487578
3788854474
3814710474
3797876059
3797859645
3797916956
3797730316
3793540108
1914466332
1931419964
1943941932
1922957868
1922957871
1922892590
1993617710
1964254522
1947152218
1947135562
1951329867
1959706313
1951173321
1952221899
1880918746
4045179626
4051672554
4060067050
2981933274
2986119371
2986053768
2751115692
2751128236
2734351020
3808060084
3799593637
3799789742
3793495214
1662786794
1629228282
1614683226
545139978
547759626
547799561
549224968
566011656
1641851976
1661765880
1661765880
3809315768
3808859816
3775304361
3779502843
3763790426
3765756458
3765724138
3765710058
3765708970
3783002286
1652426942
1648237710
1648238735
1650335885
1677603485
1639891628
1621918445
1621923343
1621929487
1617210895
1629861407
1629925919
3760632127
3760640045
3781611564
3789963304
2750809112
3824561672
3824560664
3791002328
3783068345
3783006875
3816570506
4068214154
1928134794
1927692446
1924583678
1924587558
1907859506
1895080963
1886760195
1899993361
1933478161
1916713985
1648270353
1715373169
1848344817
1848299761
1869566161
1819218419
1751987618
1748250022
1748250534
1752182694
1827684078
1821466342
1821462215
1820393157
1820389316
1816194500
1812000213
1677868517
604126565
604114723
557975074
567411250
563155506
563098390
595616022
595648534
1656913990
1925350862
1917289934
1929692638
4077702574
4044136362
4056858539
3767446505
3784219368
3800931016
3801989000
4074759564
4064145581
4064088301
4063170799
4079890670
1882071270
1882072038
1895702231
817695363
815536771
1352415874
1352428162
1373563782
3537806726
3539898694
3538780422
3534524726
3534528807
2997657892
2997659172
2997724716
3002052140
2989329964
3057487596
2990530029
2990503143
3007263910
2955809942
2960012678
2968403846
4037942934
4037873318
4037805990
4037809590
2443997638
2985095430
2984813830
2984816390
4058557205
4058561076
3085679156
3060448788
3056248324
3056243476
3056259364
3057582444
2738684077
2688484782
2701004734
2696809354
3770551194
3770468794
3770480810
3769412827
3781993487
3811352845
3794575885
3794575885
1663951397
3777913127
3761139747
3828225057
3975088161
3970828288
3970840832
3970836992
1688615616
1744117376
1714696833
1714430595
1714422450
1714421926
1727004838
1720714406
1719676086
1719724174
1719708750
1720822798
1672977694
3819408911
3803090460
3807292988
3799887404
2786897708
2786958636
2787099692
2787001388
2786985260
2789082924
3865970453
4138600213
4138467621
4272689251
4289470579
3568181443
3572377027
3565059971
3565083267
3699366529
3705535365
3705448868
2647435685
2676796903
2682034007
2664990526
3061428782
3056181806
3072897598
3077092142
3085492526
3081294191
3081257385
3085501337
3039498889
3023705737
2956594841
2956597915
2419731358
2423855326
2426935550
2426932318
3551014926
3265929230
3265929226
3265941770
3265974763
1118499305
1118367144
1114171816
1126746600
1126799816
1093316040
1076536588
1076539660
271221508
275415844
1349034788
1349034784
1399698704
1382980865
3530460163
3597569107
3594486946
3594506658
2659049890
3212665766
3170853798
3166517159
3166453733
3170642917
3170642901
3162259141
3162318468
4252706437
3715834757
3749384599
3598255271
3598189735
3598214311
3598214263
1450894595
1450103043
1450033923
1399636275
1366140210
1345236226
1345231107
1362004243
1462405393
1378520128
1919534144
1920504048
4065898661
4082672037
4057637285
4107970485
4101672583
4100687495
3832255127
2758537975
2758406631
2758336623
2758304879
2758305903
2758432879
2758433263
2766887935
2783534799
2817087183
2800227150
2800300382
4075495918
3807061166
3806946486
3823729814
3790202006
3833193910
3833108390
3833307831
3833496151
3833430533
1613545989
1613554189
1630298412
1697194028
3844749352
3882485864
3886680504
3886746520
3869866632
4004048520
4004046536
4142449225
4142449421
4151959853
3044761637
3028181029
3036545329
3036545793
3036566019
3032400451
3036463842
3036460386
2776406118
2792855558
2793314311
3862870279
3862935309
3862737437
3862745657
3861647721
3861647593
3865837800
3874226345
3870164137
3886945433
3853399433
4105054155
4106102474
3703389898
3703340618
3707562586
2650582810
2650647835
2683873049
2683876184
2683867768
2646311656
2650452732
2650727085
2508190381
2503787943
2503232678
2536787110
3073858710
3078519950
3086902414
3084837326
4158517726
4150055934
4150055806
3613259582
3596580126
3598155038
3531046239
3530907103
3547667935
3514252703
3590207375
3573420943
3573416863
3573367767
3573314519
3572326743
3572262183
3572262183
3572264231
3589043575
3580712407
3615446478
3611284895
3592394143
3598431663
4135103981
4135103868
4135103500
4150832140
4151032860
4150965276
4117419069
3043672111
3052290094
2985246830
2984974318
2984840942
2967998118
2967997110
2431195782
2431463047
2431463300
2448172420
2473328772
2468806804
2468753873
2472961907
2447801890
2447892002
2430922258
2430905858
2430903810
2431498002
2431620403
2431620385
2449311008
2474609776
2992540880
4062108816
4062067856
4062133396
4061609141
1916157349
1920343717
1928791717
1941242501
1940140677
1940136645
1403052661
1407247925
1373695511
1365293590
3496065814
3496148278
3496148278
3521279286
3521271094
3517142326
3518102838
3518103351
4055220021
4042766132
4029056820
4029120820
4030693620
4028412116
4027364564
4044145877
4044147943
4043767271
4056312806
4120276710
3048627830
3082112962
2549368770
2549441859
2539087187
2547347763
2541056307
2541057335
2541171991
2549560662
2549577590
2547349351
2547341159
2547799927
2516350815
2516416335
2231334733
2231194973
2222736767
2222740847
2239591807
2239653343
2248041950
2248103390
2281260502
2281261047
2281265143
2256107511
2256037623
2256037525
2251913109
2268854165
2239428501
2516231573
2498471316
2498340276
2506667260
2502464620
2536019004
2519577661
2519704861
3073352991
3073291550
3039731006
3027144495
3840837933
3836578092
3841825852
3966024716
3961843724
3978678284
3980316717
3980283950
3980267630
3980067302
3983083174
3983216278
3991617158
3987418774
4240125575
4256900743
4256720519
4258817669
2681791943
2541352151
2524574967
2524574967
2524968031
2550060415
2550060925
2516436861
2507986717
2507994909
3044861757
3045057837
3053385021
3053438269
3086603645
3061446012
3061444956
3061437276
3061404541
3078124393
4116198377
4107874815
4099543374
4099552606
4097391934
4231544111
4231551807
4235918925
4244303437
2109388621
2130413519
2130215374
4269310190
4265128046
4265140270
4265141294
4265108510
2121886782
2113547566
2096762406
2096760375
2096956951
2111583765
2119984661
2118968628
2118509584
2118626304
2118562816
2118353920
2135000144
2080621780
2080558228
2097315236
2063695524
2059430629
1786834662
1787027042
4001875506
4023701766
3981766982
4097831878
4097233550
4097180319
4095151757
4095027869
4099222191
4103355046
4038854822
4037806246
4037811394
4038057986
3501105154
1441701890
1450090513
1445896224
1445896192
1982759936
1982827712
1982848225
1983770081
1983770599
1711138543
1822283503
1822188495
1826382287
2082235725
2082225517
4229308271
4235602534
4239792726
3719695174
3753316166
2683573574
2683580758
2679583591
2662781541
2679558756
2679476820
2645856868
2515834596
2507447020
2486479597
3038161839
3071715774
3071728782
4128654542
4130750542
4134994974
