342228150
351730855
1414987189
1413901765
1413770693
1413864916
1430626260
1422364244
1959235088
1967623696
1900328465
2002036273
1997858337
1981241139
1981154579
1981154386
1997931746
1975981282
2105881826
2089035250
2088791490
2088890306
2109787970
1472237330
1447071027
1447144757
1984030005
1983997269
2135041493
1564882421
1564882341
1564947877
1573197221
1573148037
1573180807
1573179335
1573228278
1439545958
1435347542
1573760598
1607333494
1598912246
1595352007
1561732551
1561736422
1543898342
1548029030
1568943415
1568695623
1468130629
1455527237
1447134548
1447069140
1442883044
1459662308
1459879908
1426251732
1426214852
1430392261
365313495
1439110262
1372018038
1373000982
1364645174
1365047094
291301158
299689830
299161462
290835926
323374470
319163782
319167890
289813922
1438856675
1434678643
1417732867
1418785539
1439737619
1431348515
1464904995
1464909091
1464175911
1447466263
1472656709
1472624069
1464235413
1464299685
1430548647
1430540455
1430737295
1430701455
1371967375
1883606687
1883549669
1884596069
1892983100
1895207180
1886830860
1885786397
1881570623
1898920239
4046272815
4080999278
3539868526
3602253775
3600023887
3600023822
3464757310
2392072238
2392203566
2392728358
2394890790
2409366054
2291679986
2363016850
2354683523
2354622081
2354621312
2350431104
2367597440
3474911156
3477073828
3476344740
3476410212
3747966244
3714345252
1562667317
1562672405
1562834183
1562825478
1495716630
3629613878
3636757862
3637283302
3633096950
3637291078
3637360711
3645815877
3680407872
3676225984
3676226000
3676258784
3674497504
4177847776
4177964401
4224097045
2056685829
2124384517
2130483461
2120002756
2115806436
4280148388
3843977653
3827172261
1681262245
1693781671
1706368679
1639202439
1672750983
1676943751
1635066295
1641427367
1624704943
1626607293
821304973
812652173
812655565
275849269
283320357
279393335
279387143
279214087
279246855
283609351
31889671
57581511
57575301
106726309
122463137
121930657
357860193
1417642787
1425842979
1424795426
1424793362
1441700610
3614353666
3732839683
3732901203
4275869025
4275873121
4277970017
3204363365
3195962693
3212740055
3206404070
3206312678
3206292198
3038716518
3028235558
3036480807
3032220727
3032419335
2495495175
2629709063
2627692807
2627534135
2627521827
2631189795
2354364467
2371207189
2404864117
2388014197
2388540629
2387487701
2395876085
2395880165
2257336933
2274111093
2278303260
2278319900
2211311933
2194126653
2193983037
2210696741
2202308197
2198130407
2198654695
2202885807
2203008943
2177842607
2177834175
2169313439
2168797343
2168797343
2168797343
3271911566
3272992782
3275074574
3274025994
3274023946
3245318154
3245256762
3254685738
3235741802
3230500351
3230116287
2177345983
2168826301
2168953325
2198260061
2199846157
2206098701
2214487311
2214473527
2214539047
2214338342
2212235062
2212234518
2211262742
2206544230
2206471014
2172930022
2177648630
2169292758
2148304727
2152699415
2152644173
2161028813
2177870540
2472324028
2455550380
2451409340
2450426268
2450443660
2450479069
2449942317
2449876269
2438343981
2430019887
2492803391
2224504606
2224373534
2223259422
2223775086
2223770862
2245807286
2247934086
2239545479
2268975567
2266931531
2237571865
2229184313
2228726569
2497034556
2423556380
2956298509
3005188429
2988412365
2988347855
3055456718
3055481230
3057525670
3074302886
3039639266
3035373538
3032227814
2981901814
3015452127
2478580943
2478582989
2214336717
2203846877
2204059677
2199312653
2203507463
2480324103
2480318007
2476189237
2444531509
2431944533
2960428997
2956824517
2954862549
2954821093
2971561447
2971544807
3005032679
2994542823
3002797559
2998539735
2998548423
2998871943
2442929541
2426158213
2429290709
2151942389
2152020261
2149002029
2153130527
2180393487
2176200214
2176132662
2176063270
2176074038
2174533910
2178712030
2169279903
2169281941
2152577941
2153618324
2149579700
2148498420
2148498421
2165210965
2165203269
2211373511
2207179207
2207098325
2207026661
2211219941
2165098980
2165070324
2165193156
2169383365
2177771989
2207132005
2211191077
2212252965
2178728213
2178781519
2178916685
2162009085
2229056495
2222755759
2218559918
2234489262
2235480558
2235496950
2233395526
2501832134
2506024390
2506094038
2237484502
2237627863
2271178195
2271182163
2254374195
2254374179
2197627379
2260558769
2277467057
2243556257
2176370595
2155661219
2151466935
2151602119
2150561543
2167303942
2171546374
2171349270
2238523686
2238650406
2239564854
2247951366
2275369230
2275369295
2258621311
2258454383
2262584687
2256275758
2252086318
2252299310
2273240126
2281628974
2277483823
2260501791
2263649607
2255261125
2251070661
2184174741
2184068501
2200845765
2155228101
2163616725
2159295351
2159295271
2157198887
2157717047
2157717047
2157717047
2161926007
2161920871
2153532391
2153519479
2170296631
2206144821
2206087445
2189307156
2206149908
2203875316
2203895732
2169292692
2169345940
2177875860
2177875381
2211297701
2202859941
2198665637
2165176629
2166356229
2168383749
2180949255
2175705862
2175706918
2176628518
2210171174
2214365670
2272561574
2268436886
2268510614
2201397703
2172038599
2172038469
2180361525
2155125813
2153034789
2169807925
2169889911
2165787766
2168326502
2168327142
2172525286
2170436134
2170370566
2212306438
2212374022
2208178695
2176606999
2180798325
2179779573
2171390389
2171390389
2172475575
2172549367
2206087383
2189307335
2206082503
2206082439
2205942199
2205959077
2172437413
2164061092
2164127676
2163604364
2155215756
2150947668
2149899061
2166876951
2200103687
2204280582
2191696142
2191962414
2209644846
2209645359
2180287213
2171898621
2167720701
2201438973
2201361021
2200317756
2187732253
2212896781
2213883933
2176058415
2173965359
2172920879
2173449247
2173486159
2161935557
2153614549
2155710869
2155714964
2155846036
2155788724
2239670709
2273226117
2264837509
2264841605
2264702391
2256313767
2251094439
2251045359
2252160383
2269003023
2222860046
2227056398
2227056414
2226929470
2225872686
2230109998
2230092094
2238546206
2238678358
2221771222
2221709527
2351733237
2368575861
2403245524
2390664644
2399052740
2398528452
2398400420
2398407589
2272578535
2232683494
2232826710
2232822022
2237017350
2245403926
2274698534
2276726055
2280932727
2280951253
2213840341
2171975572
2155265940
2172042676
2205530548
2186582180
2182387892
2181404852
2181225684
2181231828
2181194964
2236769660
2224189020
2224192029
2224048669
2227182127
2218793775
2232420655
2270305598
2245141822
2243045166
2226337326
2226130558
2225082070
2229280470
2229333654
2247143318
2205195671
2205256087
2188482999
2188507543
2188507606
2201180438
2167564566
2154965254
2154965767
2155031319
2152733495
2152728887
2151696661
2160085269
2177222935
2173028855
2206587367
2210789797
2210781607
2202388919
2202389461
2203573077
2165832469
2165730101
2149018421
2147838741
2147842836
2152553220
2160941828
2156677972
2177633125
2177702245
2211387685
2211330357
2194549013
2194614581
2194438453
2194426215
2187118951
2187319655
2212231542
2212231638
2205940182
2172500438
2172500470
2172631542
2172632054
2206186454
2189408726
2189294039
2189285847
2189285623
2188237045
2188376277
2171517397
2154741637
2154733461
2155847573
2155650487
2155658679
2153560310
2149427446
2165172726
2165143862
2198812982
2202942230
2202938118
2212376086
2208247574
2210144054
2210139959
2214333751
2213284215
2204916055
2188171591
2188179797
2205014357
2205145461
2171599205
2171599733
2154822485
2155871061
2155871061
2162031479
2162031591
2178742759
2172451303
2205964791
2204981591
2206202199
2172566359
2170470263
2170470391
2177873911
2278339991
2278334357
2271002517
2539502485
2535308215
2535439351
2535369463
2535385974
2535353110
2535337270
2537432358
3078566950
2998668326
2997619750
2998750231
2461915461
2461849924
2466027588
2455541828
2451437772
2470369500
2436774396
2419997677
2424191725
2432580335
2495560431
2159819518
2159819742
2180782974
2171345214
2171410750
2172528926
2164205854
2164223775
2164252511
2164099039
2164033437
2164037021
2172425660
2205990332
2201860540
2468329916
2468264444
2433673564
2433640733
2416847135
4027460926
4049546542
4083093294
4065267582
4065070534
1376536006
1380767111
4065105303
4073692663
4073627639
4082024151
3763321423
3763317263
2697964039
2697968151
2688925239
2684665382
2684737318
2751886630
2769692006
2904503398
2893876454
2902396146
3165523346
3166576003
3165984641
2629058433
2631150977
2639542721
2388007361
2386962755
2395417347
2391026450
2391027490
2392076071
2392659767
2260535095
2277246759
2277246767
2276198189
2280392493
2280394045
2280422749
2280454493
2280446301
2272119125
2205145597
2205146605
2171600365
2172566975
2155790239
2172632989
2180882333
2172436413
2205990333
2204941757
2200811965
2167257597
2167404831
2168334607
2168334607
2172529927
2176722199
2176722214
2210346278
2176582950
2176601558
2180827526
2172434887
2172500439
2168306039
2206202167
2206133525
2205084949
2205082973
2167242205
2168212957
2165050303
2165050047
2236431007
2240355982
2240354238
2374709678
3452514542
3428409599
3426481231
3376130381
3409553741
3730418524
3726162940
3726151164
3725361612
3725570508
4261847500
3741754061
2617407179
2483173962
2484210234
2421557802
2427718442
2427717930
2427715594
2159353930
2159288523
2157195435
2157187241
2172929193
2160380089
2152499612
2149419997
2168429325
2167323405
2200612623
2183898887
2188092695
2196414470
2192211970
2197454851
2522513635
2518216867
2503491749
2486895781
2419990445
2961078956
2969500396
2967333629
2967272029
2957818383
3003947534
2986911502
2991252254
2999903022
2995680046
2995603246
3012382502
3017625383
2447198519
2447137143
2447137111
2421980615
2438798727
2438927767
2434675125
2437886373
2421108913
2429369489
2160933009
2160933319
2152545031
2148416007
2169383430
2194549254
2258527495
2258477061
2258407461
2257354852
2257356260
2194443684
2185792412
2249824700
2249963692
2249914605
2216306927
2216306902
2216306886
2220763606
2231311078
2226391782
2224032358
2222983686
2239774214
2273357575
2256645383
2256776453
2257632612
2263911652
2473887908
2436729252
2436602804
2434513589
2417679013
2484746982
2501519974
2501519910
2516069158
2477275190
2208831510
2208827398
2192185350
2193242118
2210011142
2211973383
2211989783
2212022583
2178451813
2178518381
2204077437
2206178653
2206047708
2206047452
2206045436
2206183676
2206183596
2166272428
2148446648
2148449944
3490626200
4027038344
4026907272
3762404232
3842095496
3875714120
3875708937
3876757529
3994263593
3996278829
3996262701
4000449325
4006740719
4002611883
3885302459
4103413403
3030334091
3030334347
2495556489
2495429513
2495376328
2512184648
2545721609
2545713433
2545258793
3082133803
3082265902
2817952814
2792720430
2786363438
2786364478
2920714254
2937495566
3977699695
3979752175
3962901231
3962835695
3966763691
3966763691
3840937913
3836746105
3836819736
3031644424
2492672264
2509252872
2274372872
2257965320
2258076488
2191492072
2258469545
2526843819
2531038126
3059520430
3054802862
2786440622
2803283454
2906043658
2905779466
2905779259
3979521065
3979476009
3979467817
4012954937
4012955001
4017213289
4017344105
3991128683
4024486779
4016110971
4016106875
4016301439
4017276255
3983721567
1836307543
1836117111
1836117223
1869740519
1868810614
1860422015
1860553087
1717631359
1717692767
1717758815
1700973407
1685310303
1685572439
1685454167
1685384703
1685122559
1692917247
1709689343
1743244285
1735777277
1719003869
1735650015
3883137791
3882995709
3982544381
3982556415
3982550271
3982681599
3982685181
3974251093
1818444381
1818313021
1818260797
3965742137
3974326585
3991030073
4007807257
4008102665
3999791945
3865373513
4007984121
3873819371
3873951483
3890595546
3882144714
3882148698
4016431466
3848724842
3849770346
3833060479
3832867967
3832867071
3833067775
3831908607
1701202431
1701267934
1701174270
1634069374
1667361375
1667492383
3816016671
3816147231
3797220703
3864323423
3864389117
3866294265
3874672377
3891514041
3857828601
3838869209
3830476761
3830474073
3964761113
3973143579
3975247931
3983796331
3983993195
3991337979
3991325403
3974612683
3975529035
3967087450
3979666202
3979862826
3979801386
4017504618
3999614330
3999550682
4016330970
4024531194
4024654330
3992345562
3992353742
3925307342
3958662606
3958661630
3958862318
3950379255
3950379143
4017493127
4017431733
1844716705
1840526757
1840584100
1704267156
1687432640
1682188736
1679042881
1679174433
1616263713
1622542897
1639321091
1673266755
1654396611
1654392531
1921779682
1921259490
1942251490
1673816002
1673848646
1673897302
1673899799
1673899797
1665515285
1632083220
1627913492
1627913556
1627880956
553983484
554114556
558238205
566626815
595987454
596058110
595869662
600074206
591684558
587523022
591787998
591775726
600100846
600625151
600702455
600829301
600829301
567274837
835702045
835702077
868736317
868744541
1942482269
1942416861
1934081533
1900515245
1900388268
1908785084
1623568285
3838099341
3846225294
3846288862
3879908862
3876754798
3876779822
2809325358
2808309550
2808313710
2816570878
2816505305
2816538072
3874610616
3882995160
3878805448
3845384136
3827525448
1684219672
1684217128
1680017704
1696794921
622860345
622864665
660614425
632500489
632422665
632423193
632300297
632300297
631508237
627964279
627964279
627964279
627964279
627964279
627964279
627947895
896384375
1030600183
493728247
1030599103
1013821879
1013825459
2087566259
1818868403
1835645619
3983129267
3995712178
3995778706
2923082370
2923078274
2923348898
2923217314
2944189602
2918993058
2914810082
2780654070
2818402646
2810014486
2793373446
2805363974
2809541638
2776051766
2783383591
3051815991
3052864629
3082620020
3082567028
3063754068
3068077900
3596427596
2522689868
2539467644
2514359148
2497582844
2493455069
3432790733
3431758543
3431791567
3431782863
3436043598
3368899902
3361698094
3412029742
3659342119
3658817847
3657769237
3657524533
3657491812
3661671908
4223971253
4223967157
4224487079
3654129319
3721115318
3721110150
3712606918
3691627126
3558524707
3564787747
2499495971
2499610657
2499610625
3495827521
3491630211
3508405635
3256750979
1115619971
1387725490
3535232674
3535072931
4069829283
4074023585
4061441735
3524568327
3526665479
3525685254
3525795846
3508936766
3492155430
3572368678
3568176934
3569225446
3568831150
3703049119
1291586957
1279008140
1327394188
1326901132
1328981900
238331820
254845868
489726924
489796557
494113629
1567856429
1601353517
1600562973
1449573645
1450102076
1450101612
1449876460
1449667261
1449672349
1458373533
1995309469
1978024127
1961246959
1952571439
1948312871
1948299015
1952493062
1952488982
1415697942
1432535606
3613573414
3740451878
3729837158
2655037639
2655037637
3200498125
3217472461
3045498572
3029239372
3030286972
2969092844
2960679661
2956468965
2955420333
4029154735
4029418662
3774614694
3787392134
1673408646
1943937222
1935564879
1398722575
1398784268
1407143176
1442802440
1442802237
1442802479
1170196783
3300871439
3304669197
3304800269
3295330572
3295334964
3303727652
3303563812
3349701152
3467338243
1319813638
1189839142
1428981030
1413253158
1949604150
1947641862
1695983622
1712818182
1717537797
1713274948
1715110084
3861545924
3996025504
3996037792
2939020960
2758606560
2766953440
2766425060
2766437348
2766416612
2766613221
2766552695
2766999286
2783708918
2817266422
2783712210
2766672210
2762543170
3031052370
3165273170
3165268019
3032049747
3181095107
3197806786
3202001090
4133129346
4130898066
4129849522
4130050486
4247446438
4230636263
4231733991
3967298277
3975687013
1874343972
1857554484
1861752836
1853566020
2134778053
2084463045
2082915063
1823916710
1823789743
1838473903
3984909963
4022659723
4014271131
4010179243
4014348970
4015918010
3881044874
1734092234
1736179834
1710948410
1688875050
615129131
883630120
883482648
883467276
339259396
339251200
874098704
1947836689
1879671569
1879803441
4044065520
4077554384
4060789376
3054152576
3055201216
2927217648
2935592560
2947125876
2947121719
2813121062
2808930854
2804705126
2787904614
2787969126
3076917350
3051751542
3036026951
3036030981
2497063173
2492869429
2224492325
2224299319
2157198599
2157197575
2173962519
2178156863
2172455199
2172459295
2172467485
2170370333
2178889757
2178939933
2178923581
2180887933
2164033013
2162984369
2154667441
2154667187
2154674355
2150611123
2150611123
2200860819
2251176067
2251176259
2251177475
2259562003
2393646626
2410423842
2376607286
2359820854
2364031846
2288550374
2288550326
2288557458
2288626050
2288625795
2356914323
3443230897
3458123905
3458088065
3457556864
3459654528
3463844480
2390034144
2402565664
2352228900
2363763484
2225350927
2242341134
2175130926
2175584046
2209141550
2196341742
2204729790
2204729758
2166981007
3224208527
3224209551
3224819855
1075247503
1075243405
5696333
26728972
43247116
43115020
41214520
37008168
104698664
37327144
37271866
37259610
39356842
113821866
109836698
1183481226
1166938506
1151206282
1084105375
1083515565
1089741484
1089741740
6578600
2421224
2408744
2474264
2614536
69725449
69593354
69589018
82298906
229001226
229509130
262817865
180013449
178967961
174777241
187425435
187204266
153920170
406626986
404021998
475292270
500179519
496108316
361894188
363996268
342899948
336596188
335567052
17037516
16955660
54696207
63082254
47615766
58494246
1128117558
1127912450
1092258818
1092209890
1162560674
1166701954
3315267458
3317346947
3567949472
2494338720
2632236768
2619653856
2619386432
2535566912
3592578624
4129433283
4130547430
4142929318
4137684134
4137683118
3063957678
4141992134
3592529990
3592464391
1445046791
1378004487
1398988487
1374048903
1357267591
3504750757
3504341220
3495968868
3495977020
1344331784
1344300040
1344370696
1344526600
3504535852
3500342060
3500575500
3517222668
3622617740
3329016461
3337589391
3605959310
3601765038
3619615142
3588027558
3575441638
3558664246
3558795270
3577636870
1463691270
1597901894
1596851654
536740502
532546213
465375904
462693040
429138656
458498592
454305312
504637232
504636176
504652565
240443702
173842734
147632426
147632426
214735150
214735230
214800606
214874510
1288616334
1296992654
1179551118
3334898566
3466494918
3734934135
3734872871
2661064993
2661064737
2661065765
2661069861
2675749927
2637955175
2487091375
2487091630
3022926510
3036554926
3031906990
3566475966
3566475914
2245278410
2266245962
3323292938
3323388170
3348537610
3349053758
3349054317
3348923308
3351025580
3346828972
3342650268
3275160476
3275127740
3273026988
3507891628
1362175404
1362111884
1361264588
287379420
291516413
325070207
325064047
287428671
287539223
274825527
811835655
811770631
811840257
878819095
878819127
878952247
874752823
1966258743
1695713815
1695714051
1695713555
1729595699
1702726961
3883763025
3862921537
3862352067
3861278914
3995476194
3995345058
3999540642
3940816802
3920037558
3903722190
4172165838
4171773918
4238881834
3702009083
3706202251
1147676809
1147676808
82340232
99151752
132745112
103515032
371889096
1462407944
355115784
355052072
271358505
275548713
816695851
833439259
866451979
850854171
385032235
376512555
389029931
336618507
469870603
469932298
339909402
344099610
344427466
344756106
395936650
379224970
385532815
377377173
373186981
373055905
372532641
309619873
846551235
846211267
305211590
305281158
305274038
288490919
812795629
815974013
883135021
882942510
882942526
350265878
337675062
337748770
471966498
473132834
470956322
416438561
495114272
513198080
1589560384
1450016960
1445560448
371822724
908760724
1969929888
1953147552
1680452256
1680654016
1680651840
3828134496
3828130144
3865370912
3865461011
3861251330
1713767698
1717830690
1667507234
1642343458
1626220546
1622038721
1622034576
1638855056
1656644480
1660887680
573313664
573309604
572785325
593822442
547765802
547698986
547367194
547416330
597731594
648063242
652250379
644123706
639931450
639935738
639934698
623288490
539418794
1613676714
1626260141
549376684
549352164
549332676
557590208
557065856
557065889
556216739
564592803
564396199
832831647
866132175
329261071
10644495
14850319
14915878
77637926
82094374
82754822
124425222
103448711
237666432
237682816
237645968
238952624
238952868
257369636
229976620
1336158764
1319135790
1319430974
1319414058
1315212330
3459154122
3459154058
3442377102
3429806734
1287561878
1287430820
1285350048
1289511648
1276928864
1279021344
1279156512
1546526752
1546523696
1412389889
342813697
375843841
375817283
375753921
1449496005
1458932309
1926531820
1925491372
1917102764
1912909244
1644462220
1661370508
3776348572
3778449900
3789988644
3819369249
3802422562
4075039794
4062456882
4062456866
4146465826
4235070818
4239003266
4239007362
3635035778
3635164801
3635177153
3643582273
3661479232
3661539584
3663375104
3667569424
3667436836
3663241516
3644383356
3627552969
3626632335
4163508655
4177136559
4189784751
4288154287
2123901583
1587291789
1474175628
1440617100
1425933284
1415840228
1411670500
1411670060
1412751404
1412735020
338996508
272103684
276298516
297261364
314034295
313937030
312345734
41287814
37097606
19272070
2496150
6700774
283387494
278980134
283157030
283153191
283153702
1358074130
1358078210
1349689346
1347657762
1359249446
1929658423
839778765
840843212
847129304
1928211176
850140072
850141096
871130569
863299019
823428426
857191722
307733802
307733546
307666955
840868045
840867981
840347837
570786980
1627819940
1623629492
1690484356
1693619909
3831542279
3827360278
3827311398
3827311406
3844155182
2816609070
4020636526
4020570622
4272163294
4273744078
4156304527
1438457996
1421222284
1150685580
1148339132
1144047532
1144036260
1144039924
1076930885
1093773590
1098102294
1088664070
1084469766
1353089539
1353089555
3500578081
4041644064
4101806112
4147943712
4265519872
1849600512
1713819200
1713784816
1713833377
1713377441
1713377445
1709183141
3836899493
3834832805
3834750597
3833636421
3837847047
3826314823
3778035398
3777051302
3810532262
3823437990
3802597542
3802601623
1654795399
1924279431
1944202373
862137477
320875733
287387093
287381975
291584359
299964775
300112247
300120390
291634498
291568978
291544370
325162290
316846387
316846355
853717009
853585973
845189173
841061405
841135133
857912333
807597069
807814157
807797789
808388399
813436651
821832363
817703610
815737482
345905802
396304010
379327114
244585114
244318955
244319019
116421419
132145963
124086063
107308335
243098910
249426262
227512727
210608567
210350513
344559537
1422638000
1414244784
1896716400
4060973072
4061038592
3525217280
3527337217
3610124802
4146729506
4050256614
4104651430
4104651438
3031966122
3046662298
3029921929
3034430664
4095584584
4095519240
4097681928
1949674008
1966565896
4147512907
4113957342
3577086190
3622969454
2542941230
2526151686
3599785990
3598770182
2525012006
2256773166
2257763374
2257635374
2270169198
2216036670
2151025178
2151029274
2155232778
2163484171
2159288889
2159288616
2176123948
2210204732
2210138180
2214332612
2172410356
2168297956
2165291492
2165291508
2165156161
3272456515
3264059843
3264190931
3264133619
3264133601
3268409761
3260021665
3255753377
3272268417
3221946241
3221946241
1074462081
1074523521
1074375601
1074310115
1074326307
1091103011
3239602467
3244062755
3286186018
3281918242
2207123762
2207124226
2207124034
2190429778
2190237410
2190270434
2190278114
2190276066
2194462179
2194528245
2169503701
2153700164
2149243140
2149210116
2153478164
2153375796
2160633892
2160638261
2160704821
2177480039
2202580327
2198377959
2181596646
2181668311
2181823431
2181638983
2198416197
2202667861
2206861664
2206870880
2206936416
2206739824
2206744016
2202536945
2198538897
3238660739
3238669187
3238668674
3238537618
1091053778
1095264339
3242776595
3242838039
3242834193
3243030803
3276572947
2177731411
2173406034
2173405938
2173344498
2173344482
2173352674
2177559266
2169207410
2169338450
2177645554
2177644898
2178685043
2178685009
2178684929
2212313092
2212313108
2197633076
2197633072
2214541360
2214533168
2178881585
2178881649
2169460851
2165168499
2165168499
2165307731
2198796611
2198780225
2203040705
2207030209
3280772065
3247225824
2173484000
2173549536
2177875937
2164965089
2164965105
3238696641
3507142339
3507072707
4043877059
3775441622
2735324150
2735442390
2718927350
2718931318
2718883126
2718827830
2735609126
3008242982
2978954278
2979794278
2965113191
2428439381
2445024069
2159811141
2153527813
2148284677
2148481285
2161063959
2156738583
2173507703
2173507939
2206996835
2211191155
2195478865
2187196737
2187196881
2187188721
2199910897
2166290896
2148465088
2148465088
3222206912
3222076352
3234651088
3247234032
3230464752
3230661601
3230661603
3230628834
3234822626
3222165874
3238680898
1124759874
1107982658
1108012354
1107946818
1107881299
1107877217
1112067553
1129105889
1099750373
1099750388
1133370324
1133501413
1116667877
1112473573
3255758309
3255741911
3272453574
3284974918
3251406166
3234825574
3226376038
3222190054
2148515798
2152266054
2160613702
2156403070
2173385070
2206873902
2190094126
2190092086
2190156566
2206736727
2210944373
2210975077
2169032688
2202586064
2198469328
2198600400
2198535024
2202959696
2211348288
2211331392
3285065040
3243122160
3238993136
3239001296
3222027472
3222027504
1078738417
1087135217
1083137361
1087274323
1078885715
1074227570
1074035058
1094998354
1137006914
1133402434
1133410627
1133411651
1137638737
1129108849
1124914528
1124914528
1124914528
1124988384
1091433968
1091352016
1099742704
1099734513
1099733489
1099930099
1099873762
3285104098
3272520178
3272520146
3272454594
1124905350
1091350942
1103928767
1099405469
3246831757
3251026127
3242649823
3276044543
2198090975
3259245005
3268813471
3266716319
3283493543
3281467047
3281262243
3250851491
3275771858
3271652662
3255858471
3258197031
3274973206
1094082822
1161224454
1142337798
1145340782
1422165998
1417972714
1954908602
1954977945
2110236808
2097458312
2131009672
1057439880
470155400
470167720
470165224
1037445676
1068894765
917768711
380923399
379888391
115781637
103186436
221167684
204341468
205400428
339688236
343882284
350567020
279194319
295702218
329253578
312493034
317767850
315678890
373334186
390176942
365011167
348227053
339774252
340101676
1413990973
1422846494
1306438414
3713968398
3646860550
3646792982
3654869286
3649626918
3683185253
3666539252
3398054548
3399094916
3396996756
3459780516
3475770533
3443262629
3423871135
1276600463
1275518989
1279697933
1284947207
1284946214
1301518374
1334937638
1310099462
1312212998
1245594630
1244545222
1257128886
1252967073
1336918688
1304228516
1281155748
1141696164
1141140388
67578756
67513220
17186693
22413710
64225710
66331130
333828378
316980522
334276906
1403825450
1370262542
1102021644
3249374220
3295642636
3292155692
2352623148
2368351764
2406097413
2411594326
2411463654
2325229990
2342002854
2291687654
2295907558
3359165446
3359341575
3359255565
3359255628
1295658444
1312434828
1314536076
1322929805
1321748125
1322828463
1322820523
1322820011
1341892027
1199287274
1178315562
1178573614
1182178614
1123464197
1119260740
1118867700
1198571684
1194542240
1160916096
1144137088
1144136320
1144132304
1152451169
1151345187
1151345190
1084287766
1084275463
1084266759
1084274979
1172418033
1194758533
1175880069
1175880068
1175879924
1444322340
1446422580
1445047344
1444979749
1444978741
1445130253
1461862733
1411515119
2096248559
2089823983
1552957039
1423191647
1425288719
1425364751
1442109199
1475862349
1475775821
1476365597
1996332317
1996336412
1996465180
1988075549
1715314751
3862794287
3862790447
3862922031
3829315134
3828282966
3828240118
1680682662
3828098726
3828102830
3831766703
3839888813
3835694253
3835711661
3836768508
3834650636
3838844937
2081434637
2081564727
2087860514
3702659618
3701869090
3567715858
3433366018
3487830530
3471307266
3467027202
3468069185
3468016096
3734284704
3730090404
4262767532
4279665544
3843457928
3842343849
3842277801
2769592744
2803362984
2786584748
2922670476
3996412292
3996548068
4000714276
3869640229
1856046855
1876963334
1684021254
1814176774
740441282
744626406
686885862
680532710
679492119
696265231
796928525
781200909
516953613
374395757
390115823
339775973
339771813
339775969
339837221
885100853
885111615
877767487
911452430
642947086
1712752654
1711967246
1711964238
1846075630
1847288314
1813652475
2082087657
2094673512
1821911660
1821907941
3969448949
3969493703
3969625735
3975710343
3891823238
3865936518
3861807750
4131275442
4130800290
4130612130
3056869794
3067355366
3166109934
3166044286
2629181454
3568575495
3566528517
3570710788
3293874196
3310794772
1182705732
1178528836
1178484804
1177419780
1177440564
1178489376
1451124256
3579637280
3562859024
3571424768
3567158848
3569255104
3568992896
3585667761
2543346338
2539400870
2535205798
2501642670
2501314734
2505443582
2505456846
2509660238
2543837198
3348992302
3315438399
2224591405
2230892069
2218298149
2486806885
2486872293
3023743140
3027941508
4126837892
3867053444
3861284228
3861349332
1713865504
1714680100
1714429989
1714429991
1713381422
1713505518
1726088366
765592990
749876878
749876871
1016202887
478151303
478176839
478193445
473998629
470002981
1006807317
739416065
739411969
755075073
771794977
1778426977
1778561153
1845662080
3993158320
3994157728
3994100384
4022346400
3967820452
3968860716
3968860728
3840942603
3856674570
3856672826
1709180970
1704986666
1973816394
2008420554
938877066
938758282
393527514
402047339
393673771
393636905
360015929
343173385
341167881
349357643
347259610
1420874458
1150341786
1167119274
121688490
1174725802
1179110558
113659023
110517380
114697620
106308020
101720480
118555088
70386624
70398656
208798213
217252407
78655015
78670383
76589887
345155855
401770761
921798921
1928367384
1928626808
1651802856
1647612584
1647616680
1645503144
1644434089
1644631983
1661352110
1640114342
1619146902
546452614
814887046
814755982
281059534
817930510
541109519
542157103
634501415
636586039
652318743
1713809415
1713803271
1848541191
3997057223
3996778918
3995804582
4024970918
3970697902
3837332122
3837471370
4105906826
4105973643
3569099961
1421619372
1442595052
1463599180
1444717580
1176349709
1377676575
1379261750
327044374
299764998
282995974
283057431
281836853
1355609388
1347220268
1363982124
1359845180
1359910748
1393408668
1393343148
1896124077
1900400271
1904662158
4052152990
4052152750
4052902054
4050658534
4078972134
1394682055
1395796047
1936853309
871500605
869474109
861091613
829453660
863015388
863019228
561029276
592487612
843101420
843091068
839093532
840154373
842263575
1914856482
1914839330
1898066214
1893859814
1890977750
4036365958
3499580039
1351907973
1356130981
3512003237
3541104629
3612558293
1465074647
1475559927
1475605878
3606179174
1458613542
1987356967
1987361079
1983233285
1983356165
1916192004
842429460
842474724
842349733
842349735
825625767
813047222
821431958
816254598
816123526
816070278
816066198
816066279
820259815
811891175
812448247
812513655
275741527
284064599
300841795
300907346
300906834
300808562
300808562
32373090
32373090
23984498
32373074
32504146
32504146
32504146
31979890
27785586
27785586
27654515
28178803
1101920625
1102051697
1102051665
1102043443
3253721379
3245201699
3278756130
3278756114
3287283970
3283089666
3283089714
3282958626
3287144738
2204944674
2167179538
2171443475
2171583745
2213522689
2213395728
2213387568
2213383988
2465046068
2464659988
2456271412
2452077092
2468846116
3005647396
3005667941
3005636517
3005693095
3009485999
3009617063
3017936039
2980448695
2980526997
2984521605
2959355525
2422484933
2422553541
2422619127
2422614375
2430941543
2430867831
2448170071
2448178247
3517723847
3282919623
3287151047
3245183334
3224207654
2149942566
2150086662
2150017030
2150082566
3244681246
3261347902
3269868814
3265672142
3265659790
3265659559
2208564135
2179207591
2154044835
2149850242
3240389762
3240601027
3244798211
1105559831
1101894421
1135460117
1391307316
1383049772
1378851628
1378322492
1378326540
1914878021
841120901
824312967
808584327
806495415
814886567
813706913
814825121
280182401
278933121
295710417
52710113
35965395
35977283
36042834
36108658
36108626
36075842
36075843
57506115
23951619
15563027
15563058
1085225234
1085160194
1085152019
1085086499
1085020961
3232512801
3249281889
3282918241
3282852833
3282885603
3278686691
3274492259
2167265635
2167404915
2167401283
2171595585
2179980097
2175781697
2175654769
2175658851
2175789411
2179979555
2171521314
2171525394
2171590915
2179987715
2179856707
2179852625
2179852787
2171394531
2200750499
2200816051
2167392659
3241142723
3245336899
3253696787
3253692723
3245046579
1131118354
1194063634
1194046227
1193910583
1160294695
3291001143
1277731079
1277731589
1546228229
1547285023
1547674143
1566483982
1607912974
3621177611
3604924523
3598338218
3593103546
3744103562
3748349066
3756638346
3484270826
3489423466
3455901738
2365382702
2361319742
2361311550
2361378103
2378151221
2415894309
2390723877
2390461909
2386202053
2654635397
2675869316
2642325156
2642405092
2625431268
2625423069
2642200317
2682054383
2665244014
2656318574
2673085534
2639612958
2648144934
2631298086
2566290454
2582934534
2574316550
2574304278
2607959143
2605866231
2639428819
2639418579
2647802353
2647879828
2639274116
2639274188
2639286780
2639417068
2631027308
2631096937
2639329865
2671114827
2671242955
2520639178
2524762762
2533147322
2543764394
2644435371
2627511725
2631707884
2625083516
3040249868
3057093644
4130841612
4128677900
4128682044
4128690221
3075920237
3021889405
3021953661
3026143853
3034402413
3030136557
3030131421
3049005967
3082564495
3086882223
3053389231
3044279727
2440298943
2490835407
3564528397
3564626703
4101369631
4101352231
4101351719
2960496935
2960623669
2809633797
2788659460
2789180228
2922283716
2922300128
2923328225
2927370849
2927370855
2910599022
2901149806
2766670042
2763659482
2761570511
2761633167
3028837773
3033031565
3033031645
3025040367
3025028583
3025028213
3041352805
3049675828
3083258884
3083260932
2546889796
2530173141
2530156759
2530160886
2538016934
2504328358
2488618470
2488752870
2488695366
2430003714
2425874946
2176183810
2214064642
2189251090
2185052754
2185052914
2456769251
2461004196
2460802468
2477050020
2447693956
2435119300
2435250628
2436295492
2436296453
2469815831
2474010166
2482452262
2482311975
2545160503
2543083829
2509529461
2492789092
2496972260
2496974308
2220150260
2220153292
2488596933
2484530613
2488729013
2505506183
2505506246
2514463830
2507979815
2541550887
2520767765
2519661828
2523856132
2532275476
2532668708
2532593957
2532589871
2532590958
2530526574
2667503078
2667511286
2533226998
2524731478
2520545351
2520410117
2249861124
2266643716
2220768516
2229155589
2224957271
2225028974
2224824302
2224295918
2228506606
2235617006
2235799295
2227353293
2227283593
2227220105
2369829785
2369886699
2365708526
2365799654
2348953634
2354196754
2354196738
2362585859
2362667793
2354117233
2352257745
2369161921
2385939329
2385938817
2384760259
2321858899
2321871143
2665931559
2662785575
2662687271
2679138151
2647709669
2513489829
2512453028
2537581972
2533375372
3607432580
3540393140
3540135076
1392649652
1363293569
1354962817
1354774401
12597121
12664705
12652417
9641923
32583665
32518113
56635363
56704979
40050627
39918995
56630691
56630691
57695667
57703859
56882615
56865270
308322802
325361958
325366054
291803438
292525886
292536127
292141375
292092223
287930685
271202669
275397109
275393941
342828421
352129415
343372182
342324210
392352594
375570946
48419330
48424450
48299558
48297511
48289316
48546604
48689420
124166216
123045080
97881304
81696972
12495967
12489790
32407566
24018954
321814538
305053706
305066267
841920281
841920056
854572600
581213816
585404152
577013432
572819129
573478827
572961962
572957930
572956714
572960810
572973098
572973114
640081978
640086058
644235306
644235563
652689787
669479419
661086715
627564959
627570079
610649495
610653622
610656166
619051686
1692793526
1688731286
1688729238
1692754647
1692689141
1684284276
1684283700
1680291108
1684475692
1684347436
1961179700
1957657108
1957681669
1957468935
1711060231
3849879879
3877212371
3860836819
3863917491
3863913123
3863930546
3860689586
3860673202
3793499810
3795597222
3815507366
3819765926
1672282302
1638863055
1638740425
1621960008
816262920
820321112
820255560
820263240
274742537
291517450
326303754
56755210
56824858
56847658
65268522
60992458
60995466
61899674
59802537
43287464
42312104
38118824
303426728
304522412
841134316
841130180
589476108
568505100
551715341
551659021
1881254431
1612753471
1612753463
1612823078
1629657638
3810953510
3806757927
3870064677
2800599093
2792276033
3861799361
3879610241
3829339809
3762034339
3765704354
3769900710
3769900966
3769638310
1622162614
1620061318
1911563407
1902126285
1902191629
1365470239
274728998
1348745238
1348941846
1348876294
1374042390
1134703878
45220806
43123590
42079158
58811301
1132488100
1136716204
1090562412
1395702829
321355803
321290251
321822730
317444874
313253435
313252392
314133224
306789048
302590872
302722184
320479368
270418056
274645129
284590491
284468075
283420457
837069096
853846312
853846312
845658648
841399816
841413128
841237192
840893113
823002027
810430890
1888885930
1891043514
279386270
279393418
279191690
279191962
283437034
333764459
333839722
325450026
325450522
308674378
317054794
317185866
313515514
313521641
1403909352
1374658664
1395564604
1395568924
1378325020
1378137660
1382325820
1449187903
1457543742
1474436654
1440888174
1415734398
1550992414
3706965022
3722827806
3752114238
3735333951
3466892557
3731268877
3728114957
3728114957
3743849237
3614358053
3618548516
3618556368
1475169680
1463563408
1430007952
1413296528
1412314016
1412314019
1424884722
1420624722
1420562738
1151610150
1168386086
1206134846
1189509390
115792206
61242254
61104031
28603308
9716392
13915048
274027432
270823852
270820780
270855660
807730660
824528852
858201925
824655429
824524663
828718438
837105702
837105710
569203742
569220111
569218319
569356557
569356573
569356573
829403161
808431643
808301598
809273406
806193214
806262814
1879751215
1955248685
1988804108
4271542796
4206395660
4209569804
4196950116
4196933732
2586518500
2590641895
2615806678
2561542854
2561411814
2298227686
2296199494
2291022086
2290951430
2290901766
2290918246
2290918245
2308473580
2314830536
2405992136
3727526600
3727530472
4264007912
4263950456
4264998984
1983292489
1964286027
1947529326
1679180526
1681265318
4097708710
4042068642
4037808802
4088140418
4071428482
4071511170
1928256515
1928312867
4142704675
4151094305
4117537793
3828261889
3828253697
3828254033
2905509875
2905595634
2905593522
2939016866
2943112866
2917955298
2896983782
2896756710
2896752620
2913533948
2917727180
2938698316
2939152972
2939087484
2939059757
2943160110
2943094590
2917938558
2917932478
2917998014
2918006206
2913745086
3987478719
3987475612
3987018908
2092249228
1551048844
338895052
70262980
70314052
70314304
3185105
3250577
3398017
7528321
7525249
14828419
14828419
14971875
23357410
23358946
23461234
66059730
65928658
49151443
49151955
49274835
49274867
49141235
40760819
40694259
40694259
40694241
40678881
40746467
40745331
40876371
40876371
40877363
309181715
308588823
308654871
308785973
317174565
317042980
317175076
308655140
841264180
842312756
1983219735
1981188102
1997965574
2082392582
2088389366
2088439478
2087270038
1827239574
3970560677
3971527076
3971785892
3986465956
3990662148
1864150020
1830070276
1813358608
1815521314
1815263266
1681033506
1681049954
3960589234
3966880658
3983628946
4017314515
3932388049
3932252753
3932252753
3932219953
3948997169
3957389875
3924876083
3924876083
3924882706
3914391827
3897614355
3897651219
3897716787
3897695347
3899787379
3908176370
3907193330
3986901426
4003617666
4003625602
4003659394
3936542403
3937507041
3939546977
3931154213
3943753013
3943753013
3943818341
3910294757
3910290661
3916630245
3925019061
3923986933
3923925971
3923995219
3924945427
3924879891
3922782727
3922782743
3914398487
3913350423
3909156119
3909219382
3942806630
3943844966
3948023014
3950120422
3924954614
3925020662
3904051926
3903929046
3901827911
3901762373
3901761799
3917506583
2877418566
2860639303
3124782151
3124815173
3133203820
3129455980
3129390380
2928052012
2944697148
2916909576
2900271688
2832704491
2826216938
2822016234
2820966570
2821114042
2820856314
2820864986
2825054922
2830363210
3918573066
3922765321
3942687496
3942884152
3942813992
3943941420
3943943460
3943955492
3910323492
3914583332
3916909876
3900132144
3899018033
3899607633
3899464275
3907861075
3907796978
3907600338
3907599826
3974708418
3975883905
2918852737
2952407169
2931694721
2931707281
2930691457
2930691969
2913926851
2897193666
2897066738
2897001314
2892806947
2888612643
2822242049
2872470784
2855675152
2855610160
3934068576
4009561824
4004986529
4004976306
1857095090
1722811554
1722813602
1720719542
1719724166
1723902086
637577415
637577221
654555143
621984054
607312422
1685257766
1685208630
1819414022
1817185798
1832914470
1774463270
3917752366
3918293054
3951863822
3951863823
3952065581
2878118973
2865267724
2865272132
2857083204
2852823332
2853101860
2853061924
2836267812
3088975648
3093169696
4175300097
4242148866
4233834242
2086152498
2094594082
2142930947
2126153795
2129299521
2116783168
2116915264
2117054544
4264468833
4264489570
4201566946
3127727842
3110887138
2834070242
2834070226
2829908946
2829904353
2829904096
2830957008
2835151812
3090971332
3090946804
3091077796
3091081893
3162253987
3170646962
3165919378
2494830738
2494838962
2494904466
2226600066
2230724801
2216093760
2232592384
2266146816
2249373696
2253556480
3263204864
3263209184
3263278818
2441210530
2487229090
2484079266
2486175906
2620397666
2624665619
2672962563
2396400642
2391157762
2391697410
2392508706
2392377634
2394458466
2389219799
2406002373
2406065733
2255200581
2264572007
2461709415
2461781095
3531408503
3527214151
3510435917
1345192264
1883116232
807282376
818691784
546048713
814484170
281860762
323795610
374324618
374320330
1582140634
1591575786
1519385642
1250882602
1250849099
1233527624
1217798860
1213342380
1209074340
1207971492
138423204
213920164
230702260
239153284
100806788
100823180
100855944
33613224
51440043
22342058
3664794
7797658
1081461721
1089785608
1101366024
3248984841
3282936616
2209129256
2544673320
2544741163
3215567402
3219687978
3089730091
3089861162
3089795594
2821377610
2821205450
2821203114
2837972138
2872706218
2884252842
2881123498
2881125531
2881022349
3919096716
3919096460
4161333892
4228852404
4228790951
4228259750
3155561958
3168144482
3214347298
3197446146
2660527106
2660543747
2257888768
2256843364
2273612516
2244248228
2488108708
2488113828
2501872100
2501876068
2535434516
2518597124
2990445060
2990440964
2990457357
3040264735
3023423022
3161749802
3170162730
3168585770
2900162666
2908547530
2941904330
2933555658
2952430043
2948236264
2813956712
2784551532
2771968588
2771935820
2771919596
2755203820
2692285421
2700673198
2695695550
2695715006
2695747838
2695862526
2716776654
2741938382
2720966094
2788074127
3861828239
3861791423
3861779375
3865325995
3873714411
1726230571
1860451387
2129016842
2130061323
1052649482
515778570
515717130
514589898
266600586
207945882
207765914
216155034
213009082
211010283
226550377
247508777
239118635
172075322
436386058
437426186
991136778
2016576778
2021032714
1760461338
1756267114
3903828586
3899434602
3895256682
2821482090
2822514538
2822452586
2851748970
2847569002
2948220155
2948158665
3065537992
3068684168
3056088712
2989178536
3006938792
3011133356
2981781420
2980007852
3011824540
3011824525
2453982159
2450823942
2469902630
2469850422
2435771670
2968448278
2965298486
2963180327
2963114533
2962786852
2958605844
2973277764
2973470452
2687426276
2754436836
2754353828
2888579765
2888383157
2888514487
2842368502
2846623830
2914269206
2947819542
3216254998
3214174262
3218196502
3217131847
3217074884
3217075844
3208756868
3208748708
3191971492
3057880548
3057879268
3057747973
3058018309
3058022452
3055011877
3054913575
2534811910
2618699270
2622893574
2564754998
2560364134
2560102374
2560114086
2560108710
2344097966
2327333005
2331560076
2322184332
2319431884
2319366156
3393103884
3390482444
3390498828
3403081756
3398891837
3397831487
3397832511
3401960751
3394030639
3389574205
3389749269
3406452741
3410643205
3420080391
3399184215
3403181927
3396886117
3409497829
2302397143
2285558471
2285525703
2289781447
2293856967
2291756791
2291787495
2291705575
2358818469
2627241637
2683864740
2658702981
2654516357
2654708885
2637881575
2621321335
2621308934
2620260358
2351833110
3425575463
3434034735
3366913566
3367964174
3384752718
3384617678
3418102270
3418127534
3421270186
2339127466
2334933497
2335069128
3376312904
3361677848
3368822568
3364628264
3364693288
3364762904
3432923421
3439280511
3291447806
3291448766
1143903646
1194245518
1177468302
1177467278
1315355022
250068382
249935094
241492214
254042214
203698406
203829414
1277321655
1277354901
1281529477
1319340676
1185974932
1183881893
1182837741
1183884591
3333464378
3328532490
2233798714
2217084203
2217609513
2221804329
2495499048
2495409736
2495390408
2545722056
2528936633
2532082347
2519499434
3190063790
3190080234
3055620474
3055689786
4146208826
3878038650
3848677498
1692809466
1957566650
1891506315
817642891
283911563
7078283
19693978
58566058
66561450
313692650
312639818
316838158
1382195470
1382326574
1382326311
1919198245
1919196196
1898355728
1882105088
1949233968
1949188644
1949237812
1950159380
1948725772
1881539084
1881607720
1889810472
1906587752
4070836408
1923553417
1386691722
1453588874
1189348010
1474581162
1441255850
1441199274
3622167722
3605046523
3605045324
3596787724
3592589580
3726676524
1579180580
1595941412
1549942305
1554153250
2091048230
2091240486
2092207142
2088010774
2083950598
1997971526
924233935
924119293
924066025
655630569
622204393
810946283
817237610
815926842
1352731146
1352673802
1084500490
1101282874
1202464554
1186484538
1203486986
1150976330
1150980539
1150853548
3302534564
3560487332
3560488368
3559561088
4147024512
4130255488
3861295680
3861283344
3861087776
3860916769
3861146471
3882101094
3856926822
3991276998
4016441222
4284883846
4293206502
4137952486
4138472611
3601073280
3601208448
1453728896
3328615552
3340930448
3610282912
3576736672
4109413092
3839929908
3856840244
3881992740
3793781280
3793785361
3793777205
1646342959
1646669870
1663437870
1613105386
1625688266
1621493898
1889929358
1890855310
817113994
294924170
315907482
47662506
59900334
11665863
10621761
10625840
1088447264
1075897120
1075900704
1075884288
2205440
52608768
48405313
44485570
1185237906
1190398370
1190410658
1182018982
1181901206
1206019023
1168163807
1202758637
1202757996
1185985636
3337661541
3325143143
3325278310
3459439862
1311916358
1316102918
1152524806
1151472158
1151472157
1151533864
1277429032
1277434920
1277458456
1277683976
1277618955
1281796618
1223657994
1239977738
3412640218
3404202490
3400204762
3400151514
2326410158
2326406062
2393383590
2393403047
2381893293
2352514733
2369372860
3308995212
3309004428
3342429596
1193900204
1193871533
1194199197
1194207373
57074820
333615556
300057420
287474492
874558252
874555180
874818348
606509340
606509076
1696970804
1730521108
1714334724
1714327556
1714323460
1714307684
1713767076
3878036131
3848667826
3856926370
3986688678
3986688422
1839208686
1839212558
1839474702
2141531150
1474699278
1474752527
1474723919
1474461870
1609604270
2144381350
2126556078
2126552734
2139264718
1704103943
3857880071
3844246567
3844392998
3844892710
3845072950
1730816374
1697267334
1701447303
1705706116
1705842340
632045220
564404132
564137348
828385412
320874628
320891268
320985557
333700055
333700087
300014583
299944823
300014423
291699031
291699031
291633527
291625303
325310807
325253447
325253463
325089639
291535207
291527015
291724151
300071767
837008215
836811637
601922420
602118416
1675803908
1675802116
1667348020
1629527588
1629527596
1612823100
1663285804
1646459438
1650653486
3806578734
3806447662
3798322206
3798451214
3861378062
1663493134
1613655246
1626217934
1622018958
1621822381
1621953452
1693194668
1680616380
1680616092
1684941540
1706445540
1739901511
1720774151
1985244933
1444171013
3593800967
3611168551
3580767782
3433967142
3435019862
2358845062
2360884866
2226683298
2226702498
2221443233
2150467728
3224365440
3241044864
3257285248
1109794432
1113991040
1113731505
39850147
35659938
35660003
18931911
270770501
270774532
807507220
807442708
807508788
1881389588
1881389588
1931713284
4062354692
3793916932
2720171012
2988623143
2993096230
3001493030
3018208806
2985165510
3018588822
3019380390
4086832294
4086041766
4086039716
3549692036
1408577668
1092690060
1076043976
2253000
2288456
6454024
10639880
10705691
10516266
10514746
6517018
2212126
2147646
2140478
14723390
10598662
61245767
44469701
1114014660
1181123392
1181188880
1449435424
1445241121
1445241889
3576098082
3693480194
3693218562
2619477522
2632122914
2627736098
2628788770
3700433463
3566215691
3296732041
3296725417
3297183913
3234269352
1074202792
1075775624
1127618697
36053129
36053385
35799433
40010729
308323113
845193513
828416296
543209768
543201576
543397945
543340569
539146249
539211784
1613206540
1680244940
1680228780
1697514156
1717969572
1722163873
1655059074
1923561090
1923095954
1927290018
832579746
815933570
815933830
278932102
284175030
284173975
325104583
845189575
870482261
870494485
568567092
543211308
543201836
539204124
539138572
539130460
555756269
589307566
593626542
581042350
581043374
597755054
866135238
870328518
870328519
300120391
291699015
291662167
287439219
23124339
23321459
23263539
1105328435
1088486179
3235961650
3231963922
3231906562
2174941954
2208430898
2191563042
2191562790
2191886374
2196015142
2189264950
2187298902
2187237590
2187245782
2189359606
2256468438
2256402902
2256402775
2256402807
2254956919
2254924117
2254928197
2254903621
2255362901
2272213861
2238462567
2221685351
2221898311
2230245959
2230245959
2230188631
2230106983
2246884839
2255263973
2255263989
2188236997
2188302533
2206104005
2172025557
2155248373
2155231861
2153060981
2161392405
2178182421
2211736885
2211736932
2203327844
2202275316
2147945972
2147900885
2147908549
2147892165
2147752919
2147486551
2151701254
2206694150
2189846790
2189913398
2189716774
2189720614
2193901606
2185709942
2203011414
2170510166
2153601878
2153610070
2153610070
2153610198
2164128246
2172516838
2239626215
2273106935
2272123847
2272123717
2205137733
2213525845
2179971445
2171582821
2171583845
2171582821
2205136997
2188359893
2188228805
2188220613
2188237015
2189351127
2185132535
2169928423
2153134839
2153134679
2153069127
2161392135
2160344885
2160356645
2177166693
2168765812
2168753012
2202307540
2194119636
2261170676
2261100772
2521086052
3594885236
3725499508
3725507828
2114890996
2114895092
975109253
975104141
691992973
696244639
687200671
678820319
678554079
678553951
695332223
695332199
695303527
695433591
695425399
703683447
737266551
737270645
737278837
701622613
693234007
693201367
693206487
676401590
944976822
953365438
955454142
2024997534
2024868542
2024889007
2022767341
2021714661
2038491861
2067852615
2063851591
1494405198
1477591246
1477575086
2018586542
2027236014
4170525358
3633593007
3634117548
3634118492
2364811020
2356425484
2355442205
2363893287
2310415910
2310485554
2341483314
2323927330
2323957222
2328153254
2403649718
2371733910
2369771990
2302605790
2334030094
2334058766
2328882446
2324555022
2325587310
2325517799
2346487719
2298253233
2355465105
2355599745
2351413648
2351282608
2284173793
2284239841
2334584387
2318804482
2318804482
2319326722
2340227618
2377918754
2360092706
2360084518
2360084487
2242643975
2259487749
2196648965
2197741829
2197660005
2179772897
2162983329
2154594720
2154665392
3228415412
3224221108
3224352148
1092023692
1124529548
1107748748
1107800012
1107602748
1125427499
1092921386
1076160522
1076127754
1093126154
1126599962
3270948650
3533087294
3532030495
3533144589
4069819252
3065816100
3074206752
3190589472
3191838736
4282283968
4280165056
3977650849
3981836962
3971351218
3971286946
3971227042
4254349478
4253313174
4253329550
4282689679
4278692239
4279675727
4147558942
4146241086
4146254382
3810673214
3810595358
3881833014
3852477735
3835712548
4104342560
4104506384
4101295168
1950152768
1411213760
1343647105
1342590115
1397114019
1384531123
1385583745
1452557440
1452600720
1456795552
