627964279
627964279
627964279
627964279
627964279
627964279
627964279
627964279
627964279
627964279
627964279
627964279
627964279
627964279
627964279
627964279
627964279
627964279
627964279
627964279
627964279
627964279
627964279
627964279
627964279
627964279
627964279
627964279
627964279
627964279
627964279
627964279
627964279
627964279
627964279
627964279
627964279
627964279
627964279
627964279
627964279
627964279
627964279
627947895
627947895
627949044
896382388
896381364
929935804
929936060
2003677884
2003678900
2011807413
4159291062
4159290558
4159618222
4117691566
3044994238
3044997518
3042372558
3050761934
3084250847
3086280447
3077891065
3072651773
3039121917
3027137967
3028182447
3028252597
3036630997
3036665797
2985293637
2985156949
3018649973
3018187061
3018321973
2984760373
2984363317
2975986996
3043092276
3072718645
3073889845
4130816533
4080484887
4084675398
4118230494
4126481902
4126957038
4127029502
4127193310
4160748750
4160664911
4159682317
4159672845
4151280157
4151153453
4146979117
2804736045
2804737261
2805814511
2807975343
2782810031
2782860974
3051188990
3051119198
3053216271
3053216031
3052201271
3035429925
3035614245
3036596247
3028213063
3028282695
3040732487
4148027734
4135473526
4135469158
4135403622
4143273063
4134884471
4266998815
3193400607
3201789791
3218436093
3168237277
3168163533
3168158413
3161932485
3170236149
3170166503
3165974247
3165962086
3170164198
3178618326
3178757575
3174561237
3174552573
3207971821
3174389429
2910676661
2919065509
2919003621
2917451239
2917516407
2951205895
2808603655
2791746567
2808523783
2808518919
2808585023
2942434863
2943483455
2909886207
2910077695
2910077869
2918203821
2784052461
2784052477
2784189644
2784226508
2784226508
2784191964
2775737805
2773644253
3050640109
2985558765
2968782575
2960463615
2959421150
2959420894
2984532190
2985118942
3018738766
3018773583
3018776591
3018711325
3010257213
2985091373
2985289069
2985154029
3052195821
3043778559
3043983054
2508074702
2541108942
2536972286
2523143662
2657354990
2665754854
2661359830
2661425222
3751948294
3722589447
3697284885
3425708565
3424659989
3697289812
1576020948
1576157108
1607614372
1589645236
1581260692
1577090964
1577152384
1595075968
1429405136
1428418000
1432485233
1432403297
1432403809
1440792561
1474412531
1474412531
1407432179
1407358451
1407366358
1398977750
1365414998
3512966518
4049706278
4032863527
4033131831
4033189143
4033271575
4033271351
4033271351
4033795639
4050638646
4059026710
3085915414
2549044486
2549051662
2548969791
2550084927
2549946173
2549948217
2449227577
2447191897
2157787000
2157777656
2159805368
2176586680
2176582040
2179727800
2162950313
2154583273
2150497403
2150480906
2150479882
2150476042
3224350026
3224287050
2200868810
2184086474
2188284874
2188308954
2196693354
2196660331
2196578537
2196513004
2213294588
2179797496
2163151288
2164200376
2164069289
2179731947
2171344234
2171411834
2171542874
2171567434
2154818890
2163123530
2163181386
2163050058
2171373178
2171385386
2272241210
2255402778
2263791422
2263720302
2254758255
2254758381
2250527225
2385985896
2368868712
2352103224
2356226872
2364549657
2364549657
2360359707
2360425755
2242909466
2276720762
2274705578
2262134954
2262250922
2253854138
2249528735
2266313631
2266309017
3239387545
3224711641
3224637723
3227791643
3236258073
3232097561
3232214296
3232217352
3236272396
3237841164
3227486476
3227422148
3223225732
3240006020
3323904405
3325952407
3324383666
3324121506
3277988258
3248693730
3231725538
1352691554
1352723043
1088465649
1105309633
1113765824
1109561664
35799296
52625712
2105633
2105635
2172195
14827299
10882819
10880771
11470595
28051201
28116305
28169713
28177907
32372211
23983603
23983475
23983474
23983442
23983442
23983474
23983474
23983474
91091282
91066706
24097266
66040307
66041843
65910771
65910771
40761331
40368115
57144819
57111921
24474993
22357361
1320289
68445537
72832337
73286977
100549955
99603795
99480946
99480946
124646898
258987474
258987474
258864498
258864498
233698675
233694579
233825619
225441107
91215345
91067891
91068339
57522098
57513874
57515922
57655218
49281970
49281459
48594355
40187313
39919792
39919792
35725728
304095648
304095712
308291552
853553121
853556069
601897847
870332759
836860247
836860247
836860183
828504375
828504375
828504375
828504343
291626261
291634487
6403383
6397234
6655282
6654258
15698418
15174034
10980754
10978706
10912195
10912067
14852355
14917923
1088464163
1084292387
1084344611
1084413971
1088879617
1080458241
1143358720
1160201472
86459248
86995568
24077008
66025169
65918673
48619219
48619507
39968242
35739122
36794610
36794482
34627702
33562742
33562918
50345262
4459814
4524838
12913462
9182998
9191174
9392902
9327362
10371906
12501443
95343089
99594656
133019056
124630416
120436112
119911856
103265712
103264657
119779793
119775699
119660883
86205746
86140211
23291171
31683875
27391267
27317555
61196243
48743379
40338321
40207249
36025235
1110827955
1125414819
1090797539
1078206434
1086660450
1083326226
1102194434
1101210371
1168192259
1168183569
1168207905
1155620896
1147364656
1143141681
1143133457
1143441153
1143441155
3311770963
3479543282
3462764530
3458569170
3462779858
3404190450
3401011954
3400890338
3398709218
3402903010
2321296610
2317108450
3390750850
3390746755
3403325829
1255912900
1519959012
1523100004
2051581988
2048567348
1780136980
1847230484
1849327668
623550468
606769157
539934775
607076518
741146790
741085606
745283238
745347766
753744567
749681335
749158037
614872645
883368461
899949069
363864591
399566655
525380910
473999678
469997646
474122446
1422297230
1439074446
1472630150
1448002950
1447711110
3596235718
3596231670
3604554598
3619169254
3585614831
3499631532
3499687356
3512261004
3508308364
1359776140
1359977356
1896783500
1897301660
1945540349
1944430325
1935976053
4066684791
4066483495
4066548775
4066542647
4133657621
4142115845
4142246933
4159024181
4150787109
3043392621
3022405101
3022393071
3026587374
3026585342
3034920670
4104398558
4104398558
4121175998
4125371839
4116987069
1965313181
1965378756
1931902020
1931668484
1914873108
1986180389
1994503477
2002822405
1970382085
1412617479
1414713095
1414680342
3570798438
3570667366
4243861350
4260708182
4261220318
4256989182
4257017535
4259114687
4284262077
4280066716
4263482252
4263227868
4267303420
4269335660
4285033516
4285229100
2137659436
2137659437
2137725247
2137657631
2070544654
2045395210
2045362458
2045309246
2046340398
2046339135
4225280127
4224432382
4199463134
4199472270
4198945166
4198941086
4224107454
4223914670
4190139054
4181751486
4164976286
4160953055
4162198239
4166458335
2020883935
2029266397
2046239837
2046701597
2079195165
2070676509
2070684957
426274079
963145503
964198175
964198271
962101245
962273260
962219516
970612060
970675516
1006228764
1004401949
979215645
977577277
977575405
2068094381
1800322477
1808711084
3939213244
3939090428
3997941500
3997941372
3993540221
2936641149
2803536623
2803553967
2803519406
2772126126
2776304046
2776238527
2768124317
2783784397
2783733068
2779603212
2816962828
2816958748
3085202748
3085204789
3051846967
3169738038
3170782502
3170454902
3161185742
3169578446
3186228574
3219717479
3211328743
3211329013
3212436949
3179210053
3179214677
3179214677
3162371941
3028055911
3036534631
3036661751
3035514583
3051708119
3051679719
2816801767
2791623141
2791692757
2792881988
2792875844
2791761412
2791764788
2808468844
2816791909
2808378486
2808446006
2804767782
2804894758
2809011255
2783866143
2779672093
2762899021
3031260877
3032250077
3027530463
3023327934
3040101294
3044295598
2784249262
2816818590
2749704334
2808424590
3072669887
3005615295
4045800591
4045820045
4033241551
4041598751
4108637735
4108647975
4108627767
4108625719
4125533719
4117165573
4117165569
4117155603
4150644195
4150615523
4150623651
4135007634
4135007106
4132582290
4157740978
4155841954
4122221986
4125375890
4125388162
4116997507
4117099987
4117218771
4117222769
4150783345
4091866417
4091587377
4091583345
4091666416
4083408885
3009601477
3005414869
3005472229
3076578788
3076576612
3085031172
3085039109
3051417109
3047206437
3047276327
2783157543
2783157542
2808319030
2804124694
2787355910
2791484694
2808282934
2808274486
2904710742
2905825270
2893090790
2893024742
2901478654
2918386910
2918267975
2918214741
2914282517
3216338292
3216401748
3220600772
3212063444
3073639156
3073835764
3040220916
3044425717
3036102133
3032242423
3031189719
2498742471
2516245702
2549785670
2549981470
3070009646
3060577070
3061167918
3057106751
3056975661
3071647020
3038240028
3025597708
3025563724
3025621148
2966749613
2968786863
2968854190
2968985254
2960465558
2958311062
2975610774
3011261582
3001838799
3001936975
2997742925
3001871629
2993256269
3010425821
2976797181
2985181293
2985246767
3018081582
3018095902
3529796366
3530320414
3547291262
3513407486
3496661470
3563770319
3563835471
3563642911
3563643967
3572034623
3588877631
3714776895
3748551198
3748547102
2674871838
2657886006
2675471670
2675527958
2684014615
2579152949
2579087653
2560144869
2560143300
2580196229
2567871413
3104213413
3204943271
3204681127
3187836311
3187910087
2919278543
2936072159
2906711935
2906847215
2907850735
2773698543
2773562863
3042182647
3084129751
3084156375
3084156119
3084352727
3084842197
3044996421
3053385029
3053442820
3053180676
3036403220
3027890740
3026743845
3026727461
3026727719
4113109798
4114285862
4101965142
4034868294
4041161926
4036877518
4041062607
4060060109
4093544908
4143877836
4143822540
4133270492
4129092076
3860619756
3876855981
3877056687
3845259438
3891397862
4020375014
4021500502
4021317126
4270910982
4291864079
4291929869
3218249517
3075638829
3074721324
3074729597
3074946813
3075995375
3075989167
3084242351
3075755181
3077917853
3078028493
3044469965
3044474140
3044275517
3052492093
3052433727
3052691774
3086311726
3086299430
3077903718
2507607414
2505448822
2505469266
2497150290
2497137922
2497659906
2489151810
2489181138
2501829362
2535350978
2541634246
3061761734
3068973045
3064773092
3068438892
3069487400
3077877000
3172446024
3172394952
3172398056
3176583656
3185033576
3185001836
3218437485
3218367791
3218415422
3218411326
2614443838
2582982462
2582981950
2566200614
2564099126
2564099094
2564111382
3638377558
3654106310
1506552967
1565338756
1599044996
520715652
520641940
520904084
386727356
386395564
386313132
1455594476
1384221532
1388351244
1389408012
1402056220
1404280380
1370721833
1370655530
3518163754
3513968942
3507734830
3507998702
3540485774
1392808590
1397027470
1405928074
3616391835
3620658602
3612260590
2504698094
2505680990
2497296654
2495253071
2495256143
2495259150
2629493294
2381906478
2372404782
2368210214
2368216102
2239446054
2277123110
2258269221
2258228308
2258148492
2258144652
2251853452
2252053148
2251995804
2235481732
2487135876
2491330213
2490863527
2431946150
2431958514
2431100370
2422580722
2435110386
2469152114
2469336434
2469281138
3077451106
3085843298
3081706453
3081527236
3082616772
3069505476
3069486532
3069572564
2541084644
2503333605
2486518375
2486506038
2485592862
2485592350
2489790494
2498048058
2493856810
2629113898
2633451531
2625034249
2622924872
2622994888
2639564232
2664727496
2667414216
2659091196
2659103468
2659115756
2533352421
2533123494
2549884070
2541499558
3579643046
3558736006
3558740166
3558744526
3563005406
3570801006
3570800935
3570751765
3570727172
3352620804
3335833092
3331768836
3332293188
3334357733
3334435814
3351011750
3321651622
3581690022
3581265070
3577187518
3608582622
3608652749
3591678540
3591678540
3591741196
2534834956
2505491228
2513879852
2509755180
2510284588
2512387877
2516377381
2549927221
2540541205
2508105477
2508104469
3045061175
3045052983
3040858726
3074381414
3061796854
3060599286
3060533494
2524715222
2520067270
2536973510
2503352526
3564511246
3566600206
3566538782
3568627772
3568626964
3501500692
3493112116
1346341332
1363052676
1396606084
1379319940
1379270789
842404230
1916154550
1919301286
1944415918
1940155118
4055166958
4059080526
4090794254
4082401550
4082413886
4090799407
2466243949
2529094949
2529061156
2529052949
2533121287
2524714263
2536321335
2540003638
2510741790
2644964110
2644918590
2645821742
2641627438
2368997870
2403207598
2402950078
2402958990
3488232334
3467248526
3467248063
3467121069
3483902444
3454542188
3303792908
3303710988
3303973148
3224142636
1077199660
1077199464
1096078040
1100272600
1083606521
1083608427
1079421035
3222710299
3221727305
3221596617
3489970637
3506737037
3545662093
2464055949
2526970509
2529079981
2529157861
2533122661
2540446503
2502701878
2485924662
2486116662
3563987238
3571912738
3571909666
3304528914
3304400899
3293870081
3289708544
3288766720
3288767232
3323366912
3327558208
3334373952
3333391088
3266282224
3266310881
3266110114
2464998310
2422533550
2418329838
2419558650
2956376282
3004606666
2987829707
2987827784
2992079436
2991948540
2731848428
2731320044
2731389421
2724189359
2724132015
2724095134
2742445246
2708940206
2692027822
2692161439
2691051407
2967940575
2967807487
2967737695
2985051423
3018675471
3018843407
3018321167
3018173727
3018177327
3018301039
2985729631
2985789135
2977203871
3006592687
3006587823
3006755326
3005632990
3005612254
3009884399
3018137709
3018273853
2984664093
2984737805
2985650445
2976377613
2984704783
2984693711
3018311118
3018118334
3019174062
3010810046
3010941406
2972121054
2972184110
2976377390
2984634942
2711943742
2745495326
2728714270
4138004606
4134293743
4130144429
4130078876
4130152580
1949172644
1949172452
1957560836
2091849220
2091133452
1554262541
1554262558
1285826862
1240741950
3403091022
3403022414
3398828110
3468116447
3466052076
3398754796
2344922604
2336532940
2332343756
2315697996
2386999116
2395386444
2391192188
2659353197
2663416431
2656077675
2652147691
2652225275
3205938907
3172380379
3155622602
3160332890
3160263226
3159903786
3092807210
3107463738
3141083674
3141018138
3111658266
3115917354
3115921644
3099067564
3098283148
3639346308
3626356868
3625382020
3691422084
1543676812
1543742348
1547745199
1547819438
1564658110
1581406346
1581389962
1581385866
1581582554
1582630010
2130002202
4272288010
4272259961
4288979688
4255949544
3179061992
3172774648
3171722956
3154962124
3156043341
3158257197
3170777389
3165587501
3165587502
2644974606
2678209546
2616339466
2316444698
3390370842
3393512458
3401884682
3414532111
3415060604
3382687188
3436940676
3430649748
2352648080
2618986384
2619258752
2501813648
2535368144
2541668289
2531706817
2531784513
2548363105
2548362593
2548360677
2549413093
3086996695
3053385030
3044463942
3044529974
3023435302
3023435302
3023435302
3023427094
3040179718
3077923606
3065471351
3065475573
3065840821
3069969589
3076265141
3040828861
3040763293
3044997517
3053451741
3053252093
3053249853
3078419229
2977788445
2977772061
4033753629
3027120669
3043959151
3052174573
3052718317
3075967181
3075913932
2807540040
2807343880
2807346696
2815726104
2773778984
2771878443
2906120746
2904891946
2904822318
2904817966
2909536298
2846621722
2829647898
2829717594
3098159306
3099207881
3099076760
2583169160
3646433416
3676122248
1578971528
1595347336
1565917579
500302250
483532970
469770410
469790938
1409324234
1426106697
1996732680
2001902344
2001898248
1985186312
1995480648
1995473480
1995948616
1945518841
1945519082
4059489258
4059489770
4099407214
4099181918
3025444174
3025641231
3042358797
3042354701
3075581447
3074721335
3057944359
3059010663
3059207269
3070123109
3069078533
3069076485
3086906645
3053376085
3053384277
3053445847
3053250294
3077897958
3061107622
3056880038
3056879854
3056999646
3061200078
3061194958
3027640526
4101382222
4101379150
4108717530
1961171882
1889876651
1890859705
1890851464
299118536
319825352
319926280
320049160
823230488
808484908
1882235948
1882237244
1882430236
4044524060
4077292060
3792080588
2723055308
2723058380
2815865588
2815931109
2817844967
2817847142
2943679806
2923232534
2923391254
2923310342
3208520966
3179164982
3170830114
3170828834
3166376786
3166183890
3166183651
3166191793
3187372160
2658803844
2659067268
2524852100
2524854671
2524711406
3606321386
4092868650
4059376650
4059509770
1375014922
1374949387
1347686425
268718104
268722264
268759368
268748104
268945176
273073944
818333449
835118857
323380489
323949835
371000586
375328122
509491642
517880730
530464666
532166586
531108778
497566650
497598873
497807800
498069928
493871464
489021736
489153320
523428616
389218056
355617545
357780267
366178090
349398298
349270346
344998219
814792985
835842089
835969321
861070633
840156441
840419081
840418825
840844811
840844810
847204874
847008554
594309418
569164907
636343547
619688153
619557336
636334552
636335096
627946232
929937016
846175864
846175849
846200427
305083946
304951850
304968474
841994330
1936650346
1353643114
1353628874
1353620682
285054090
270332090
270020778
1343762602
1356476554
1421488874
3300528746
3300408874
3434621482
3428329994
3445107274
3482884746
3483075978
3468329354
3468407177
3467162024
3471352232
3458838952
3458961832
1580159288
1596924184
1563305752
472788760
1009135384
1021713675
1554451722
1554270474
1555335434
1223461210
1223462362
1219074010
1219080922
1219211994
1219146489
3367674604
3371868908
3409617828
2587537844
2586744192
2587794560
2589956528
2588720033
2597120930
3662442194
3662558786
3679328098
2606629154
2583037218
2561018899
3634710576
4172601392
4191468596
4194612228
2047123524
2047189068
2047320317
973566187
973344938
939857066
1007040938
1011235498
881199770
881068682
344201866
360717962
109052554
109052554
113402282
1179836906
1196613678
1161027886
1155768590
1084535054
1084522809
1084524328
1101303592
1366788904
1394055992
1393028056
1392961928
319167880
319227273
319751563
823014843
824059307
861808107
861668731
871630139
867172650
866181419
866165033
837849368
835813656
826377000
1900129832
1933683240
4081171000
4089678360
4056320525
4039542286
4040069646
2957926990
2954633838
2956723054
2960524526
2977307901
3019250892
3082163404
3082163276
3621069064
3604226568
3604423176
3604361737
4132766250
4135323178
4147914026
4146857002
2003571722
1970013258
1978400842
1978417354
1978520010
1978651098
2012214778
2012198378
2012134570
1475323322
1466807706
1433252747
1411764875
1415922379
1416057691
1424380715
3572900137
3589677097
3616940057
3600250121
3533010249
1389658009
1381260969
1395919531
1396116378
1395080602
1399272634
392507578
358944922
337973322
338063386
203612202
203612458
216131134
211916310
1286702614
1217495559
3380856375
3418617383
3418548067
3418521459
3414384467
3414171507
3380624738
2306882914
2307071074
2294483042
2286111778
3355659314
3355561219
3355504385
3359745536
3376655872
3393437200
3389505072
3389505136
3389496944
3657742960
3657738976
3661933280
3670325984
3678781152
3678772832
4182220640
4165312352
4165328752
3628596848
3628596848
3636977393
2563201777
2554813427
2554813923
2605079777
2588329139
2596717699
3670446210
3666321538
3666124950
3670319270
3661746342
3674325166
4211201194
4211561722
4211506634
4215696714
4224085769
4219827737
2061316617
2052862473
2071462411
2138571579
2105086250
2111374442
1574511850
1574511770
1574511754
525943946
528007306
373080250
372035819
376369435
376369417
384753929
384196891
392524090
392442154
342102314
342098218
350619450
346428890
346371578
481588731
485773787
477385049
494227801
527856473
224322395
492757626
492746490
492615354
1566356410
1576829850
1576305594
1605730746
1341576634
1324803515
1312187835
1312171419
1261905339
1232545275
1236743547
1219834939
1218801691
1218933019
3370574143
3363234101
3363222293
3360862737
1213379153
1212396113
1228976881
1228973793
1228990179
1229190899
3372474355
3372473843
3372743795
3410490451
3410400323
3418526787
3418588241
3401684337
3469850465
3485839345
3746021361
3746013137
3741749137
3741812723
3742746595
2673145826
2673141602
3210082082
3176517426
3158691346
3158375955
3158437379
3158554113
3158545968
3158409760
3175141920
3175146272
3175113072
3175314800
3175241056
3175286113
3175286625
3208781267
2579643842
2579578066
2575303906
3649044706
3653447890
3653378243
3686932677
3686932804
1606554460
1589712700
1589657400
1581264664
1581264153
1581257995
507512074
374341658
374669370
372576314
393491482
393506874
359944251
359973209
360497417
393068809
393203993
393146681
393146681
401596731
393081211
359518587
359518555
359519195
401463163
401404795
393016185
393081689
393179993
359560025
360608121
343830905
352268649
347869563
363615098
363615610
368047482
359658858
388822394
388813131
388813771
393073625
392557433
401044345
392638843
392638842
392638586
90583162
90583130
91108682
233641434
216815098
212620778
145545210
145749899
145684363
149878747
149944299
149419499
150402559
150401503
141746631
152232387
151183827
151184371
155443683
138536419
146927075
147062259
155385171
155377475
155338563
188958547
188831569
188863857
188872049
1262609776
1262610288
1262594000
1262589904
1270978544
1266784176
1233237920
1216391073
1220591265
1212202657
3355688673
3372400337
3406993089
3394471491
3396436563
3396437618
3394303714
3411078882
3418386018
3418386018
2344705378
2344748066
2345862194
2329083907
3419612161
3419628560
3419501872
3410092336
3410096496
3410096464
3678523860
3661885908
3661885916
3661756412
3661660152
3661655785
1581264617
1581332443
1581450571
1448150026
1458897978
1390871610
1382355994
1382364170
1399149578
325436426
287686874
288338138
292397211
292393371
300253625
300253688
300257768
300397416
1399235384
1399236376
1466165016
1467082553
1433462585
1433531195
1433912091
1433916234
1433752410
1433736058
1433867114
1433809258
1442263418
1475686426
401880090
401880091
536089883
394080537
394208009
394076937
360534809
360530713
359416697
359485803
359649787
359659003
367916507
367842779
363648475
229430777
1307440569
1282405816
1282339256
1211031992
1215193496
1224177049
1218737579
1218475247
1218539758
1219719526
1223844210
3369263410
3360875314
3359826706
3359827794
1229057362
1262742994
1245904834
1245890498
1245890514
1245808594
1262600179
3376459763
3376459747
3359681507
3376541427
3376676546
3376568002
3410122434
3418571634
3418444130
3418453346
3384890419
3384890387
3376534545
3376477488
3376538928
3376539408
3376674320
3376535152
3376463584
3376529376
3384917936
3385048464
3418594736
3393426832
3393421712
3389227153
3456204915
3457282098
3459473442
3475136818
3445767970
3714464294
3722918439
3757059807
3738445519
3738440587
1456734619
1448542459
1448542443
1444175915
1444209691
1981070601
1964486408
1971236360
1686091288
1685882392
1684832825
1697415723
1697436203
1697407530
1630478890
1630478891
1630286314
1642859690
1638665386
1907300506
1907243146
1353596042
1357767818
3496800666
3496325562
3501699578
3233198314
3233198314
3233210857
3317097432
3320242764
3308208764
3291431540
3426567012
3430703468
3430704365
3447549181
3481202061
3460231055
1245103759
1245102798
1260667710
1260667178
1306550314
1286627370
3450889275
3451315227
3484865801
3486960921
3335884601
3338456856
3263024408
3278816536
3245261148
3245281756
3253481980
3229356200
1081868456
3243643305
3242606010
3225840522
1078258590
1078237886
1078238942
1086633550
1153741646
1205317967
3338575941
3330187349
3325997169
3325988961
3460277472
2671699424
2675898192
2675627600
2549864048
2532955888
2532889332
2549732053
2507756231
2486710934
2619876006
2619876838
2490109158
2494303462
2493979862
2628140166
2644978822
3487900807
3463918983
3463844247
3463844055
3486581783
3387962407
3371181094
2297439266
2297439538
2297439490
2307925762
3398457138
3397506850
3397616930
3397879091
3398402321
2328396112
2589503584
2587398244
2587395300
2585376236
2585437900
3709526732
3692704460
3692704456
3696890584
3703112298
3703047274
4238871786
3585871082
3623623818
3611262090
3608865930
1461626250
1467987339
1467990472
1467990360
1467999544
1165911320
1283352344
1291726393
1291789867
1224488494
1224479534
1224212774
1240989734
1257898070
1248481479
170586305
170840257
170299525
169320853
189047727
1220847274
1489284778
1489022634
1556151995
1548121739
1548105417
1415447369
1467875353
1458438185
1458504761
1451168795
1182076955
1190408506
117186874
117204282
268195194
268228074
167564778
142202330
142529994
142538122
142012826
141947323
141672955
139612635
139617231
138552799
138552831
138554871
155266423
197160310
188769654
172029302
180613590
1254289862
1254347223
1270993315
1270932899
1237378467
1237381091
1237581811
1237516274
1271062098
1271060050
1271125586
3410220915
3410098019
3410032497
3376477553
3359757649
3359757681
3359888753
3359790897
3359799057
1220769553
1220638481
1220572465
1212177697
1212176673
1207990609
1208187201
1224898881
1258446275
1262633411
1245922243
1254314819
1270960755
1233187427
1237377889
1212211489
1212216672
1208087652
1208153156
151188804
184702212
167986444
167974156
235083032
239273240
240321816
240599353
106185019
376754475
376750379
377258283
376275257
913281913
929928056
929944152
929944153
929911513
929903467
929902954
938438762
904884346
367980634
368046170
359462010
359462235
359519579
393138635
393114571
393097690
401551866
99561850
95367546
95318394
95384954
95188347
91026779
86832475
120386907
120378203
120443739
91181915
99504987
99512667
99578235
99447147
91091305
91092345
91092313
91091417
91025883
91026907
74315258
74446202
74347866
74346842
216953178
233795930
267219323
258765691
258757499
258823033
258855785
258797931
267179371
267179387
267236683
1030468939
1030405963
761970683
761905145
803773433
803773689
787461369
774877433
774353145
723882235
724013291
691442154
672592874
1749476074
1757731550
1825364942
1825372622
1833757135
1766713677
1800333612
1783552300
1791937324
4006464316
4006411036
3998018060
3997952540
4014722621
3876310589
3842768431
2769944175
2908278382
2909588350
2909592447
2909665663
2909665663
2909534591
2909534591
3983137279
3983137279
3983407614
3983505918
3983505662
3983505662
3916126462
1835751678
1835759806
1844082878
1844082846
1845389470
1845389727
1843390877
1876945820
1875762140
1858984732
1858464284
3997559324
3997559324
4014336573
3976711741
3977697839
3982477871
3982281255
2910636918
2909588343
2909600119
2909665655
2944268791
2944260599
2910845431
2910579191
2910579191
2910845431
2910706167
2910706039
2910714231
2910714231
2910714231
2910706039
2910714231
2910710775
2910714871
2909657591
2943207927
2943212023
2943212023
2943220087
2944264567
2952784255
2818570623
2785016701
2785016703
2776623999
2776497023
2776418687
2943207807
2943211902
2943351166
2943220062
2877159807
2877282807
2843736567
2843572727
2842024437
2825378293
2842163701
2843081207
2843081175
3914721751
3914721750
3914852854
3914848758
3914848502
3923105974
3956668599
3956799671
3956730005
3956734356
3956734868
3948346068
3981965908
3981834772
3981765172
3983862325
2910182181
2909063989
2909063477
2909129013
2909133687
3983006583
3983006582
3982874998
3982817590
3982813462
3982883094
3982972982
3982972982
1835489334
1836021814
1836021886
1836021887
1836013695
770594911
770594911
770660439
770660693
804247893
787470677
1861089653
1861089621
1861220948
1852799573
1852791381
1852791381
1852537461
1852406391
1860794967
1860794695
1860925767
1877670215
1877670231
1869339479
1835793239
1835662295
1818885111
1827265015
1827265014
1751767254
1751872582
1747677270
1747529838
1751658602
1751912555
1760366827
1793792473
1793800920
3941292760
3937131224
3936991960
3935877832
3952648776
3901268555
3897271114
3893277546
2819522922
2819605610
2887567470
2889664623
2877282685
2859359068
2867755612
2867812956
2867715709
2867721983
2867652350
2884429822
2850879486
2834126334
2825868794
2821676506
2821684698
2821553626
3899471322
3900454362
3908908506
3906938074
3906938074
3905907915
3905907147
3922192795
3917998489
3951557515
3934755723
3938760586
3930382986
3926188686
3926123502
3942830958
2840838951
2849096999
2851196209
2851203345
2874273041
2874406161
2873348401
2873184545
3946922293
3913371965
3913380157
3896605981
3896604953
3896604985
3905386873
3905411544
3922708937
3922713033
3922586761
3914129549
3913670815
3913806063
3947287014
3955409254
3938632487
3938697779
3930191383
3930121735
3925929743
2852252463
2856831339
2857748843
2866661755
2866760155
2866637275
2866669003
2883576283
2883515387
2845754346
2847918062
2830485502
2834683391
2826302975
2822110719
2822233594
2906126586
2906126586
3984021978
3916913114
3925309786
3958602075
3941824857
4008934680
3998444824
3998317880
3998317880
3998318392
3998703164
3998633500
4007026188
4009156173
4009086815
4025338719
3983399247
3966753103
3966761311
3966630783
3966630767
3966630783
2892890111
2892890111
2892890111
2825781247
2825911775
2825903583
2825737727
2825679342
2825679338
2825156074
2825223674
2842130939
2884073979
2884106363
2864183385
2864183385
2861952008
2860901640
2882003721
2839994923
2835857962
2836776490
2903887722
2905918846
2943666526
2942654814
2942785886
2934406014
2951707518
2951740287
2951609213
2918055805
2917990236
2892890076
2893938684
2893938684
2893412860
2893404668
2893404668
2893380092
2826271229
3900014045
3915214239
3915345311
3948931231
3948935359
3957324031
3956275453
3939498333
3939429149
2857299477
2873617941
2874535477
2874469925
2874462055
2874460535
2884749687
2876504407
2874403159
2874403159
2840852855
2840853367
2824067959
2823937367
2823945559
2840722807
2840713599
2840975743
2908215679
2910321023
2910804351
2910669183
2909358559
2909363679
2910453215
2910449119
2919230975
2917005823
2915420639
2907031903
2907167071
2940726655
2873617759
2873617759
2874665343
2874661247
2874526079
2952087935
2817998301
2817994205
3889636861
3822532605
3791067133
3774291965
3774156799
1626610175
1622415486
1620392062
1619343390
545532942
562310158
562885710
600609870
592288991
592297183
588102910
571316479
571316479
571447407
570857517
570865709
570883116
571407404
638516268
642677804
785022269
786046221
718936909
721099597
720052189
719921151
736704414
736835470
703149982
686372510
686374558
686374558
682179230
682433242
683490010
680798970
683945850
675556714
675293035
1757492843
2038570601
2072190552
2072010312
3665885768
3665869320
3665864968
2592128008
2323758104
2340535352
2340590632
2340607016
2344766761
2344750383
2345078575
2413103662
2413055550
2413084222
2681585278
2683803262
3216479838
3119822430
3119816270
2826214990
2822019663
2822224479
2820061821
2820578157
2820585837
2820598125
2837441661
3915381855
3948903903
3948903931
3932126719
1784641919
1784625279
1784486013
1792874621
1795103869
1862212701
1857961055
784219215
784235599
784222542
788220238
737892830
695811550
695942550
691748230
673914262
678240182
679294646
687158974
682833566
680736398
680607438
679489242
947923546
947923546
947923547
968933209
960534489
700552665
1774302680
1774302552
1774304600
1774304120
1765915192
3909204536
3942750744
3942882840
3942815272
2869073448
2869072424
2869347113
2874525037
2851423741
2901870013
2893487541
3832749493
3832749495
3832749463
1615935894
1624320406
1620125846
1620257014
546519126
563165190
563358726
596913158
596904966
601672710
600558647
592174391
592009527
591944055
592009591
592149351
583695207
584023925
583827285
583819093
600636893
600702461
592312829
592304637
558750175
558750175
558889471
558627327
558455167
554260862
558578047
558579007
566901551
566962991
562637375
562588183
566778631
566811399
566876438
558471446
558471446
558471446
558602294
558611510
558607414
541830454
541703478
608800119
608931701
608885604
621439604
621488692
655043124
772418100
776612388
785067572
797458196
663230213
629684037
612919127
613023319
550034135
541645527
554228439
587845495
571131253
583714165
579503477
596227927
566797919
537431647
537692767
537889535
537828079
1615772396
1674574572
1649409740
3792647884
3859758796
4128239084
4140690604
3868060908
4002261228
4001930436
4019887303
3954871526
4218399974
4214000742
4214021238
3911605494
3911595254
3895600278
4164036502
4191360662
4185919126
3212843654
3196119686
3129010886
3128994375
3212946231
3162683685
3163982128
3170797840
2486142992
2486159360
2485521408
2485259344
3157406945
3174184098
3214030754
3196266146
3196137122
2659212978
2677328594
2549401858
2502215681
2502207488
2501961984
2535653136
2524118896
2659379152
2659379089
2659313587
2659208867
2537836195
2483031729
2483227313
2484222896
2534566320
2530307248
2526045328
2525029568
2525029824
2525148624
2547160305
2515704947
2422705186
2422525218
2418330914
2418532150
2955345686
4050054934
4084723478
4084725046
4065719574
4065711446
4064662614
4081906806
4081898614
4048307286
4111205582
4111406286
4115535070
3587057150
3582865134
3701418727
3703380704
3434875456
3433827840
3438040576
3425498880
3425608448
3425608448
1278128960
1299087808
1332118976
1327744147
1310837922
1446108578
1444014498
1442900962
1447062514
3602935746
3598741442
3598738930
3599000034
3603198310
3595325798
3612100390
3620489006
3582578494
3582656286
3315329815
3298421045
3304651120
3430436304
3426291136
3426424768
3426629072
1277043184
1281237456
1281253824
1308542400
1342096832
1197966784
1181060560
1180802928
1180811121
1180806497
1446030689
1448125793
1448125491
1447269395
1984070690
1979946018
4110791714
4094022710
4094547062
4094510454
4098690534
3561951230
3570339430
2492411494
2493328934
2627544626
2361135619
2361135617
3439072016
3430683504
3430888272
3447615808
3481194944
1316933572
1316985796
1312275396
1178057668
1446222301
1446033662
1467004158
1431351418
1431363706
3574915114
3608633390
3612762414
3620102958
3620558382
3616294526
3616294598
3616100294
3314179526
3297471957
3436784816
3428334992
3426420112
3425306576
3425310448
3429512816
3429836368
1300195136
1300162305
1332659969
1332135681
1332135681
1332201233
1197866289
1197844771
1182050594
3327437154
3327241554
3594888658
3603296466
3603288290
3603230950
3603226854
3611620582
2504279406
2504805694
2505001246
2513316670
2244880958
3432984126
3432791575
3432777221
3436991056
3428643696
3426612064
3426669040
3426668736
3426673856
3481205953
3464415362
3462908034
3458664658
3458545890
3463525730
3471909730
3465880098
3465880099
3401327153
3405280785
3392720656
3409561872
3373988112
1226565904
1238101504
1233845824
1271553600
1263011552
1260126948
1528054244
1528123620
452993252
419441893
419440887
402684118
407042518
969063382
969058246
1002550087
994153287
994214661
956470037
2013373220
2013314848
1744870176
3892419360
3892492896
3892493040
2869075696
2856474320
3125150400
3134587600
3135701989
3131314663
3131318374
3131059310
3132110974
3669174526
3667077374
3671075030
3670027398
1530945670
1224925318
1275236742
1547874694
1556255669
1556132772
1547740068
1946198956
1962972140
1962969068
1996533608
1728097080
1728100616
1980930313
1980930315
1987480603
1986972731
1986941978
1919680542
1919680798
1919812071
2012103591
1961779875
1894670979
1890547331
1353578371
1353699457
1353695377
1349349619
1361846515
1395401843
1362050083
1348876835
1353075235
1353009697
1369724417
1386537472
1382342912
1378213892
1378283524
1378226436
1395003165
1365641773
1357191727
1352952431
1370778603
1404333451
1383338123
309723274
309723530
334631866
294786030
278098798
284484398
1349837598
293380367
289186061
857249085
856198445
822643053
822720879
1896525278
1998253390
2002437214
2004763870
4152255742
4148126198
4150092774
4053582567
4052533988
4035822308
4035769076
4057785876
4045170180
2436768260
2470322711
2469274414
3542351918
3546546222
3522953274
3516736730
3516721354
4052269195
4052256904
4153051272
4157253816
3860704424
2789056968
2922361352
3997073928
3997090345
4013302315
4013236779
4013696811
4026271979
3987212459
3987409082
3970566282
2108373130
2112629898
1600970890
1579458890
1583850266
1591910955
1592959531
3740312109
3757175341
3453368111
3436582191
3435533423
3704425519
3704359981
2626243901
2627328777
2577185288
2614929944
2601822776
2585038392
2583989784
2584061512
2605164233
2579948171
2575725226
2613380782
2655782830
2656832686
2658928814
2658928814
2665416846
2681629838
2648108174
3705069967
3705057999
3707667167
3707536125
1576333929
1463084329
1446311977
1446332456
1445419064
1445357576
1982229512
308736008
333890312
279364104
279888392
285180713
274527529
273442857
1347184687
1355577455
1352595950
1167522798
1173800590
1164198534
1093096326
1076253382
1077310098
74916515
83109537
364324512
381040260
385812356
377225636
372510957
373043245
389816361
339484987
339489083
205337915
209480730
217869338
211647514
211340634
211324890
230264762
263882378
1320060555
1185841800
1190101896
1182774264
1109173740
1377609068
1377609004
1914667324
1918796061
1943908653
1905107245
1905172517
1884196899
1879883811
1879883843
806142146
537889010
1611578278
1686547111
1703324295
1855368069
1857063301
2115027333
2114998709
4262736557
3994493677
4015399661
3985973935
4256436911
4122215855
4156294543
3617330575
3613140295
1191585030
1159078150
1142300710
1148657702
1147548726
1148060678
74320902
1148062982
1148079054
1174260381
1207483037
1190706076
3606626236
3598235564
3606615020
3602416508
2528871004
2528817772
2528879213
2533139054
3189568358
3189001702
3189131494
3189164134
2933299238
4002850838
4002916358
4006931461
4011123716
1813270532
1748370500
2014715876
940969701
945097314
948709922
949758498
429406754
462961410
244844547
1318729728
1251650816
1251651392
1247448704
3459942016
3446376064
3437789856
3433603745
3433603747
3703153318
3705201382
2484605670
2484603502
2484677406
2621122606
3694864430
3715778582
3741207622
3468587078
3401531462
3400286279
3404005495
3391427943
3375312230
3359517542
2298092230
3367636678
3365421766
3384328950
3417868006
3405293295
3663242988
3659113052
1511629340
1513664796
1580826668
1579925544
1579863148
355092684
338561412
473840260
473836164
485915284
1018188468
1017143700
1973539717
1474478983
392315510
358638114
392457762
379873570
514127906
514717731
1588574209
1593424896
1582928896
1578795024
1581154305
1530822657
1480491459
1480445622
3632085670
3638114982
3634051750
2562276002
2562210722
2562206946
2558026946
2573787206
2590564418
3672826176
3735726016
3735731920
3739799520
3609775328
3610791008
3577228368
3560582208
1413098499
1417293570
1169821234
1203439138
1138229874
1120416322
1120465602
1116243665
1133022176
3519584736
3578308836
3574245588
3575286084
3608841536
3623584576
3606873073
4141659110
4129092582
4129059750
3189515238
3206424290
3160285026
3164478211
3166316800
3166185728
2627216384
2566660400
2558210848
2675573264
2658796037
2666137094
2662862374
2667067694
2665015534
2681780394
3185158282
3180965002
3183062411
2629476024
2625277608
2486814376
2486715100
2486710812
3022660388
3022659879
3031310438
3031172322
3030647970
2545157250
2529444994
3326525570
3322339459
3322306688
3323224292
3593785700
3610629484
3623271192
4155943688
4154891016
3081079304
3085208104
3039084075
4146377258
4129784362
3995517482
3996566314
4000768042
4002802730
4002707498
2127566878
2115049486
2115120134
2063736834
2030195522
2026046115
2021851811
2022052499
2023102083
413077121
410716801
405478275
426576275
434452963
430189859
429925665
414195985
418390275
433071361
432076593
427859745
427859809
461479923
465743827
1539553266
2051053539
2046859235
2047055843
2051188211
1782822355
1782617585
3926103521
3926037969
3926045121
1795355989
1795562791
1763051558
1763117094
1752631326
1752635454
687290686
682827534
680592975
679490127
679486175
947921630
964700118
998258135
461397493
465673685
465745345
432185809
960541045
994087269
725717495
725792215
709012951
1782692223
1778424173
1778490621
1778564317
1778558157
1795356157
1795577325
1762004463
1767770479
1761479038
1761544990
1760894782
686831390
686826255
680600159
679490287
679490303
696264327
964702087
964705671
465821059
457358786
994288978
994095398
994087207
1002672439
717398343
717464917
1782627709
1778421228
1778485756
1778563549
1778576733
1795583341
1795562799
1763052847
1767247166
1752567102
687279918
682825535
680604175
679486023
947921605
947921623
947922647
427835383
427842919
432135523
465747410
457352530
994157906
994087286
994083319
709071319
709014981
1782820309
1782619572
1778424228
1778621876
1778564508
1778558429
1795323887
1762004847
1767246702
1752566078
1759971614
1759840559
1759515967
1756373263
1756569871
2022777695
2021667806
2021680070
1484825542
1501607830
1505992102
1526905270
1510128070
1514256838
1522580679
1522701381
1514312772
1510118516
1511181668
3658931572
3680403284
3665448708
3665544980
4217951588
4180190500
4163413284
3162154260
3166344452
3166405908
3164123621
3164136422
3155960486
3021739686
3038645926
3038644910
3051236014
3048999870
3047950558
3047955534
2512139278
2511740942
2377408522
2375868426
3449586970
2375912490
2375780394
2375714858
2379975659
3445329577
3476719260
3745228428
3745097356
3726153660
3726163428
4263028773
4263225350
4263159814
2115693638
1964901826
1947600258
1960182659
1955726241
1955595168
1954554788
1958764980
1950392772
1677962564
1678944516
1683139332
1615899412
1616153348
1662290692
1645660100
1645609861
1647718839
1646662054
1718031782
1722025126
1705247910
1688602054
1688609102
1956929806
883205902
904179487
925150527
908590359
909106197
1983867956
1998531620
1968577892
886447588
284565444
284565124
297143941
294850179
328208034
311439266
315637154
303043686
303063046
305389574
287481863
270962693
271024437
275089700
275548452
1375505188
1390184996
1385007668
3599730372
3603862148
3603866253
2681119375
2631836318
2631308974
2633337774
3161754542
3027548654
3027545470
3027545375
3077944637
3077961021
3056064285
3056490061
3056490181
2804815861
2804569573
2783790119
2779530295
3047970103
3048764935
3052938759
3038257671
3038380599
3176801254
3214615718
3214410918
3216508070
3216510118
3757603999
3745049743
3709594765
3709529485
1545235852
1549417948
1549474781
1551440749
1550335599
2104039022
2045579823
2045587999
1508242191
1542763295
1542756143
3688148527
3688147503
4198865471
4207385151
4224621951
2609820925
2575994109
2644100277
2639811764
2618819748
2619015584
2618950308
2491024036
2499425940
2499357316
2499373764
2516314821
2547751381
2543421639
2547815494
2533142598
2541547622
2503831654
2487120102
2487104738
2487113058
3027720051
2499110419
3572851203
3566498307
3583267331
3520398915
1406537715
1398222243
1398220978
1396127927
1396120759
1396637879
322830471
325452103
329515279
27549999
27553071
31746347
56940843
40814875
40816399
40814349
40682245
58508087
17597414
824230
1029030
1078899587
1415231361
1473943425
1606062720
1589221044
1587066596
1587061484
1587077679
2128142890
1599627562
1496846378
1480261674
2017070090
2014980106
2014996554
2015029723
2040179643
2124062603
2130215563
2130215563
1585156777
1585095593
2122032109
4286096237
4294680877
4261081405
4261081405
4261008703
4261008702
4252621886
4112243838
4112211166
4112145614
4282021326
4294591950
4290463710
4290368510
4256756719
4122538863
3052987247
3078140287
3073945885
3074143549
3208296253
3212574269
3179019869
3179015772
3162242908
3162201980
3170583932
3170453357
3170452325
3187168103
3220763510
3212440438
3212436838
3220825190
3187276918
3178941526
3178945862
3174825223
3174690565
3208245044
3212570420
3204175668
3204040500
2933506852
2925121812
2925065477
2927159335
3933992998
3942303782
3942303798
1853544454
1849349126
1849413638
775573526
775569463
774784055
795823222
636312918
636311891
770529619
762141555
770563059
770571251
770571251
770703315
753925570
745536966
741211590
741211622
745405926
762173926
762149358
763193847
696085495
704474103
704597655
687820439
687824791
687830933
677193621
676931253
685449973
752562805
748225077
1016603421
1020798229
1012411669
475605813
484055585
479857201
345917971
345819651
379358721
316441667
303992899
306090051
909021251
909021299
909030499
1043315811
774745187
762182753
762172629
690869492
678286772
678288804
678296484
686685108
686684884
681966293
681966455
683014454
693496118
722791462
705029174
705160246
773312566
790053222
662520310
627900830
611258783
611268511
745347773
753736381
749542077
1689074365
1823423133
1823161999
1822974670
3970490890
3970474554
3987251754
4025000490
3995643691
3996953373
3995073484
3993914828
4261806252
4261806252
4290912445
4241633485
4103216199
1955727622
1958153014
1421109814
1438411286
1455187718
1451053318
1445658822
1445593239
1463435429
1434091429
903797413
902613669
902081189
910471125
1980670981
1985388549
1987551253
1982697535
2133697575
2099899431
2104158503
4259994407
4176104999
4172877413
4170713077
4170786773
3638374357
3638374355
2557815538
2557958770
3101154930
4174696050
4186222130
4219776790
3935153430
1787804693
1784200244
1779996724
1782089764
1782241316
707450916
707415076
774507540
774507860
787024757
787045111
782981847
783014599
799800261
770440645
761916869
761916885
761921509
762011621
795434727
804118263
804126647
804122039
770567575
753658255
753654670
753650334
753523390
753531615
761883423
761883967
791243823
774454317
778644517
778779701
787155989
787172629
805002517
805305607
805305607
763223366
763218262
762173942
695065078
678287846
678026742
686382582
686382582
686382582
686391286
2028568566
2028564214
2024369910
1756102389
1772740340
1807276756
1811475396
1782098388
1782114772
1799027796
1866133620
792346749
758726783
762912894
746271103
1014699903
1023086335
1018759869
1018763965
884554397
884485773
1962436492
1954117516
1954464408
1952895736
1961219704
1962202648
1978986008
2012539435
1995762986
1985274922
1985802282
1985790010
1846263882
772456650
1045101786
1062906367
1037756895
972814799
997850191
976876559
976777263
708403247
712991023
712996143
721409303
720358663
728747271
695060485
690866199
759158887
762304615
762173799
762173815
762173815
762173815
762173815
762173815
762182007
762182007
627964407
627965431
627965333
627955101
627955100
611177916
611188668
611155900
610892476
619264701
619264693
552152727
552153015
552413111
820848567
820848310
820848275
817243779
280364674
280309442
280243794
280264227
276070179
271904083
288812483
371638083
371361283
383944211
384863779
380677411
382774307
374383651
504407091
503570451
503508995
503468049
486932513
475398435
478085910
486476318
482302526
1488968254
1539299854
1526589710
1526523914
3397145610
3404480602
3400269930
2309882346
2293117674
2361336555
2361139945
2359062204
2359093916
2363288252
2363267756
2354875308
2574879660
2572852221
2602215925
2601250103
2601053479
2601080119
3645585175
3628738311
4161414967
4161763045
4161656573
4161578909
4165250956
4182027140
4224035268
4207196356
4194613444
4194351300
4194434180
4194448517
4215419270
3145859750
3180463782
3182429862
2679127714
2681237458
2668686658
2635197763
3746753793
3750948116
3734162740
3737177108
3724658693
3725711381
4262574119
4262702119
2115152919
2132188167
2101841157
2110557460
2102242612
1867492644
1868557620
1868557621
1864360997
1864365159
1863795942
1863796182
1731659166
662112158
628561854
620041658
548765147
548747723
547707849
547715801
552987369
552922793
544532153
538240649
538232457
555009979
588629227
601265195
1670816811
1670505483
1641145355
1616045071
1683151935
1683410287
1683409767
1683376743
1683380823
1708355075
1875996163
4270943795
4271072545
4275258369
4266873856
3188978688
3188972896
3209944672
3180580592
2912011988
3984643829
3984647911
3973113702
2886747238
2752660566
3828497430
3828496470
3828562038
3832634726
3839252438
1704354503
1707373191
1732535183
1728348047
1711757823
1716935151
1859602918
1855310054
1857550422
1861674062
1849155662
2117267662
1865601230
762499574
754173415
770821604
768657892
793831524
772861028
773055540
789729309
758268255
740508126
1818448606
1826837246
1822639870
1823557246
1821468219
1754294043
1825598745
2135975945
2119395353
2119321913
2119568169
1993805563
2002064331
2001998794
1968505819
878051819
878060011
878518777
885793657
885843545
885837401
885819993
818711289
870103771
912048091
907838923
907841755
1713221881
1712759017
1712759913
1700195373
1691807517
1691798029
1687670301
1691672093
1700030239
3876873519
3860092197
3864446245
3872837477
3868641908
3867265748
3867196100
1719708484
1723907141
1711467751
1845683302
1845642338
1865827410
1697006674
1680301426
610761554
619182850
619174658
636995842
670431251
779463683
779609091
775417971
792183267
759022054
758989286
742220270
744845806
1826971114
1826970106
1827101642
1828158411
1823828943
1825925853
1825861309
1825845949
1817449119
1834025663
1842483887
3985840047
3985710518
4022349254
4013959494
4282411270
4249053750
4253215270
4254334518
4287667734
4270896951
4269843829
4265649236
3187840068
3993144660
3993144672
4009990944
3977444144
4010998532
1863547140
1846835237
1846900775
1851132982
1853770774
788483094
788397110
788392982
796912646
763292743
759153735
742360567
746444775
746452967
746454759
746446583
746572469
754928565
754801589
1820158903
1820158903
1836936119
1851621303
1860007351
1859515895
1859445783
1876222999
1844833559
1769467159
1752689941
3925335333
3925331236
3923101540
3923043956
3906334324
3906461428
3973565140
3973962439
3973901046
3982258150
3978056934
4011081974
4015407126
4007022614
4007030815
1859478541
1851025421
1846901055
1846955006
1851706110
1860095630
1861994126
1803076234
1803084490
1802036218
1776936302
1772875054
1772874030
1811638558
1811900687
1786608669
1786633261
1786629228
1786727676
727612620
723446980
723516612
723508340
727186788
727186725
737533237
695573813
678804757
678935893
678927701
674748885
678812149
678812645
685113319
685074407
702374374
693907822
696062318
1769932126
1753161038
687823838
687700959
685599323
685632075
701360971
734915913
709752141
709752157
705549439
709743919
709809453
710858109
718980933
729532231
729536471
695824375
695807479
695938038
695929718
687541047
686362423
686366253
686368317
687417053
683353757
683269789
683196045
697870989
718841997
706259101
706263231
706394335
706394143
708483119
708500527
779803951
779797567
779797527
796574727
792448023
758893591
628870455
627821943
627953141
627957237
627957205
611177877
611186103
611186103
611278263
611278775
544047031
552434359
619543223
615087767
1688825495
1688825495
1958309559
1962698679
1960601591
1951757303
1951749086
1951781854
1968567166
1976891262
1976886911
1976954655
1977024287
1742196029
1733610557
4147960861
4148028505
4148061529
1967027929
1971193561
1979647580
2013070908
2013017660
4156303148
4156301348
4122763380
4110382292
4108244101
4108240261
3571371911
1439026838
2001010366
2001039070
1984393214
2115329326
2119453742
2119455790
2127851582
2144854030
2103435278
2086658383
2085610463
2085611229
1036498941
2110111213
2135277037
2118630493
2118621197
1850185741
1858246713
1876072745
1876070187
1867745051
1829880329
1863569949
1863541551
1863541103
1866535399
1866531303
1875186087
1841770935
1841770901
2093429125
2093294468
885334988
886383576
886387705
886388281
345447961
278334987
280300043
280239627
280243739
279244299
283936715
275547547
292521369
321820041
309236616
309244552
305050296
305967784
308048488
316486184
314450473
314451242
1405053994
1408100394
1449965578
1445824522
1982694602
908894410
908898442
908886154
858685835
808376203
1886289579
1895706283
1895573163
1958486763
1956405979
1692385849
1692320300
1692390948
1683815972
1815931412
1815895636
1832650432
1865810561
2067137154
2071330950
2046103718
2039751910
2022975598
2021992462
412493838
496396366
529906126
513062303
1586803084
1585942920
1581613992
1442874284
1442886636
1442881832
1979752760
1930663208
1932708136
1899157817
1633868043
1944209675
1940048154
1944077578
1667526666
1663320074
1629798458
1613160490
1617862954
1627307818
1636797050
1653377674
583306122
574920075
843509961
839315677
1912758444
1913790636
1913856172
1913790604
826422156
818095772
1623416476
1620564620
1620425356
1620425373
1620359935
1620879982
1641848446
1646053214
1648259454
1916739694
1916739822
4080476398
4041609454
4104520046
1957037838
1957041679
1420045837
1420062220
1425337100
1566374204
1566361917
1561317149
1562005023
1595549215
1597645390
1600791374
1609171279
531300589
430711021
435953769
232529961
206318873
205793561
71711551
71699414
80092038
79973766
80527750
80707974
21406086
39231874
