1348909445
3504798148
3521572196
3521406244
3521467668
3513144084
3513144084
3513176628
3513112116
3522483765
3520386615
3520427543
3502593847
3502507811
3494118179
3494121778
3225760050
1145385010
1145385074
1145516242
1145451650
1145443458
1163267202
123161986
108121475
107007362
56745362
65125782
1138798006
1189127590
1189193126
1189323222
1189253574
1189511190
3338108978
3330072611
3464257571
3732677669
3738961253
3487172453
3482982116
3483055868
3452448460
3377999564
3373809628
3474787820
3481108461
3485329373
3483166607
3483153407
3485762031
3343221103
3340141902
3344428358
3346393463
1098344935
1094076919
1094076807
1075203527
1075791047
1953861
270516229
272424981
272409893
830248229
828213045
559845125
555654661
588627511
654618407
654688063
654806815
654609711
654609707
654622059
655207787
621735019
621735275
625925483
634309995
630115691
630021471
634158927
625762127
621633375
537870191
558776175
567229287
567098229
567099223
600383319
596189015
596184919
596184407
562579911
562616775
562616519
566810823
558751173
558882245
554663381
588135781
588201828
592385908
600774524
596590444
596590588
596393948
596392909
596122575
596196190
600521566
600522078
600391006
600391006
592000334
558445918
566966238
566982654
566886366
566796254
566796191
567057823
567123359
558742687
558873759
558873759
554613919
554609919
588168447
1661902063
1661910503
1662959214
3814633070
3814698622
3814506014
3810302494
2735716910
2735647279
2736713263
2803891757
2807877165
2809974589
2784808764
2776620860
2776491900
2776425852
2772231548
2775371260
2809122301
2809121277
2783795455
2783804671
2783935742
2716825086
2708354554
2691577851
2708356859
2708421339
2716621529
2716359643
2716400095
2751069663
2751200718
2742609230
2740512078
2740704638
2740606318
2740606191
2707362047
2707107999
2715427999
2715430333
2715754413
2717846429
3825023885
3808181133
3808173469
3807321245
3803067551
3808306319
4076740766
4076740830
4068353502
1937585486
1887270222
1895661326
1895399183
1895332639
1895324477
4042808893
4042812988
3501811496
3518722856
2442909484
2445920060
2437468156
2433519532
2974584252
2983050652
2962210716
2962208701
2697967277
2689447597
2684720815
2702546687
2704782878
2704780854
2703600166
2703534374
2703612214
2703742998
2707868951
2741395221
2741401109
2741401108
2741261940
2741257956
2749630437
2749634039
2816759286
2799981790
2799987934
2800085246
2800150782
2800146686
2791737566
2776014030
3826426958
3826426895
3826427149
3826431548
3826380332
2752572972
2775637548
2909916733
2943567389
2943439391
2951746110
2918449710
2918449774
2901672954
2758022554
2757770394
2766350490
2762094746
2762102969
2763249816
2761161096
2945576840
2924603085
2920407631
2920538686
2922505006
2939187246
2942304302
2917336110
2913076286
2914139422
2945593103
2949721613
2940218957
2940223485
2940214767
2806011119
3888248063
3884184765
3884184732
3871450252
3795887244
3791754380
3791835548
3808620988
3808585660
4043448317
4056026862
4051831782
4052102134
4086640598
4086644550
3553957190
3545576710
3579143446
3587663127
3570924853
3566730576
3587571024
3587503472
3578058224
3611676752
3607547968
3579236624
3579204912
3562493232
3570759473
3570759475
3721786930
3717592870
3755333414
3757346086
3195308414
3212151262
3142957535
3138695071
3138449311
3138443151
3104916478
3107144558
3111309614
3103256870
3098911014
3114050818
3114050818
3114050834
3143413043
2870975809
2870906176
2873001424
2873017840
2839003552
2903757216
2909950369
2909946289
2909930387
2910009235
2909873846
2909814438
2917154742
2917150622
2913021390
2812493262
2812501454
3063960927
3063998333
3068192317
3076579868
3077042716
3072782876
3076969340
3077566844
3085948156
3044000988
3077461196
3077461245
3077379557
3077322223
3186370543
3186436062
4235144534
4234623254
2623998262
2624522262
2632850694
2645221638
3148587270
3131618054
3131876134
3132924710
3132925287
2883360245
2841480660
2820115940
2819788260
2819804004
2819807780
2821913125
2842884661
2849208916
2849013460
2878367684
2861592773
2861584631
2865841382
2857569382
2853574950
2853579574
2854120246
2885610006
2914712135
2897909445
2897904260
2902164100
2893841333
2822542501
2838813863
2872367270
2855688374
2855430342
2859624918
2876406054
2884717879
2851147525
2846041861
2846041861
2845910837
2829059365
2834302309
2825919991
2823892439
4166204919
4166386087
4166451621
2027237844
2027168204
2027692360
417079560
408708360
136096008
404728072
404207881
1482078478
1490458958
1490520526
2058847690
4210196894
4200771998
4200771998
4197618614
4197634982
3123831715
3125813731
3209700771
3184728497
4275112369
4275117489
4275126161
4275257232
2129856912
2129877376
2121394560
2121510080
2132982976
2132974592
2099354625
1814084659
740336674
740402214
740471846
1814223910
1747111206
1751369766
1759574055
1759569959
1759575087
1760615487
3897677087
3914585375
3913405791
3913414526
3921804926
3905126118
3968032487
3984678631
4018216661
4022410949
3998291668
3994092212
4010873572
4015219428
3990090741
3973183189
3972050639
3963924174
3976518350
3976252110
4009937662
2936201198
2931975662
2861589758
2863681758
2880467167
2884658431
2876339581
2842942829
2851266413
2834554687
2830221079
2830150935
2851124503
2842727733
2838730037
2872235380
2872200532
3912371572
3912374640
3895541216
3895538144
1748177760
1759646512
1772294932
1806774556
984621325
982543629
981526543
465610767
490977310
491173902
358004742
290768006
288637110
322306198
322842770
322838675
326509489
292950705
300352145
296157717
296029717
27540013
27536173
27537193
15103755
82232075
350716427
350519867
2096473643
1819586091
1819585323
1836362011
4001147146
3997089034
3862857482
3862856218
2788049514
2720936554
2989372010
3014595370
2980843818
2980844846
2444049422
2443979782
2208577543
2209089879
2213288279
2213288261
2214402885
2214412053
2214542613
2212461908
2212363636
2212298084
2214369652
2214369620
2205981140
2206046708
2206185957
2206202341
2170517733
2170501351
2170501622
2170501622
2178824694
2178890742
2180856662
2180848470
2180848470
2172468054
2172615494
2170534726
2153758663
2153750469
2180882309
2247925652
2247925413
2239536805
2272041645
2267937471
2251242175
2251242175
2250717615
2255432879
2263821487
2259625117
2378114189
2364957837
2364985741
2356593293
2357064381
3426542189
3426542377
3426611512
3425394712
1294557208
1294544920
1294677256
1295675144
1276832265
1275787786
1288674058
1285327306
1150781898
3317079434
3351160202
3333194123
2393670552
2393883576
2259088296
2263245480
2264359916
2281071340
2513917948
3587467263
3612667246
4145847598
4145908782
1730118702
1730053390
1729732878
1729668367
1695069196
1678478380
1678477356
1728743484
1711966268
1711995180
1712221037
3999147758
4009689838
4008116878
3869704862
3852809134
3836084878
3836609166
3769504395
3769579145
3770429176
3774622504
3774638120
3765753896
3782527000
1668672521
1645667341
1645658127
1644609567
839303207
1917239526
1648869602
1715860706
1724360179
1742126483
1641463233
1626774977
1618451841
1614126481
1614151073
1614144929
1613063585
3760542629
3764667300
3774087908
1620316908
1620320840
1624519240
1616320072
1618947833
1694313451
1690056939
1688996074
1688997066
1689023690
1688510538
631550218
635810570
1698075146
1698084362
1695919659
1695854123
1695919659
1695979067
1695973931
1729544827
3877028571
3864499611
3998258347
3998270635
3998270651
1850888394
1850896458
1850876203
1863328043
1829774123
1813123355
1825714475
747769129
750192937
750176525
766937101
1066903565
1054120973
1041539197
1041535097
1041662171
706134235
708232175
1782469295
1786589869
1811690156
1828467388
1827938952
1962222472
1962345880
1959992252
1955806108
1016277917
1015032238
1065363886
1049634190
1049739470
1046642958
1042448654
773890854
790667558
740338982
1814280231
1814210615
1746053141
1744865653
1761648039
3925956007
3926013862
3993114534
3998355366
3991998374
3971223462
1688668054
1822830982
1822826951
1822695437
2095342653
2082760767
1814358031
1814161423
741604126
726833706
718442010
717455883
717324809
708874808
704684648
704684844
721528620
1795358508
1795411244
1778503004
704773469
704773245
709098735
1791155695
1807932863
1766064014
1749286538
1749286554
1749286827
1757665707
1757469177
1757460953
3921788249
3921915193
3955471675
3947999518
3948015886
3909218590
3913446702
3913423982
3896641766
3913423318
3914472839
3948283271
4210426775
4210426781
4271309709
3751027148
3717472716
3432262936
2358585624
2358671640
2358549256
2358553352
2360653592
2629141049
2677309995
3063186794
3067380970
2786430186
2786430190
2786495598
2920722446
2920718350
4011254111
3979764719
3962573551
3960476397
3964670633
3830448809
3838840761
3834714488
3836811544
4105378056
2495035656
2511677704
2276732168
2260006152
2192933640
2193523704
2191492009
2526843819
2526843822
3067909038
3071579566
2803152302
2805446126
2771825934
2905779470
2905779486
4013075503
4013157421
4013022249
3996177721
4012955003
4017211241
4017344105
3982741099
3990997883
4016110427
4016106847
4016303487
4016227679
4017275999
1836305495
1836117111
1836117223
1869867239
1852033398
1860422006
1860290942
1717688702
1717692799
1717824351
1700977503
1684261719
1685310295
1685192023
1685122559
1685122559
1684134397
1709689341
1744292861
1735773181
1719007965
1718741725
1735650045
1735511933
1868615039
1868627199
1835066623
3982747135
3965875191
1818378839
1818444375
1818313527
1818260791
1818258493
1826711613
1843546397
1860323593
1860585737
1852307785
3999591257
3999595497
4007971563
4008037099
4008038107
3999585995
3999589195
4016431995
4016497002
3848721770
3849833599
3832872191
3832834303
3832899839
3831974135
1684425207
1642548695
1634033151
1634036735
1633774463
1667492639
1676921629
1660274973
3797212189
3797214303
3797410301
3866556409
3874934457
3891776185
3858090681
3830512281
3830476745
3830474201
3830543449
3964752921
3975248921
3966855209
3983731051
3991333755
3974548187
3974614731
3975530075
3983856202
3983860234
3979731774
4013351726
4013343022
3999745402
4016327771
4016330970
4024457466
3991099898
3992083450
3992353758
3925310414
3958730190
3958662622
3939852798
3939893502
3948282006
4015395974
4015465655
3990168743
1838495141
1838486949
1704267156
1687435716
1682188608
1679043328
1679239985
1618360865
1622542865
1639845377
1673332289
1671173825
1921779699
1921779363
1921867426
1942777506
1942286274
1942284230
1942267222
1673899318
1665511223
1631960853
1632091924
1627848500
1627913492
1627749716
1627725300
554114548
554043893
566626807
595986934
596054006
595926998
583280598
583296966
591685590
591722486
591710183
600068071
600591863
600702455
835710327
835710325
835579157
835706133
835702101
835706197
1942879700
1934093788
1397194188
1464238044
1464848380
3620593644
3582852908
3565530908
4236621583
4237669918
4254443118
4258576110
4291078126
4216186302
4211991982
4211971246
3944644798
3911094478
3911098826
3923747146
3919360825
1771353912
1775548168
1796517640
1796456216
1796398376
3945942376
1798441320
1798506728
1802569848
1810958681
737216793
737219865
733029129
730931721
766583323
766583611
766649131
766517515
765725967
770443527
627947895
896383351
896384439
896382391
896382391
896381375
896382910
896384958
1978515390
1973795263
2007349695
4154833343
4160141807
3883317549
3864439085
2786364189
2786433309
2786507837
2922820653
2922827821
2922790965
2939621431
3979743615
3832951294
3833528810
3841736618
3841731498
3837602490
3837737658
1958677130
1956395658
1909728906
1934893963
1381323673
1389805992
1389871532
1389683180
1383392628
1383394324
1382345748
1382468885
1382468885
1407634711
1357864759
1349345078
1348820534
1349994070
1349867470
1347778526
1356087295
1356086767
1356102127
1372912125
3520462205
3520570717
3512049948
3511988493
3512042269
3520565821
4057445949
4057447995
3554122299
3546151226
3531504106
3527285230
3527281038
3527280014
1379864975
1379864991
1383412141
1387536813
330572277
297018821
284633027
7790547
7725046
276094454
276159991
276126807
284186743
284195951
275806319
275840302
1349643054
1366403630
1366661694
1374981662
1375505950
1404602142
1404670750
1404810014
3552272765
3518501356
1417162152
1413089704
1413093800
1411070360
1410935180
352856460
353117580
84382604
340951901
888308517
887138081
635485984
895528240
660842256
656581120
656585216
791843332
1832030724
1697041924
1680263460
3765225572
3785898220
3819444396
3807190156
1651380364
1651380877
1655583402
3803132590
3819713198
4087627694
4088674734
4082399366
1914140806
1376069766
1393502351
861810053
836641668
834548372
816710308
279708396
274993704
270836488
270837000
807516425
807516431
811706655
811711263
824675087
572950543
640057351
640057349
775847957
706666533
706600997
706568485
1750999916
1748372168
1815022216
1814895256
1827224232
1822960296
1822960296
1839731336
4272423561
4273533578
4273513386
4273774766
4286357734
4248077346
3979578386
3979524098
3979585538
3979454722
3945969955
3929192737
3929427249
3928883459
3929612339
3928563747
1797791782
1760039206
1755906350
1756037727
950738633
951593672
431499976
448326600
452635080
444250185
507219021
372551919
372551919
371560703
388944095
271462655
271462831
271519407
284105391
279911087
816659102
816589454
296495758
313292443
312787339
316981643
1987150251
1987228075
4134708207
4151555637
4126187047
4126187063
3853560381
3887114797
3873619493
2800136741
2792264229
2792325415
2787754030
2787707950
3207206934
3173656646
3157141510
3169724694
3166570774
2629633286
2629305095
2643993373
2375692589
2377851180
2293783924
2292776388
2309533125
2577972709
2615775207
2590609127
2586412583
3190392582
3191579462
3191513550
3191497710
4229571310
4229564046
4229569158
4234025910
4106045668
4105980132
4104964292
4104448128
1998873984
1378231168
1378222720
1378222512
845546656
853550305
853550177
853746753
849482817
850404673
850404721
852503909
859888933
809536821
809602359
809602355
810790199
810789239
550742487
550734295
601328007
583437191
1649315463
1917761223
1917761237
1914447719
4061933359
4078905646
3514705966
2515937582
2512271662
2512324878
2644258062
2375873310
2375848718
2375910238
2375582703
2371400685
3440951657
3441123608
3709497096
3692702472
1545267720
4228573704
4229667352
4229533192
4095258376
4047277832
4051471896
4058879656
4093490856
4152357561
4151997066
4151980702
3043898286
3052220590
3052149934
3052148902
4126947518
3590208654
3623775374
3617516750
1469904255
1476193789
1400761853
1396633565
1394530269
1398720381
1398785405
1398796669
1398792509
1465774399
1465693503
3613179199
3587489055
3587677463
3587677463
3579286326
3563029046
4234056214
3160322575
3160060431
3168443935
3170409263
2918754605
2818095468
2787887580
3861594508
3861463948
3861447564
3878551980
3849220268
3773199596
3836115004
3837192525
2763319884
2782194188
2807361036
2786542092
2786460172
2788561453
3069452847
3064738094
3064729646
2997621038
2997620990
2997626046
2460746926
2465008831
2465008797
2456093833
2435302537
4030108808
4027755720
4046629128
1932699913
1646307593
1915005193
1915021323
1915121738
1915617482
1899888810
1882595498
1895703018
1353589290
1353652858
3500939978
3500473034
3500452491
3491797659
3609431947
4130505161
4133650697
4137857032
3198394412
3194003500
3189825580
3189785388
2887909932
3894805032
3899013673
3904309787
3904125530
1754540506
2022713594
1506809034
1506934986
1489109198
214040719
213934253
213951909
213953445
213957031
226539959
109222278
109223046
105022670
34767950
303270959
305441839
355773487
343315470
343326726
336908310
337403942
353116198
390399462
394661539
394398369
360860289
360888961
1438820992
2109778592
2109778848
1870703588
4001413668
4006854196
4000562740
3995186708
3995316743
3995259430
3978433326
2888177454
2888699374
2834172318
2830047422
3970177214
3971233982
4256442510
2140416142
1455762575
1472603532
127021708
127013540
89130660
1160775588
1160785365
1159735574
1159817270
1159821590
1172789510
1168591110
3316046598
3350200070
3484284726
3450642726
3434721575
3432613152
3436807536
3430518208
3429469632
3442183632
3475684576
3727337696
3727337664
3727333504
1579849920
2116716608
2116978739
2116918307
1865211938
1865277474
1869504546
1844248610
1822949602
1827156130
1818897542
1814702470
1684671158
1688799909
1688735468
1689788140
1958225612
1962419852
1411133068
1411197597
337385903
357828782
366414990
395445390
127014030
1186079950
1186014574
1188046126
1198794030
1333027114
3488932155
3451166985
3451236616
3451236648
3432354088
3298133288
3298266620
3298200060
3228994029
2151123437
2151123429
2234948997
2268506053
2536940485
2523824709
2532278821
2532160295
2532090663
3085756199
3085761895
3045014015
4114430463
4114360815
4147391981
3610718445
3598057535
3623288847
1439768591
1422991375
1356013847
1355962206
1351864030
277973758
294685422
919636959
907249679
909285391
573675535
573613103
573612075
573825226
572657802
555876522
539099566
539166638
547364526
815806118
815866531
882909699
346038786
346039810
77621762
73464099
208010034
225377026
1315863042
1315571202
1248526914
1248658386
1249646050
1247555046
1254894694
1250699630
1267476830
1267605322
1267336523
1234896235
1293435369
1295573224
1278779596
205038028
203010428
202998060
201953592
202355992
1276029193
1276029770
84331210
122079882
55462538
46664346
43520698
45614010
45810104
44970152
49029288
36446380
35923108
36141188
52521412
320887284
325180277
291699575
291732342
325090167
325081975
333568343
333707607
325319031
291535205
291527029
291625301
274987345
274921811
291764563
291600755
291592531
300128595
870496578
602061123
568572211
593541409
576757025
576822321
585348148
572633140
572568628
572644404
589502493
555890925
539113901
551946927
547687087
547438239
547366543
547365583
866148943
379642373
316711429
308323585
304131075
321043458
287488002
270719250
291653906
329386306
312871298
312936578
49554562
305406130
303112626
273888178
282264227
280037031
815824613
815820324
278980388
274785316
270660629
270726149
270718231
274911015
283216423
833653287
865110871
601078725
591571397
558017988
553821444
1611826452
1631028260
1629783076
1663345700
1647635556
1647660453
1645087654
1649286822
1675501222
1639921574
3768856998
3835961758
4105445582
4105970954
4105972234
4104694282
4104698379
4155030024
4272466440
3735599880
3735592200
3664347224
2586570987
2671456495
2618951151
2619215853
2555252324
2559972900
2559837748
2559844876
3381928460
3380880907
3416013514
3382516714
3386382506
1299712170
1294534794
1295721611
222257288
88072328
85434504
68657576
335651308
335658348
348363045
348293909
339905287
340974342
336739078
372379398
372376390
376587142
517128598
511738278
511746467
1585488292
2122359204
2139140788
4248941164
4229014076
4095975961
4100111899
4108565034
4108552746
4041669162
4050013482
4080403535
4080402637
4080407692
1932922028
1916147884
1918249148
869415052
865208709
865224581
334676935
333684998
325165078
320905254
320921638
320888870
287383590
275915054
351405610
345180714
345377290
345385482
211233290
213330762
229997898
245678346
246186761
514687768
1589551912
2122096936
2115808552
1713154344
1729997640
1695461000
1695453836
1695449743
1695302318
1694761646
1679033262
3826652582
4109778022
4104534054
4104988678
4239140870
3719064838
3719228678
3723408646
3722282358
3705525747
3705656561
3705656496
3697267888
3697268144
3714012592
3711915504
3716118512
3716114417
3724502898
3724406066
3724410162
3757954354
3749041970
3732395794
3732329282
3740700995
3757539665
3748959473
3713307873
3709189621
3709321173
3709771349
3747520117
2657074804
3195928372
3195860276
3061608468
2524794964
2541686900
2508132836
2499678693
2495026021
2499085143
2499032326
2488542486
2505403702
2530704694
2530729750
2530598662
2530539295
2547316573
2547308380
3586512220
3587032572
3612859644
3608673524
3592387813
3594483175
3594473958
3596505494
3613274502
3562942854
3565098370
1425999250
1425874338
1425816999
1425812965
1425810725
1415865620
1433264388
1466818820
1466741524
1449694004
1450739556
1450743532
3604586204
3738812124
3755716572
3722095900
3724196924
3564014637
3580740655
3580843126
3513143750
3547201926
3547202494
3548197806
4150010798
4150027694
4150123966
4150263774
4160727822
4160532239
4158955279
4150564111
4150567198
4117147711
4251906087
4260286502
4260774182
3168101683
3159698739
2622828321
2622830433
2622952049
2622821105
2639741648
2673296068
2656522948
2656401348
2664721748
3738462244
3738527788
3738531901
3721690463
3570761038
3570752990
3570877878
3293005222
3292873126
2219135154
2220355986
2237067650
2522281410
2532746690
2533342546
2528087825
2548407856
2514789936
2489640480
2485450272
2485473888
2485277408
2637312481
2675127523
2681275618
2664516850
2664823922
4275415058
4275546114
4294354946
4021730307
4021783569
4025783344
4013207920
4011176432
4011185136
3977380576
3979478688
3962635936
3965718497
3969911265
3969980689
3986880769
4021463297
4004751617
2929043712
2924915968
3189146881
3189162257
2786525427
2772177059
2755404194
2893874598
3165522854
3165063862
3164932774
3164609190
2644523863
2615159557
2346724101
2342776580
2376199684
3449904741
3428846247
3424914086
3425962406
1159538870
1427974294
387917958
387393671
387918981
390032580
388889612
321711420
321174828
325421372
862423324
870746996
602377076
597986164
601202485
1643622198
1953932822
1949214226
1949216258
1949223442
4096657954
4096657954
4126805026
4137305314
4137599140
4271825028
4288536708
3692864916
3691809760
3691817248
3691948064
4094077217
4099342129
4107718145
4103521793
4105618945
4110337553
4101818209
3559679393
3576579203
3610133634
3593356722
3597604258
3605339570
3601145218
3601153218
3602148578
3602148578
3618925811
2509727168
3587601856
3621209008
3344266160
3346338288
3345814896
3345947936
3345956128
3345295651
3345295666
3311745330
3290914066
3290879234
3296129346
1282855234
1291293122
1291293138
3455554418
3488985377
3472220464
3463762192
3463763248
3732209440
3732254244
3740772900
4275550781
3201677839
3201600270
2664729710
2667369710
2658955434
2653880458
3727294606
3744076222
3714724526
4239012518
4239160999
4239195808
3702304704
3699158336
3695033600
3695095041
3711889154
3711886850
3711850258
2650670882
2679899426
2663130402
2663146514
2662096914
2662101043
2683064353
2683617312
2639577380
2572501348
2572579708
3675664332
3675663308
3407153612
3407284700
3410106840
3418500555
3418366410
3384808394
3384824826
1220567918
1216766831
1216766757
1220895509
1212437268
1208239924
1208440356
1208385044
1225158157
1258716687
1242324495
1246517022
1514980670
1514984558
1523578094
1519247614
1519182334
445440479
466416121
1540216296
1515126252
1515122157
1246658047
1246715358
1259132886
1225319414
1212719842
1489744866
1485550562
1485551073
2022421664
2039200928
2052754560
2050657408
2050656384
2049887616
1780878992
1781665440
1781739171
1798319778
1760568998
1756374510
1756369006
680525838
680538126
951067662
951150667
412350797
408157132
408148940
152295112
436376393
440578827
995275018
1003663642
1003600938
1802545194
1802545194
1783674891
1779603465
1779603464
3927081224
3927343624
3944120872
3910558248
3893830188
3893830188
3897898596
3908306662
3908831142
3903325350
3903324342
1755844798
1773744286
2042503310
2023629966
1486104782
142895310
142662126
146860510
134334926
134437326
167908686
172102414
180491023
176292149
176161061
180364581
171994405
184576293
184572253
155443015
163839959
147056119
147058151
146931047
138541431
138464599
138530775
155441111
163771719
163771719
163773815
155318631
155244903
151017815
151083351
188954950
180516679
180515655
197292885
163706213
163642720
138467680
138467632
138467632
188856596
167951620
167948548
436384004
419606832
402698528
939569505
943763943
1010866326
1006672006
872520078
922917774
839056014
839004807
302121604
305398716
334234092
279707688
279722024
1353476396
1085073669
28220166
28219910
61510150
1114145366
1126728370
1395294850
3509232515
3563759008
3563695968
3564677664
4252544544
4265112064
4264440512
2116952704
2049847970
2053898658
2058093734
2074870958
2025594094
1488796682
415116298
146548746
146549786
146570554
146240799
144077069
143020301
1237795101
1229279549
1263530303
1271918910
1267725694
3398303102
3398302078
3398302190
3398295018
3419194858
3410805210
3377320415
1221579212
1221587404
1212539388
1208268140
1208255852
1208454484
1208397124
1208397636
1225170884
1258786508
3662124748
3657932492
3657862876
3121055485
3126167277
3134493293
3201598057
3203695211
3203711594
3061117482
2787923498
2787920746
2804701290
2808961130
2813155419
2813189321
3081588937
3081581257
3211604683
2636986106
2637119210
2502899882
3052223658
3048160442
3048173754
3048206489
3047665800
3085021576
3072438984
3072438792
2805047816
2802951736
2803084840
2769529384
2769455657
2773666602
2784479514
2783725402
2917954394
2838245978
2838311674
2838311930
2838304250
2842499322
2850896122
2846701754
2846439610
3920312458
3920311434
4222554251
4223488136
4208976040
4200587432
4194820264
3657916904
3657901432
1514482459
1523395338
1506752794
1481259050
1482300458
1482294330
1482358794
1490559178
165175498
177795211
181982635
168425898
1258908074
1258961354
1229601098
1221212426
1217019146
1217016074
1218052362
1217921322
1217933611
1217946412
1218207532
1241336812
1228229540
1227966900
1226000820
1224952215
1224994246
1224860998
1237442838
1233236278
1216459134
1216590335
1216852380
1217377692
1221565340
1213828028
1211730876
1211861916
1228585860
1329245572
1312727428
1580171671
1584374263
1584243047
1584178471
2121051171
2129503265
2117055537
1848545297
1831768081
1815056433
1815008032
1814975008
1819148832
1827013312
1835467648
4012127620
3995351212
4007930284
4004801192
2931288776
2930227720
2930019848
2934736392
2922164776
2938937896
2905129512
2888417833
2892583529
2892567467
2758415291
2758422927
3035243679
3030985895
3047687333
3047751861
3081375893
2532974661
2541363205
3588890630
3572047934
3236439086
1357387822
1350060078
1075365982
1075554446
1075488910
1092257934
1109296518
1115062663
1114014101
1114026420
1122410912
3538346465
3538412385
3555026723
3554963235
1407466786
1408048178
1408111634
1383010354
1378680882
1396637698
322319363
288844097
293043025
282557137
282426065
299204305
290735059
290799939
22495491
85418291
89465121
89465121
89601841
89290241
80893441
80954881
80987649
79810163
79757047
213970662
255918070
1178654718
1321321982
1322406398
1322414554
1184093146
1183897595
1183901609
1150805432
1154934152
1146541448
69043352
337413352
337432808
337436777
287171705
287237199
287235167
293522814
293588470
293457367
293422551
291459537
357978449
360067345
360063249
360128801
359999267
357774899
366155282
500373010
261162578
260064978
260077302
1333849830
1317072614
1317071598
1317075710
3464548094
3464552430
3464882158
3465979390
2392233437
2408941532
2379585404
2354556732
2354556700
2371338044
2396503597
2664805935
2656346670
2651120174
2651083374
2517058542
2483438782
2488683653
2425751684
2428389508
2428455044
2428295348
2432494756
2155668900
2202005968
2201899344
2183557908
2200331061
2204444471
2271231286
2246121750
2247252246
2247350646
2515656694
2515664838
2649925446
2683483398
2666631223
2658177063
2653990951
2653986855
2652086327
2652037127
2652010247
2672952855
2681603639
2681538085
2410939941
2410944037
2410941789
2343837021
2348039517
2348105053
2339861845
2306265927
2306331207
2289431127
2287334133
2287331061
2287333108
2287840244
2287778276
2564593892
2581445076
2576858453
2580918902
2572194534
2601566886
2601517734
2566927286
3103862182
3103860898
3108182178
4186114278
4186249222
3649317894
3682934982
3382108293
3386802308
3380383892
1226613156
1208790452
1208859028
1276098964
1561246085
1562294471
1563868230
3614360854
3614430262
1475302423
1466899479
1466375189
1466374341
1432821140
1374623669
334181029
334107301
334041773
333976237
325595881
321400601
321415432
287877400
287938840
287672585
270634249
274825483
274956623
273908223
1371767206
1367451046
1468247522
1455856978
3594947842
3608596226
3610668835
2636998945
2641230112
2649225488
2645015296
3216488960
3199712768
3199634944
3199632897
2935325987
2923203618
2923213858
2922152998
3979250742
3962487878
3962487874
3828239299
3832486609
3857537760
3891010144
3853269600
2913745760
2892970816
3157147584
3027117760
3035431584
3031241379
3031175842
2494312866
2494362786
2511125670
2544679058
2536282242
2519578946
2653862402
2653858304
4263946752
4263947792
4264022544
4264477440
3928932625
3928604705
3941188643
3920256070
3907680390
3900533126
3896257190
3964939942
3965136566
3973121726
4237297070
4102030502
4118817959
4118817925
4119997573
1441934469
1415972805
1348797237
1357132581
1357144869
1961206045
1961205021
4100233500
4096043324
4112820764
3849619996
3883173388
3877548620
3877552781
3877520063
4112384430
4112461990
4261156006
4240182438
4240379078
4239662151
4238814469
3706072885
3706072837
3706732289
1550853379
1280390419
1280513522
1170415522
1203904178
1187389330
1187389315
113575811
105918867
101720499
370303921
372429441
320914163
320913955
291562023
274774575
1348705065
1357027624
1424161064
3588421896
3622238988
3332822540
3332817420
3334324828
3334259631
3334001070
3753435310
2414403822
2401812718
2234043614
3307923918
3291147214
3309005518
3308944270
3306838414
3319418246
3315221639
3315515525
3317624964
3316502932
3311728032
3307530208
3307730544
3307726624
3311789857
3294948659
1206250771
1189510403
1122391313
1122976049
1114571043
1110266163
1110380566
36638742
3081238
69883910
338425870
284805918
278432489
278452968
312265368
316442248
310296968
305058232
304886188
304874412
322253487
271983274
283517610
279323370
279397146
279219482
816089386
816097578
1889839163
1625733385
1629927689
3844521736
3844572680
3845554712
3879113256
3862356524
3862323949
2788569791
2788623014
2927362734
2917925294
2900636846
2896443566
2896443518
3047454750
3064948750
4138625103
3605947469
3597545804
3605660620
3605660076
3605606572
2498240749
2489845039
2221542670
3303681802
3299356426
3299356442
3233299786
1140595082
1113328026
1108953531
1112263096
1112190344
1121689736
1377345672
1379434952
1395228936
1361748248
1882107180
4029659436
3765405996
3773270565
3773205045
2757922343
2757936687
2753684207
2753656543
2888836719
2909811247
2907701807
2916164110
2914263835
2779001114
2762231866
2695711802
2695710778
2691487803
3762079771
3762276427
3778992331
1665062089
1648279757
1660846301
1656651983
580833486
591716542
587490478
587484334
1661362094
1665543854
1741041310
1737586318
1737586382
1704064590
3853891423
4122256655
4107578381
4116495388
4150103100
4145988908
4129216364
4129251949
3059573485
3084333823
3084255998
3046511358
4107612926
4107547647
3033821563
3025522969
2757744649
2774313017
2782701864
2816318264
2807994905
2803799561
2803733003
2803679755
3978035770
3977585450
3961332010
3965522986
3969846314
3837659178
4122871850
4122875082
2008948938
1476157578
1474871690
1206420408
1202489320
1169071096
1161735160
1161800680
1161669624
1161726921
1197377486
1457488350
3737092310
3737030726
3752784322
3723420611
3580879585
1413276321
1412982433
1413361024
1413356736
1429145792
393026656
372063264
376902960
393491216
399778325
344990261
343963173
343985959
343969079
79731715
79866882
205693954
1547870210
1598202178
1581420998
1590855622
3740438471
3736243703
3736180199
2664490215
2681269487
2512449007
3032677883
3042105771
3042041771
3075864251
3084350093
2539000461
3579249295
3558085303
3560190695
3559141666
3563332642
3571786802
3567528966
3433376774
1340484614
1324235782
1320078598
1319800070
1319864085
1319673644
1593355628
1580770664
2117633320
2117842184
2117771544
1849336184
1715119080
1729803176
1729927084
1729416877
1728466861
1732652973
3880134063
3856016558
3858112654
4126287054
4122088958
4121955822
4119862750
3583011150
2508222222
2491546894
2491873054
2492921382
2495010342
2515912294
2549401207
2532636501
2532367700
2465221700
2456815636
2469468212
2419202084
3492952356
3493002804
4048727620
4056983237
4068517847
4072716198
4064315302
4060383142
4060465118
4060492110
4060488142
4078313662
1886790830
1890987182
1889936831
1353581964
1353450380
1357665164
1076659016
1076789512
1076796680
1076210488
1076210235
1088862734
1151793678
3320244750
3354154526
3468542846
3468608510
2393555966
2393539519
2393412580
2414388204
2368250732
2351604300
2352932428
2357129032
3430767912
3699137832
3699137576
3699145768
3715898393
1568609290
1568019466
1534465082
1513566314
171122942
185733326
185729486
155329247
147202670
143091246
142962222
1221371438
1222424078
1214031630
3680077579
3684339467
3684338461
3130952253
3130953325
3132917485
3128722141
3124544157
3123659433
3123511979
4197200303
3929810095
3942399215
3938347231
1788798991
2057234445
986572813
973907983
974103567
1040634893
1041645596
1444282428
1429602556
1345257884
1349464740
1357853348
1353527964
1353003660
1352995470
1352946410
1352988202
1348775466
3493112106
4046891274
1932962058
1930864906
1913948426
1646038795
1646232906
4064182730
4131307738
4130230446
4130222254
4147060974
4118689022
4110302534
4038999574
4038932006
2964858414
2425889342
2425889294
2421690895
2164786799
2164788991
2168994783
2173184463
2173253855
2173384799
2206940254
2211386414
2212364590
2212365166
2212393599
2244276811
2244268745
2353828553
2353831641
3427048184
3360537336
3356474072
3356491608
3356419848
1208902408
1208902408
1208820536
1208230188
1208298813
1279670541
1279662413
1153898831
1187321943
1115830471
1116083271
3263561799
3263578183
3263480167
3268186471
3268186599
2190246375
2190247397
2475529701
2475660260
2475660004
2437919396
2953818796
2416948925
2416884365
2416900751
2970499758
2450274734
3525060838
4067768518
3602267206
3602276359
3602833409
3602817056
3598558240
2520691712
2537463040
2502864384
2620294720
2620229360
2557334240
3094180451
3102483042
3102483042
3169592162
2632716582
2632713270
2493843478
2493978630
2431006789
2432116812
2161387852
2211719628
3267635148
3267822029
3267822047
3267706990
3259252838
3255623782
3255607398
3238830278
3238827142
3243019654
3251211654
3284897206
3284852134
3335159206
3343529366
3339335047
1158229383
1141385623
1146629013
1090137012
1086205860
1102989236
1131774853
3256123781
3322978631
3324223751
1193387302
1172350254
1436845358
1437043994
1436998923
1437523257
3572322089
3710666472
3695035048
2082468552
2081203144
1946984776
1946985832
1947183144
1951303721
1888389177
1888471497
4073675145
4065273225
4065203085
2464023197
2459828911
2459898543
2458657519
2475434527
2475434511
2177372971
2161717545
2159620137
2160016415
3233691671
3237967975
3227306210
3222046930
1074628674
1091470338
1176412162
104767491
237937665
237933585
439258161
439010353
439009313
439054625
460927349
418976116
418976124
418915308
150480492
150482540
146352748
213461612
79243996
79248077
12061326
11013006
65817022
36490686
36689342
36622750
36630926
36696478
34988478
38068654
29680622
13419310
10347310
16704286
75425039
75427085
1149070605
1291610380
1285455116
1304321292
1304317196
1303250188
1303119228
1286362556
1286469565
1303361453
1341046703
1323810734
1315280830
1579258270
1579389086
1579397342
1580314686
1580245038
1443930158
1460677678
1410476070
1347566118
280107622
280104614
1354171062
1370751621
1102324356
1096180612
18252164
302048
309600
269789536
320121056
1377086679
1377215686
1377206470
3528884230
3598106930
3328647970
2221155106
2229543462
2225340966
2226061862
2628523553
2628550177
2629357264
2360905344
2365099648
2369369776
3460216448
3728115328
3727067008
4264991872
4264925349
4266961127
4141131831
3871468807
1733748487
1700139527
1702232631
1685455719
1626813669
1895042213
1953762469
1951728787
1950823553
876872065
817906305
276873969
277914195
1150330370
1148299010
1144172290
1415752450
1419943682
3567421218
3617620770
4137722151
1990438941
1987215368
4130570248
4264936456
3996633112
3979786536
3963005737
3836127787
3853306506
1739113098
3865625226
3861402250
3878294202
3848942250
3840418734
3840681382
4243335522
4243859762
4109646082
1957700610
1420828672
1419927584
1419923488
1432764480
1462649984
1462651008
1462688128
1463736976
1459613344
1455285920
1455186576
1454129876
1458307644
1399596588
1407987244
1374431532
1436822571
1470583850
1437777930
1441972238
1416855566
1412472894
1412473902
1429267502
1433500894
1450574990
1392379278
1392117133
1459238812
3623708348
3590088364
3564955389
3296581133
3291332111
3312250431
3354191407
3354162727
3484369701
3484074020
2410332192
2376843297
2310586593
2306465937
3376341121
3376338051
3409888387
3407281283
3658803639
3661949349
3670338535
3667193711
3667244830
3736441614
3732198158
3744780606
3711300910
3694558526
3696638750
3705019351
3700842487
3700916215
2626934743
2631123909
2647769557
2647699957
2681251173
2656085093
2651968629
2654131399
2654098887
2654082551
3597801447
3622963175
3589343231
3589554143
3572771277
3572787661
3572722141
3564297148
3698577300
3715220436
3715421012
3446985013
3442794807
3711229986
3715081250
4251887650
4192909602
4188772658
3115039282
3148593714
2876872210
2872676866
2854060546
2870784706
2870801122
2837242790
2912207271
2912174252
2914255096
2918450380
2888641612
3962447876
3962447908
3832420388
3836546165
4104916175
4121836687
3589155982
3615365006
3622700694
3618506486
3585345271
3316920999
3300140711
3233034149
3233164709
3249945781
1140264085
1114899637
1109655701
1109532807
35840199
35684646
304120110
320905534
811704090
870424122
853641786
313887323
318212809
1391897288
1383508300
1983293484
1983294508
4129729556
4133913604
1994817796
1722196759
4024869398
3961959970
3961976354
3962029794
3827451538
3828553106
1682969762
1677729954
1681924242
1690378487
1704080485
3834776868
3767666948
4036250372
4036291269
1892985541
1891929807
1900398222
1981678222
1444811406
3592300478
3596500142
3604753646
3600558318
3600558282
1454909642
1186532490
1203378073
1203381176
1203708856
1203728872
1164308840
1159758124
1142980908
1142990108
1411427596
1411427085
1415690765
1421056526
3566378510
3583166030
3587589758
3713926894
3441311726
3443468782
3447662830
3451857070
3451731102
3418096846
3405513934
3392979454
3393159518
3397099790
3405554455
3400311333
3417092644
3383538212
3656225324
2552594988
2553381420
2553382188
2551425068
2618464301
2617428238
3712100942
3611372174
3594730142
3603045806
3599123630
3600203951
3065430204
3065422012
2520031420
3726943060
3726947844
3592744452
1982082583
1965498150
1953379622
4105057318
4105051174
4239264998
4239149206
2088560774
2082253191
1562159493
1600039301
2010561943
2002161127
1997966438
1714850086
1714854182
1714853910
1860610070
1856416821
1856938004
1852682244
1831653380
1814851628
1814691884
1814692844
1814956717
1693256426
1688472234
1621363371
1621899961
1655450248
1655189128
1647849864
1647902856
842530985
572010666
644489386
665461994
632106270
564930830
833411854
833404686
816430877
1957270812
1957400348
1416339004
3559501357
3710496317
3743137311
3743135246
2539320854
2530922022
2526694758
2528791782
2545503399
2545501365
2549768325
2281365637
2272977029
2273165556
2540545381
2536353581
2502801981
2502802205
2502929165
2507123469
2650717453
2684325145
2675754297
2671526189
2654732589
2654802285
2656973295
2682139111
2594059751
2593986039
2613845494
2337029442
2370727170
2354996482
2363372802
3432976642
3298628594
3298562978
3302757026
3302752931
3294561937
3296135041
3296135041
3289384321
3289386435
3289390354
3304089906
1286629682
1285613874
1302587666
3399914754
3404366083
3395977475
3391783185
3391848881
3408634273
3375081888
1550428592
1558948240
2104212368
2116788096
4130308496
4129800608
4129489056
4129300704
4045415459
4032834598
3504351542
3500354102
3500284470
3500281366
3248692742
3265271494
3265267590
3261072775
3256877447
3257991569
3239133649
2150659345
2154884401
2158029089
2158029601
2158226225
2208488193
2191707907
2191968002
2191968018
2196621090
2196555042
2188166434
2188170593
3258831184
3258970436
3273453892
3238851028
3222073852
1074656732
1074789831
1074757062
1074756038
1087207830
1083046326
1083177362
1083095427
1083096448
1116124544
1112715648
3256005008
3255021968
3321999793
3590369635
4111508770
4109413670
4109412390
4242712613
3168974900
3139602452
3123104772
3123119108
3123053620
3124102500
3128300516
3132560101
3132424941
3132101293
3132109501
2597351071
2583751303
2600528582
2571168706
2562846546
2558721314
2563134754
2563129714
2630238450
2631287986
2622901395
2639677571
2669037697
2667915665
3741592481
3729010593
3737593537
3733332545
3466007043
3488879139
3429902114
3429904162
3429906786
3427867122
3435141570
3435141570
3435206082
3447861570
3481428738
3482477314
3450958642
3434108707
3434104097
2363510112
2355219824
2355350848
2367872321
2250431809
2251480387
3329424707
3337743827
3333483957
3266374053
3266375076
3262150052
3258007989
3274785157
3222487431
3291693334
3291538726
3303074594
1151396642
1285679890
3450256130
3467548418
3471474946
3395977474
3391783411
3408626083
3374951841
3429476784
1558817168
1567336832
1579857280
1445691792
1445446064
3592896932
3609207268
3491767599
1344284974
1356867902
1352677654
1352874774
1084365318
1084360198
1101202119
3265266327
3261072309
3257074069
3255976321
3254863248
3238067488
3234916640
2159078176
2158029600
2174937856
2191720193
2191705859
2191705394
2191901986
2196557090
2196557090
2188168482
2188170610
3258839363
3242062145
3222073792
3222065616
1074583024
1074650576
1074788803
1074723202
1074723202
1078884738
1083080578
1099923346
3280306082
3330766257
3330438576
3335615920
2383472048
2383652240
2382538128
2411831776
3363873056
3364921633
3364922659
3367220259
3361905715
3374484531
3408054291
3660728339
1513240849
1511402261
1510354773
1514618453
1518614485
1518609365
1267016597
1233400247
1216624035
3363896738
3363879826
3363937170
3364064226
3431041314
3435371810
3443690754
2404556099
2385690049
2385680769
2385693056
2383612336
2382367137
2655006625
3732942819
3732940642
3448780578
3434100514
3438286610
3428851458
3425704706
3427801554
3426843074
3435232706
3435298242
3452106690
3485628354
3486708546
3488872259
3488734561
3454061857
2380385568
2371984688
2405539089
2405537025
2267272449
3342071043
3341903155
3342019874
3310517747
3352493457
3348292992
3281237376
3268448688
3255861665
3321921697
3321987299
3323049010
1192356914
1164978226
1285630002
1285957938
3433987603
3433743889
3387605505
3379069633
3374875265
1227472529
1294576560
1600891824
1600891280
1584051584
1579848080
1580192160
3592769952
3575918945
3558875426
3491769638
3495962918
3500357926
3500284694
3231849222
3282180614
3265400519
3265464199
3269460919
3257926055
2182087093
2165326325
2148627763
2152787249
2159078177
2158029600
2158226193
2208488193
2191705347
2191966466
2196161314
2196621090
2196555554
2188168546
2188172643
3257718113
3258840432
3273454016
3238851008
3222065604
3222106580
3222106612
3222238677
3222240718
1087338894
1083079566
1083079566
1082882958
3297345422
3315168703
3338596781
3325473213
3325211021
3325206989
3442713869
3693129023
3697322799
4238388015
4238453053
4255300876
3127017484
3122823180
3123101740
4196794412
4198371436
3929943276
2868784108
4206828265
3149728491
3216772859
2644252379
2362188491
3297518287
3297518287
3297519495
3230432678
1083169190
1104136610
1125042610
1108265346
1108266371
1108233603
34561415
34372743
302787765
319565229
323235245
299117997
299112447
282396511
282398527
276660031
276590399
275606335
275610399
276265743
284580111
299322127
299322141
331828029
323346236
306287932
306557245
319140213
319066597
822379941
826576293
826576817
826646193
860200625
860274309
319225477
319172229
319170949
1397123237
1908861089
1908799648
4039425264
4039425348
3770727940
3770916356
3762462224
3779313200
2702290464
2702224928
2702220832
2702495329
2702495457
2690403811
2700889250
2717650162
2717848690
2986226962
3011388690
3011391234
2457807106
2466068498
2193365042
2193426466
2193557538
2193491970
2193505282
2208179202
2174627843
2161972227
2160874787
2160876899
2160875874
2152487266
2152487266
2169502066
2211380547
2211444035
2212295123
2161938929
2164044256
2154607072
2154608096
2154626528
2154822097
2150529473
2150529475
2167290690
2185116418
2197700355
2193514755
2193387827
2193387809
2193412449
2197606757
2263667181
2280445423
2372795883
2372925930
2372925946
2372925946
2305818058
2305750475
2305226187
2305209801
2305277385
2338700777
2339682792
2322643436
2320608764
2329126340
2319951300
2319950324
2316665188
2652341088
2652280384
2671162944
2620831296
2620835392
2620245601
3161218787
3169611490
3182177762
3215464678
3215480950
3181926486
3165214790
3102373958
2565499078
2573937047
2573745071
2607299503
2607291311
2574059967
2556762551
3630381239
3630381239
3631429783
1477519495
1477454215
420489607
156248515
164641219
164723011
164854097
156399889
152205569
154401040
154204464
185661744
185719056
189913360
189913393
189921649
189905265
156416465
423803329
423795137
423877585
423746545
423680993
423689185
423721825
423852913
424835861
424901460
424770420
424737252
533789156
533780960
532797873
532797873
532928947
130275762
130283922
122878354
122878354
89307602
357743058
359905618
896645426
628145458
628144434
628201746
758355986
758364179
758233143
791787543
724760885
689060133
689060709
689052517
683739877
679545575
679680759
696270790
696266694
696266182
729824711
734018759
1002454471
960576983
960576981
968965589
969112407
1002666839
1002666839
1003584479
1003583967
994179551
994172383
994172383
960755167
961672665
1028783609
1028783593
1028782569
1028782585
1062336985
1062336985
1062435289
1062435163
1028881787
1028865322
1028865850
1028865850
1028751130
1028685118
1028685182
1062305150
995196415
994179583
994171359
994171351
994310615
970193239
970193239
970193271
970193270
970193270
970193239
970193239
970193399
970062327
961673717
961673717
961673719
995359191
995359063
995359095
995359223
995228151
995228119
995228117
995228149
961796599
970193399
500432886
500301302
502398422
502382038
502513110
502528470
502528503
485751285
485752821
502497237
208893911
141783894
141767478
208746294
217134398
217218334
211975438
228971790
1302638878
1302634783
1302836556
1291304268
1280674140
1276414244
1276418341
1295497269
1328983045
1177989123
1176928259
3329147137
3329147233
3337511904
3354223584
3354159072
3346819056
3347052496
3313419520
3565080320
3564080944
3572088352
3588795936
3622415872
2523909697
2524958675
2524826787
2522381474
2522358946
2530751650
2530809058
2667197686
2667210070
2666166082
3756783171
3723097665
3698193941
3698185813
3695040085
3695009399
3694493303
3696717782
3696504306
3637783778
3637783778
3650436210
3654686786
3419805698
1247230978
1247624530
1247622611
1341797265
1341788816
1610334896
1576567456
2105324196
1832690660
1864150332
1846847517
2115348510
2115090462
2117179422
2117261342
2117470526
2134773542
4294592034
4290397985
4290500384
3199784192
3197676544
3188239424
3188374768
3070930304
3037394560
2967094912
2969174704
2969043617
2967995043
2691183270
2691441070
3765183658
3773568218
4042204234
1894657098
1886268429
1881614348
1344538652
3493267756
3497396780
3504740908
3550946828
3533971980
3534189069
3534144078
3534733998
3534537390
3538698926
3543925418
3242005130
1077293706
1077289354
1076245578
1076303915
73738283
73672714
73672714
82278410
128370954
115785994
115523982
108446094
106353038
105816485
114074020
399286756
365732644
340567852
1948100156
1429978636
1429978636
1364821509
1910017591
1909296742
3787886566
3779497446
3846614054
3846610991
3880165391
1728471053
1712726025
1729499147
1662453850
557058282
560798122
548342698
548211594
548148874
598479498
866915210
865874378
290808170
289726762
281863466
277663514
9030154
10202648
10135064
10195468
3912204
3859212
1831692
1623400
10079657
60704921
43939977
50227341
37489805
37508284
35451304
302297768
306549416
1405588136
1405461176
1406445309
1473556070
1473623846
1469546806
1442299958
1433862182
1416499246
1424629806
3437897006
3433696047
3433564781
3370654345
3375901323
1245395595
1311379082
1315586698
1319715738
1185465259
1185718696
1203544492
1169990060
1148494052
1144357108
1159102528
1159106560
1142334464
1142336785
1142135091
1146472754
1414908722
1423331122
1423332130
1423369058
3621250034
3740726210
3740702082
3740765571
1324714435
1324730865
1339337057
3562318112
3564939552
3565136656
4101943040
4101936640
3028189808
3077407456
3056439984
3056587456
3056550593
3056403139
4133816034
3064212962
3064212578
3064203366
3064232022
3203687430
4269268998
4263436294
4263419919
4280193311
4232052575
3023989327
4101929679
4110306015
4110228135
4104918695
4037808855
4041999261
3505127853
1433149605
1449927841
1449534641
1467355265
1433796801
89129027
72413475
72385314
83015426
1285991170
1336322562
1587915266
1593092626
1583135606
1583128502
1591718326
3604656293
3602563244
3606593708
3581682084
3560779172
3559786976
3492677920
1349327137
1349265667
1349265731
350699459
384176067
379979411
385221265
384909969
1584518001
1583391521
1583391520
2103485988
1549838885
1549838909
1562618399
1496496646
2018703878
4174831170
4170613858
4171138146
4172842083
3908608113
3950551872
3929712192
3928665664
3928657600
3928554977
3928517795
3928503458
4012508326
4025353350
4021177798
4003875687
4004801061
4139018516
4139018244
4135332868
4131270660
4148035668
4096655836
4109243309
1421476526
1421410990
1419248362
1423457914
1142454798
1142487566
1144760846
1161538054
1161407238
121301254
108680646
108659078
111018118
262013335
1335816612
1335206816
1574216608
1544856544
1543807860
1543810816
2081721088
2081528576
1813097265
1863559970
3994463010
3996562962
3862872642
3861774978
1647248002
1663970962
1617637026
1621623971
1621623012
1621622828
1621897224
1894522888
1345134600
1077881864
1075837224
1352059433
1350994558
1350994574
1351588494
1082955406
1100776078
1182176142
3324425102
3324162951
3609375717
3575758625
3579881763
3584075810
3617630226
3735088130
3726771266
3726770370
3592815042
3593339810
3601736354
1437344420
3568051876
4104957596
4101806732
4097608588
4097813388
4114525004
4148078860
4129728527
4129654830
4129573934
4062642478
4062581038
4146463526
3034972774
3030844130
2762235873
3030707184
3030690752
4096043712
3560749760
3594432129
3594412675
3592819330
3597009378
3601072162
3601077282
3567526945
3567528961
3572378624
3295568896
3429811984
3430938128
3447580209
3489593153
3472531267
3740962755
3739979218
3739860466
3732450530
3749488102
3749504502
3749704151
2675889143
2659111909
2667434981
3204248548
3204247924
3195335540
4134916980
4151826293
4151834485
4148131325
4147991775
4114429183
4097651966
4101912062
4101912542
4110292686
4106180310
4105459543
4104451415
4125422871
3622102039
3614307383
3614430263
3745432598
3745436694
3749639478
3749671734
3757929014
3757863462
3757863718
3718017831
3718079861
3722409332
2682244468
2682244597
2673856469
2673858501
3743282631
3743282639
3709728222
3714053631
3721913839
3721852397
3705101813
3696500085
3696498037
3692377909
3698796337
3707184945
3707180337
3707049299
3698685266
3696752082
3713463746
3470188482
3470168002
2660732738
2666891539
2666838305
3220483360
3212095264
3221077552
3204421152
3204421152
3204362771
2923197010
3191603682
3190554850
3207069858
3161076898
3165264034
4239002034
4239067539
3702012353
3706202561
3426250176
1283089600
1283351744
1291732288
1299662704
1299541728
1328901744
1333227008
1333223168
1333120273
1333646689
1333126625
1333257683
1333196226
1333167490
3470230962
3470108066
3470044642
3738545618
3740765522
3740766066
3736442403
3735349027
2682578725
2641679717
2620705893
2620742884
2618781172
3696649680
3696650177
3696702161
3696693971
3562477267
3562411986
3612753362
3604446674
3604839890
3604839890
3604831635
3554426257
1402748336
1373386148
1373385124
1400385956
1127944596
1127879124
1093284692
1076508468
1080573476
1080568612
1089220396
1101858588
1118700296
1118176008
1118192392
1134989080
1101507371
1172613994
1424010218
1969269178
1730198970
1713406874
1713537674
1713611466
1714463482
1714463338
1712562735
1714614831
1714557485
3860988716
3806330924
3802144808
3802137640
1654720600
1639004360
1622288776
1620192136
1620183995
3769829802
3769635242
4042264730
4050665802
4079026442
1935680266
1944332058
1906584362
1907239210
4037949486
4037954670
4058629374
4047028622
1360568975
1360568973
1897461389
828212925
559908527
559920559
1635757295
1652533295
1652467741
1651419149
1647220749
1647085596
1647086652
1647214857
1647231753
1647231531
1630421545
3765372456
3773565544
3773774408
2696358408
