3997086901
3997088932
3994479780
2924924324
2950089108
2941705860
2908149380
2908215004
2910114556
2918508396
2918507820
2918509869
2917456173
2908809533
2758929725
2759056701
2756822301
2756756829
2755772925
2772656629
2807194071
2790401414
2792504758
3866300326
3866168230
3874769894
3874782686
3891588430
3891588110
3889687566
2782326031
2773933343
2774355775
2757580605
2757568301
2757702445
2899116909
3163292655
3163363262
3163371422
3163107214
2626169230
2630363582
3695709630
3436905870
3449495950
3451462030
1304174991
1308418525
1165791532
1144358172
1143379212
69709068
69575708
86352924
1160156172
1160152077
1160170509
1159120975
3306605022
3352816366
3348459182
2275169983
2258453215
2260550397
2260497133
2277303012
2281497444
2280977248
2281042800
2281038449
2272651105
2406864737
2239074099
2239203603
2222434610
2230696226
2499054898
2514850066
2514989827
2674299715
2654372807
3191311767
3191314599
3208100007
2940123303
2940123303
2910235845
2941707333
4015513677
4015382557
4011188519
3994382631
4010869030
4010873190
4010877942
3981652982
3855812598
3851620087
3834793687
3834793671
3834805895
3851937415
3855934095
3847545789
2807362477
2790569385
2792734121
2792798712
2792856408
2791676696
3860905496
3877676569
3844186681
3827405611
3827351850
2770386986
2770391082
2804379690
2808511530
2925676586
2934065534
2950826494
2946637726
2914136974
2918392462
2916295311
2916295327
2916299711
2916169213
2916097277
2899401981
2899410125
2899537357
2891148749
2891152845
2916177405
2915067375
2948882927
2932109790
2932298718
2950124542
2950133678
3185008622
3052888062
3036110295
3027588551
3027526983
3023332629
4101267749
4118246693
4151727415
4135015687
4135025927
4132896005
4141866259
3068122935
3084244855
3050821463
3033974727
3034040279
3033880567
3025434599
3024381943
3024381411
3041158499
3049550115
3050819895
3084308743
3067539719
3059151111
2522797381
3059666388
3076377076
3076360612
3042806700
3026165756
2757203916
2757013837
2759106845
2759237951
2759242015
2771909949
2770660645
2804214117
2804174309
2788642277
2792768917
3874935173
3891716999
3889685975
3855986162
3846483314
3825511698
3825576978
3776445490
3776433202
3845639202
3849706535
3882212391
3882343735
3882343735
3882340151
3882733111
3882733175
3882736245
3882744821
3882678773
3983375861
3983506901
3983497685
3983497623
3991763383
3991796151
3991796215
4025351671
4025483223
4024890967
4016567831
4016436759
4016434967
3982813975
3982813494
3982883190
3983001974
3991390583
3857172823
3858226501
3849842117
2775967189
2775967205
2774924773
2774912437
2775436727
2775436791
2783796727
2783412087
2783407959
2774888279
2808424150
2741319670
2749697974
2749697974
3806600630
3806600630
3823449238
3823580311
3819381975
3785761861
4054197249
4038468609
4042730753
4042598145
1358378499
3522639363
3587600915
3616952903
3616982727
3617050567
3621571541
3621566949
3613174757
3613177701
3726439253
3726504725
3726627095
4284404023
4286510439
3221155191
3219061079
3219119095
3210501863
3210506983
4250694342
4233974734
4242428382
4175392878
4171002990
4171005039
4174768221
4166510605
4161267972
4161011204
4160869892
4160869892
4160864821
2013385255
4181910243
4215464915
4207072131
4275224963
4275257747
4290856881
4290805665
4282396577
4248842145
2000694693
1983915255
1993421943
1989357670
1454575654
1454518326
1469195270
1439896646
1077937234
1077937602
1078097859
1153587137
1149424468
1149367124
3314590484
3314656004
3318986516
3318849076
3302268452
3293878820
3293944375
3562453574
3713449670
3749093334
3728197094
3727803622
3727933686
3744690390
4285751798
4260635111
2111055269
2002005412
1448885664
1448951200
1449082288
1449080209
1457354131
1459451347
1458435394
1449647106
1197923330
1164105986
1172494594
1168363315
1168236323
1201987361
1206220592
1332180752
1316371712
1310137616
1326912817
1192580449
1196914019
1163325779
1163314498
74892354
7851458
7724499
7732209
5634801
4553443
1346666211
1346666210
1355087858
1355808594
1083160338
3251475986
3284719154
3276334611
2185850371
2185903635
2211061537
2206797089
2206796915
2206946499
2206986451
2274136291
2240582883
2240582883
2244779379
2220662291
2233245203
2367331859
2635774467
2669324803
2669324545
4284131345
4292515904
4254764096
3185216576
3172701248
3172586576
3172520288
3172491616
3206112096
3218805472
3213558497
3079144119
3045597110
3045616038
2493020582
2489076150
2503806854
2503362182
2536927942
2541118150
2550032199
2549048663
2548858151
2548878390
2548944150
2532302086
2532171550
2523690543
2523412015
2519213615
2271819583
2239436095
2230990167
2230984775
2224758854
2224906487
2241646823
2240594019
2240577635
2227995923
2216465923
2216687107
2216355331
2215308803
2215279363
3440044371
3444238547
2681903299
2677706177
2665186944
2658898560
2654573200
2654581472
2675553248
2683941216
2683891808
3187204208
3187467365
3187469415
3170695398
2499561702
2491156982
2487032194
3493738882
3493733762
3510509954
1367220354
1409167489
1388183680
46006400
46007296
49268992
325884688
325888800
325888800
325888273
309246979
305037314
322863106
18268210
340066
335970
4661538
344335907
76953120
263665200
262485504
250353152
242028032
237968896
170654272
174840403
183077622
183012086
183016422
184071654
175677606
238723221
238723200
255516800
221921424
221971360
209395360
486223521
480063139
479997602
480013986
1021110246
1012444470
1014544406
1014532118
1010608167
742188069
758407213
1010180159
1008079147
1012269355
1016463899
478359051
478161435
478423595
209979961
228347209
129745353
133877961
57341064
40560024
57540008
65916856
28235401
28238539
29221403
33350442
18657578
18130026
50638062
34376895
34374797
34521229
101630093
119423369
259445691
233242155
532081195
1588963881
1455205160
1186769192
1190961160
1178107912
1111212232
1077543304
3229221816
3233424045
3233489583
3233297063
3233297062
3226997166
3239575754
1125842955
1092246538
1107228682
1085204750
1089334062
1076685606
1076690726
1076675014
2998662
6963330
15602049
15348112
74064800
74130080
86847136
120384176
103672385
103058177
106990371
115386662
115385639
400597271
367165699
2096333107
2085658915
2085658915
2081597219
4245864243
4128426563
4128657091
4130737859
4130735779
4135389089
3065774497
3065787876
3065800180
3063737812
3063214037
3067408325
2518021831
2534851287
2534818422
2501195622
2488542566
2496736598
2496805190
2498894086
2498889751
2498759717
2511354917
2240816247
2274373975
2274693495
2258047333
2392150503
2408895974
2381640934
2373231846
2369029350
2367000022
3742744518
3612715842
3612797699
3592346419
3609123121
3575532816
4112385044
4114567188
2000646404
1971249436
1968698172
2009112124
4156590633
4156590954
4156598762
4131629546
4131581418
2520999818
2655458955
2656372427
2539586539
2514366831
2495504431
2495537199
2494472223
3568090134
3585911862
3615270951
2520549413
2520696885
2518571013
2518563845
3591250949
3591307877
3582853863
3566080710
3567129286
2359228038
2359099046
2361178791
2352777895
2369555397
2671684549
2636033861
2636033348
3176639797
4183071781
4215585831
4194691109
4194724917
2584097845
2584088597
2585133365
2589328229
3729199847
3700363943
3701347970
3701083778
3701034626
3701005218
3705203107
3692882851
3743251347
3726536323
3728092867
1580609091
1584738131
1605379891
1571910963
1559352355
3698364451
3692072993
3692072977
3692073729
3708854785
3725768192
3729972800
3729940161
3729934977
3738634663
2660502695
2677812455
2678015199
2684253391
2683822415
2674909535
2641360255
3715487103
3744845183
3744849247
3744851279
3749176671
3749143855
3757273901
3757265709
3748860701
3612554013
3621074765
1473527263
1440037310
1431771566
1415002286
1414871230
1414872218
1431795098
1431761294
1465172430
1398063391
1391771951
1390732079
1407705899
1441162795
1441164843
1415999019
1416919899
1414912843
1413864267
1413520651
1967176971
2002040603
1448579611
1448530457
1448596025
1474130793
1422684525
1422655855
1413940271
1413876783
3293977663
3302365502
3298176318
3298176782
3351084814
3336424198
3328155622
3336093606
3331893166
3331888063
3600450445
2526708365
2522710700
2520561388
3054808684
3038034476
3021380108
2954276356
2954092064
3021031120
3025362673
3029409186
3031448738
3030385826
3047489714
3068539010
3068551554
3068323266
3068325314
4141926498
4133799970
4129613859
4130662407
1983275013
1983258629
2000031756
1949696060
1953641004
1957835304
1955745336
1954667032
1954593352
1954589257
2009115593
1984080075
2118552778
2115403850
2118094970
2115952686
4262862958
4229309295
4231406119
4176876069
4170647253
4170190533
4169149077
4219530151
4202752167
3129051302
3129120934
3125185735
3120989255
3121067023
2852431133
2836768557
2820596260
2824761892
2824737316
2824536685
3094872815
3094873070
3169518054
4239066350
4238871806
4239931466
4250413067
4284147721
3709511945
2138749449
2012909065
1937344027
1936229115
1919455915
1919468458
1919553962
1919553963
4083822763
4085132463
4078775471
4077660318
3544983950
1402736014
1369375742
1421288270
1420108046
1151721791
1155834157
1277464877
3424944953
3694504712
3627330312
3677661448
3663112201
3671496715
3671492682
3730735242
2656878730
3195650234
3187327658
3166347946
3166347947
3166209709
3048768956
3078399180
3074221260
3175031940
4230360228
3961929637
3961917166
3840280302
3970368094
2091127310
2092179982
2092199438
2113185846
2146220071
2138871846
2117900294
2115938310
2115941446
1981731270
1981203334
1985397670
2010509734
2009883111
1972135405
1976333821
2001698157
2001497389
1997303101
1963932443
1900960267
1892601359
1623576095
1623492157
3770980157
3787830045
3888488733
3871645756
3863261229
3859058735
1711648799
1728427022
1678170174
1678166126
1679214958
1693927935
1843747805
1878349261
1859408012
777285772
772022456
788931756
738602408
742537896
751897256
680532648
679489177
679487129
679487113
700458719
700459007
700458479
683703783
679509463
683702595
683702595
675379539
675510611
675428819
692206547
734149331
717429331
717306451
717241203
718289267
718305651
718338167
718321749
734050389
734051669
734115191
734114103
692171037
687976733
671216415
671252015
671234599
671234599
675428966
683809510
679680454
747836614
1049821382
1050067015
1050587141
1050583044
786211132
773628716
790146856
1865988395
1870306346
1851442218
1847460890
1846935562
2115371018
2115384634
2013146922
2008956458
1740380778
1924946506
1924706249
1387828680
1379774648
1379791032
1346293928
1344164264
1342583209
1346773931
3502520238
1355028414
1086588830
1166279134
1187385802
1187443147
1183246153
1318497816
1318365736
1322560360
1582607720
1578414104
506773512
523304968
489816136
473043033
473047898
485635674
480382682
480251546
480279194
966834874
966822570
736136633
736146872
736342456
727953848
723760040
724739048
724739048
722641768
689169256
689172264
689077032
693328685
693321535
693190526
693182334
701578622
701578622
700546430
696352086
763491678
763490638
767816014
1833104462
1833172062
2109831406
2109765870
2139175406
2139232735
2139240909
2143488461
2143489996
2143422284
2139239244
2139317116
2143347564
2067854188
2030089068
1493218156
1493214060
1476458333
1476418055
407099906
411236898
411237154
412285234
462601218
450080770
450007042
240553985
236355648
255213760
204865664
339084464
339033056
349514468
815032996
813984436
847571596
310771341
1385662110
1377088174
1377092270
1377092014
1444200558
3610625070
3589789742
3567773718
3567709190
3718702342
3718701830
3652375302
3650339623
3633373537
3636487648
3628105184
3623964112
1476550096
1480750576
1229009264
1207971840
134225920
134422528
134361344
134361856
147981841
143789571
143724035
143662595
160446275
164640083
189875667
200394198
200377814
200383926
200392118
173125046
173125047
181648821
449942964
441553332
974238132
973190052
704684964
704685028
704684908
704687980
687926125
675347305
692157273
725842763
708992971
708974027
709038559
717230575
717238767
717305327
717307391
717241815
734019031
725629431
692140535
700660215
700660727
700660599
701578071
701578071
697383751
701593943
701626711
735181143
735164759
735295831
735295831
735295863
734116215
725662039
721468247
687980375
721679223
721613670
721580846
1799541546
1807930153
1807998264
3955292424
3917527304
3917724424
3967990296
3967991320
4236349960
4236284428
3159671311
2637956398
2654669870
2653555814
2653555910
2666139782
2661945478
2661941638
2276070038
2225677958
2225876623
2225874588
2229547688
2229564136
3303338856
3300385048
3300368680
3321144617
3342122025
1194625067
1178045451
1178006539
120987659
389353483
490078218
473301258
149829146
145630778
145569306
145503770
162018874
162005546
195576618
195613051
199872891
166310267
157922810
157914618
157924858
191479227
183091131
451517880
178885816
183210168
439070904
422555820
405713076
405201108
406249936
406253040
418828145
431480817
464910291
458285507
454091203
454256115
422987235
435572579
431425395
464851763
164897027
135536899
135602451
141951777
150341153
146212385
146087441
143930881
143926784
143922688
156518224
156620241
190174673
190173649
190173651
192270807
192270679
192270711
200668535
200799607
198571383
198570359
165015927
164753783
164753783
156365175
190035319
188986871
188855799
172078519
180467127
180467637
448903068
977377212
973182908
704754620
704750504
704684968
704684712
704684776
704706153
705757035
705789802
726743402
726744442
693181914
693175770
693178842
701706714
700674522
700535290
700477946
700474858
700526059
692272507
693321083
693321567
692272991
700660607
700660607
697383295
697384287
696335695
696350031
696382799
700560719
683783519
683785599
683784575
675395935
671202127
688110543
721681359
771948447
771913645
771904941
784535981
784404909
784348381
801127629
797145117
763525437
747796767
747862287
751917326
743657230
755222286
755222366
721459182
725657582
734046054
1791016438
1786887638
1786886358
1858189462
1858189462
2135160982
4248975526
4248975526
4240579491
4241623779
3706849827
3705671171
3705677315
3705676547
3722453779
3756421411
1593193761
1593182544
1584794048
1580681664
1597462976
1596418516
1562734021
1545879879
3697590631
3697603365
3437359653
3299070496
3315647024
3349452288
2258937344
2259136016
2260052752
2264250656
2272717088
2218184016
2222900673
2231256002
2377860034
2379772834
2413356450
2673405350
2669201574
2669320342
2671687814
2675878278
2591861445
4202468932
3661402628
3661427200
3661423395
3660963875
3678294050
3627942946
3627944979
3632166913
3640584448
3636382208
3635071536
3635007168
3689453248
3660100545
4197028067
3123282146
3123414258
3141269970
3111774963
3120163553
2885413600
2876984048
2854831808
3123250112
3190620625
3211530337
3169595747
3165595362
3166580354
3166121618
3165941666
3165711522
3167784114
3204615298
3187850371
3187844289
4261585920
4265780240
4261516336
4262717488
4264716341
4264695847
4202039398
4202630566
4219273638
4194107782
4244571022
3971891854
3971994287
3971788525
3969166076
3973360140
3960777228
3960777228
2903752221
2903683613
2905788973
2905784877
2905817644
2909799204
2909799796
2918194292
2918259940
2914196724
2947963093
2931226822
2931222726
2931797206
2931596518
2922956006
3191390454
3191558342
3996791222
4000981925
4001047204
4277744276
4152169108
4101837460
4101440436
4105573260
3568699340
3568770892
3568577033
3300158265
2230643497
2150931753
2151124235
2432075019
2427880714
2964829482
3048715562
3082075178
2792655978
2786364526
2786561070
2786505742
3994460174
4013351199
3979764591
3962647151
3962569455
3966763753
3964666537
3838842809
3834657785
3834722616
4105378072
2494961928
2511677704
2276732168
2260002568
2192933640
2193523704
2191492009
2459734955
2531038126
3067908526
3076298158
2803217838
2805315054
2771828046
2771823886
2905779470
2939333675
4012108841
3995196457
3996243257
3996177721
4017211241
4016295529
3982741099
3982609403
4016102395
4016106847
4016172415
4016227679
4017275999
1836305495
1836182647
1836117095
1836312807
1868810615
1860422006
1860553086
1717950846
1717692799
1717824351
1700985695
1684261727
1685310295
1685454167
1685384575
1685122559
1684143615
1709689341
1743243773
1744161789
1719007965
1718741725
1735649885
1735642975
1868615039
1868618879
1835066623
3982714367
3965871095
1826767575
1818444375
1818313591
1818252599
1818258493
1826711613
1843550525
1860323593
1860618505
1852307785
3999590729
3999595497
4007975657
4008037097
3873820411
3882145499
3865375579
3865371514
3882279274
3848721770
3849766270
3849714815
3765725439
3765790967
3764869367
1617316343
1634159063
1634163191
1634040830
1633774463
1642293791
1675873055
1660274973
3797212445
3797214301
3797279101
3799447545
3874934521
3891776251
3857959675
3838892763
3830509515
3829427547
3830543419
3964752923
3975248921
3975506025
3992381545
3991333369
3991329753
3974614731
3975530187
3983856219
3983860570
3979731774
3979797294
4013347630
3999745402
3999616090
4016330970
4024719610
3991230970
3991296510
3992353758
3992419278
3925176270
3958662622
3941949950
3939893494
3948282007
4015395975
4015465623
4015334563
1874076837
1874138533
1704396212
1687502276
1683237185
1679042817
1679108881
1612065313
1626737201
1623068161
1673332289
1671169729
1921779409
1921779363
1926043299
1925478050
1942251474
1942284230
1942283606
1673899318
1673899831
1665511189
1632091924
1627914004
1627913492
1627782484
537222612
554110452
554043893
558238199
600181239
595992566
579157974
579086294
583280582
591685582
591689694
591775726
600100846
600625142
600628727
600698231
567274869
835708213
835714325
835702037
835702037
835583317
835185109
1934027157
1934000021
1934057405
1933922221
1942312879
1975875230
1975842510
3569677838
3570791966
3568811582
3568811822
4122263342
4122275693
4294242252
4283821964
2130825100
2130759100
2130965948
1863508141
1863508143
1731363054
1731248158
1730208010
656467210
622999818
622991675
623057193
606288168
627259688
636688696
663815432
663814408
663879944
664011017
666116393
665584943
627964279
627964279
627964279
627964279
627964279
627947895
896382327
1030599095
1030599095
493728190
493728190
493728694
342736310
342735286
1412282550
1412282550
1415952566
3563519365
3588683140
2645977028
2683635236
2683579940
2405705268
2682593844
2644833061
2644562215
2627830054
2628813286
3167782382
3154151918
3170933183
2936121807
3993151951
3993152847
3993155341
3994190637
3994272301
2939515501
2906072060
2905936893
2910060973
2918974887
2914780582
2914979254
2914926022
3166646214
3170447174
3036245782
3036281142
3048855863
3048840471
2813967621
2797188357
2797188372
2797375796
2793181476
2788984100
2788984165
2789115365
2789144549
2805397487
2805321710
2775928830
2784443358
2767662046
2767530998
3858046294
3883867474
4001316162
4001316114
4009565235
3937211427
3937211443
3937039362
2041243074
2024449986
2029686466
2021493378
2019396274
2018290594
3897338339
3943476577
3926172704
3926307888
3927344176
4013327664
3961687808
3961704256
3961704016
3961573088
3961583329
3965773409
2892035941
2774630261
2774629751
3856694775
3856752118
3890421206
3881973206
3865187782
3865187798
3873518966
3873451110
3870301223
3868268567
3867241735
3867274503
3867325767
3984753991
3973481927
3965093831
3960966871
3960839909
3960778469
3960778469
3960793069
3960792573
3977572845
3979559405
4017308143
4025565547
4025553275
3992133979
2918589771
2918591835
2918521338
2912225786
2916424075
2916560267
2916560266
3974047626
4242343866
4173137386
4173139242
4173274426
4173147406
4172819726
1509696525
1501372420
1496715540
1477837072
1494614832
1493197680
989913824
994091747
2059440882
2059764370
1791334034
1808645779
1758309011
3897338577
3897342673
3894385392
3894319856
2837364448
2870400608
2853323360
2853307233
2859665249
2859664739
2866873698
2862620130
2862628338
2929798610
2947755394
3922930822
4173424774
4169201862
4169185518
4219517165
3935352908
3939543052
3929061644
3929132316
3929195820
3929199916
3996284780
1861355372
1859129308
1783639948
1782591365
2051090853
2059548837
2144471188
2094139588
2094209092
2096315717
1559707589
1425489617
1957111475
1956995746
1956701090
1420865703
3562049703
3557851351
3557856270
4094863630
4096961294
4100106814
4104297006
4121070126
3886452502
3873800454
3861168327
3861729463
3861844133
3878564005
1697526964
1819151508
1819219381
753219237
748697317
1017192997
1017127431
497034758
513863174
250652934
259373314
1331149058
1297594626
1289200962
1289662786
1151242691
1153356737
1173242496
1198326400
1176779408
1176832688
1176898468
1457981860
1474562468
1470375388
1436573709
1470136331
1608556586
1583390762
1579196714
1579198762
3727730970
3725834506
3724974410
3729168330
3747533518
3705553610
3567125211
3567125225
3573489385
3564387307
3564386539
3563419902
4125554894
4160150734
4141134030
4131692751
4127503215
4127560237
4128215596
4146065976
4112445976
4099806776
4108204584
4108007976
4242029099
4233898362
4235995226
4101786698
4109681866
3853942986
1737920590
4018577486
4001734853
4001669364
3997480164
3859055840
3859169440
3859153280
1711682992
1712727969
1743858338
1739590310
1739590310
1703950982
1976576974
1950623182
1426334158
1439642462
1435239230
1166821182
1167621894
1302080262
1285303062
3437177622
3437157142
3449724174
3349058894
3348989406
3332158957
3336344812
3592195300
3610807508
3610807364
3611012100
3577392404
3575295264
3038416673
3042887011
3021866355
3158181235
3158119906
4252771811
4257034209
4290653889
4290657984
4290578116
3724280436
1564230436
1564266812
2084545288
2082251272
2099028504
2099029544
2099031608
2099165657
2103347706
4101998778
4100901306
4109299102
3573474702
3573473678
3585987038
3618423294
3605971303
3605979511
3605980533
3605916769
3597464673
3527168227
4129030279
4095607175
1947603335
1951803359
1423326191
1553218415
3700697903
3704892190
3721668878
3721727246
3755426574
3483324990
3483136558
3466351214
3331073790
3330813606
3348643751
3352823972
2272856228
2272938148
2269039812
3342705668
3342835716
3309220356
3313410564
3568805429
3568601890
4105472354
4101277794
2754906210
2889320802
2889255682
2937499139
3994216192
3994042624
3994038528
4262732832
4269153312
3199601889
3198618018
3199011234
2678917522
2632857986
2364418434
2360228418
2359953922
2359888423
2359877157
2359864868
2359862820
2372440772
2372502148
2407236228
2407248559
2403312046
2671621550
2671756462
2671691230
2671672650
3711838474
3711838986
3709758218
4252846858
4260974346
4256724234
4256751882
3719930201
3717968232
3717764072
3713591016
3742951416
3726368712
3592085496
3596341228
3604761967
3604956958
3604930830
3596541966
3615399998
3565061246
3573187790
3573464207
3571430540
3696006332
3708612780
3708613100
3742307181
3741717101
3746964079
3755221615
3717474031
3717998559
3701356429
3567130569
3302885064
3305047768
3304851432
3304859112
3304334697
3304334681
3438634443
3428144587
1280429563
1276235130
1280331066
1280335130
1339127070
1322410766
1314055006
1309860846
1308869606
3460334054
3468730878
3464536543
1149416909
1153612236
1142070236
1142196908
1142213289
1410657211
1465351562
1448546442
1455886490
1449091310
1447026734
1445695774
1466536206
1416472079
3571887647
3571891743
3563232830
3698380334
2622520878
2621450798
2646620974
2677152046
2408716334
2375158830
2377450542
2377384974
2377921550
2382118158
2382105870
2380795151
2406010127
2338949455
2338953589
2322185589
2322185716
2322177524
2322306292
2322305204
2322313396
2318119092
2318053524
2301277580
2285547404
2356849292
2354752204
2363026157
2354604654
2354588206
2371364382
2371564302
2415788350
2277376046
2277244974
2277245998
2242384910
2242395150
2246589711
2246594351
2238238575
2238242807
2238308343
2238701527
2238709719
2238691287
2238559671
2272114101
2238559669
2238551445
2238561684
2221782420
2356131732
2351871876
2368648836
2368663236
2403266244
2407460740
2407425468
2415387052
2406863292
2373304780
2369225160
3423901176
3423907625
3423906601
3692407321
3709254153
3746995981
3749104909
3623273477
3589718039
3696685090
3692552290
3692355682
3692356082
3693017026
2373898178
2415840067
2393721617
2393667361
2393645857
2394694433
2394694517
2392732661
2408910767
2375290543
2354334383
2352270271
2218708879
2222908367
3296649671
3296522327
3290194021
1142693989
1159603397
1159607429
18750597
20844421
54398629
65996463
48510671
44323343
48542223
325432863
291811119
828681519
837069869
870626349
853967117
841908933
841908871
842961543
840890055
907962919
639429415
654108711
784132135
783267853
783200268
737062924
690913292
675184692
675205220
673632484
677730276
687101600
697595553
1838442162
1824810882
1824810882
1817696179
3965114017
3841363616
3840838336
3840867008
2691689024
2703616576
2737101412
2741304039
2732863206
2732864230
2732855990
2724467078
2808422550
2808358114
2918452450
3988129858
4257097730
4257097730
2109614338
2109089539
3723698755
3723702977
3723559841
3754951073
3753934245
3728791943
3728780167
3737168462
3733043726
3733108558
3599933774
3600199918
3556099310
3509339311
3493596349
3491110284
3491114380
3491112860
1879390188
1883514732
1908696413
848621007
848607439
848595085
849119372
578717836
591304844
557759900
557756924
556175380
589594629
589340735
572563503
572564527
572697637
1696771108
1684196644
1818414972
3967240844
3967253132
3967101620
3983809188
2947812000
2795769568
2795779825
2929992049
2913214513
3169067057
3169202245
3166052807
3166055878
2629179790
3700693422
3713280174
3742382254
3725678750
3729969614
3738366414
3740377934
3740312383
3729826095
3746604335
3742547030
3742547014
4246117590
4246064630
4229811694
4242458622
4242458622
4244535167
3170723679
3170657597
3186418989
3187467565
3187143980
3220620564
3220538644
3212090388
3205803285
3206016373
4279697399
4194492407
4194453142
4265742998
3209106326
3210023862
4258542062
4258543086
4258543086
4258611070
3717672790
3717689031
3717492679
3700748119
3707098567
3715548357
3715548372
3744847060
3728207060
1578560708
1578622196
1578458596
1578464741
1584869732
1584869700
1475752204
1442197772
1425477896
1425347896
1424259880
1420290600
3567712809
3567634987
3572824698
3564433098
3576956618
1461060570
1142305502
1146495606
1154622242
1154687266
1418781730
1422959635
1422965760
1557249296
1574088448
511094272
506892032
505908672
438815952
438769712
438704161
505886755
510928929
2142513184
2092378896
1555974656
1556007488
3702246080
3450445505
3349782210
2276186690
2280200818
2172140258
2163747555
2427988897
2427981216
2427980212
2427992477
2426955919
2422794430
3510155438
3510607022
3507918014
3506614414
3489849550
3489914894
3561181247
3570609199
2492672063
2492672831
2494704173
3585227500
3601992344
2261781128
2262042249
2197029259
2188644523
2184503466
2251333866
2251334702
2267067406
2246163470
3349259783
3332612613
3332809265
3332825637
3324838437
3459777133
3728230573
3710634153
4096432312
4100622472
3836389512
3836390024
3833369160
3829170744
3828646440
3878986280
3861946923
2921837102
2921743654
2921726182
2922316006
3996062902
4016512182
3857586358
1689140374
1690185094
1690183301
1958552204
1956389516
1973215884
1465691660
1446816525
1462610238
1194305854
1127106838
1097207046
1080427778
1155924786
1152779043
1150686001
1149444864
1153442560
1279385872
201495808
201571584
219266544
252950912
236108161
1177717121
1181191603
1449369010
1449377186
1450419618
1987159522
1985012178
1917903298
1926492194
1934849123
1632703591
1628440039
1628716439
588529549
576135069
583471037
583274397
599790989
835782541
819073693
816980701
280044047
278979087
10527247
14722847
14728477
6527005
274896909
1348638724
1349945348
3520497924
3521022724
3621686853
3611206341
3593265879
2519474934
2452304630
2473198310
2443711394
2963815586
2965117154
2965117174
3504142534
3554584775
3529419840
1377735744
1377730816
1377616224
1376543204
1913393636
839851492
827201716
819870085
819870597
817698439
819729125
278663789
278663721
282358569
282387241
299150121
299141401
332172063
399489310
382642446
1457433614
1608430662
1562280134
3709763798
3708805346
3708608738
1565516642
1603179106
1604223538
2124382801
4137459520
4137461856
4135360608
4131162208
4129065056
4146003015
4112394182
4095615686
4095607542
1895760614
1622672102
1622676199
3768062844
4035453196
4035470600
4039900680
4031425080
4095388200
4095322664
4114135816
4147951880
3996943688
3997073864
4009423321
4005490926
3200151786
3204260330
3158061546
3158064090
3156097738
3160287946
3164498650
3164363770
3181180362
3084706250
4133282250
4274975114
4274966955
4140715437
4133226925
4145813933
4111866253
1410739597
1410736525
1431777725
366219693
395579821
60031375
60040647
32794903
24505091
6744834
15121154
27692290
61309187
57573635
53379335
53379335
19825463
355246631
338208303
342404654
350788139
346655723
884509097
498649481
494430345
523840653
523904141
524161485
494273365
492962597
484450853
485499424
498098976
227603248
227574608
226534208
226597312
230922736
214088161
230930851
533969330
1590861206
2127729542
2127725510
2119270518
2121302054
2117115942
1042325542
1059288086
623000590
606214174
606214702
614861551
615975595
630460075
932451979
915677835
383566411
370970922
1444783402
1394517034
1365158974
1104644382
1087884638
1086738310
1086787222
3301187238
3296999078
3297137570
3313955235
3347882401
3466371265
3472798784
3464465408
3732715552
3727992868
3727992868
2671569957
2638101781
2638101764
2357074740
2365459236
2361133860
2377923348
2411474436
2277385733
2260080151
2259944999
2209615655
2213809447
2213808423
2171865397
2171934997
2170370820
2170370820
2178775828
2178767140
2212256037
2203900261
2203965797
2203965797
2203965813
2170550621
2172647775
2172647807
2172647807
2171468159
2171468159
2172647807
2172647807
2172631551
2172500479
2172500446
2172492254
2172639710
2170542559
2166356447
2198862335
2198829567
2203023831
2211412423
2211281366
2211281398
2211281382
2202917366
2202917366
2202917239
2203056503
2203023701
2169469188
2169338116
2177857796
2177857844
2177858340
2177719076
2177719076
2211306341
2211306341
2211306469
2211240439
2212289015
2203974143
2172516863
2172516855
2172516855
2172647798
2239740246
2239741430
2231348726
2230173110
2238553494
2238553494
2406324374
2389678262
2658113718
2654910647
2654910679
3191777351
3191777285
3191777301
3190729783
3996052534
4012833846
4012793142
3980348726
3980332854
2910788470
2919185270
3165592406
3165457239
3165477589
3166468820
3166498500
3183013572
3220764372
4277720036
4269330660
4264083565
4281913389
4231749647
1815768078
1813669902
739924791
752503334
748636790
1035819719
985470919
981283269
977088709
977170837
976679905
980940513
714447585
731228865
1770367936
1753590208
1749400772
3893747140
4162287316
4161934052
3088253668
3092316772
3096446567
3096452646
3113232998
3113232510
2576361582
2576353390
2308050126
2295465166
3356628174
3355520199
3355454661
1207986244
1208051780
1208183108
1224993092
1262745925
189004117
172212181
180600820
180469748
172015604
1245756916
1245756900
1258405348
1258405348
1493286372
1493416164
1212397796
1220802805
3364092373
3380869591
3380805111
2344812518
2403524322
2403520098
2411776514
2407590403
2374036995
2374070837
2378306084
2411856428
2411905592
2413220632
2375460152
2647955752
2624882729
2620688745
2352253563
2352462539
2369236683
2268557899
2384855627
2389049963
2393256299
2393317482
2409898094
2409896062
2376341582
2280921294
2272754142
2272783823
2272783823
2255877581
2272581085
2272615932
2272779628
2239224165
2239168357
2237067125
2237132565
2244345623
2244267831
2378537270
2378676598
2371332470
2371205494
2406980087
2406916055
2406922117
2390140805
2406786453
2406778276
2406780388
2402655461
2369189997
2637621631
2641816927
2641816927
2641780095
2650103278
2650038270
2650071039
2641745567
2641745567
2641688223
2641720063
2641851135
2641884125
2625599309
2625600861
2621271389
2487090301
2489318525
2506030301
2513364431
2546919375
2538592143
2534396814
2534314431
2534396143
3071137007
3072128221
3076353097
3076488217
3076480041
3084344361
2547465529
2547459339
2682200331
2514424186
2514305386
2509062634
2496493039
2496490943
2496486293
2488093332
2489081492
2489153172
2497671893
2682221269
2665444055
2665443926
2665341494
2658465574
2675236134
2624904230
2620782598
2618746950
3692227783
3691183303
3741500565
3728920725
4198945213
4199019517
2051335741
2051335725
2068080189
2064998941
2031575823
2031956251
2015113531
2018250811
2018331947
2035206443
2077227323
2059971417
986229321
986232393
977830729
2048426329
2050588777
2050744555
2033901802
2021291246
2019195358
962227190
994667238
977807974
977827350
986235142
983285783
983220241
502980608
477814784
472631296
1009486048
2099943904
2138741408
1857792672
1857662592
4288258692
4258841220
4095263364
4095226276
4097319140
3023581285
3035116576
2963999776
2695776528
2695822017
2695670483
2762779315
2754395779
2704180870
2737735302
2737741510
2804792102
2804213798
2741266478
2737056811
2703631643
2686857755
2686849561
2691040889
2716081913
2729188317
2729183455
2729199829
2729187573
2998877269
2992516165
2988336132
2988397604
3021864996
3027898372
3031052549
3031322959
3031257598
4122751210
4152108266
4145831146
4112513242
4095125706
4233537994
3969297162
3969157898
3990141194
4011109659
4011630905
3877548312
3846079000
3963535912
3963515432
3966644776
3966505256
3974893609
3966516287
1819027502
1843804206
1873152046
1856391454
648502094
581234894
577040526
841928846
841924751
573493679
577765031
569178799
552401583
552450955
552569289
544179273
606924877
539779453
539763053
539369775
610665262
610337578
619709994
615524922
548629050
548588063
563137229
579906253
579907212
571511436
840089996
858915325
824312175
1612849511
1893934439
1889545508
1890594068
1905265924
1468008708
1472220436
1464073508
1468180260
4119044720
4253196997
4253201094
2643500518
2509539558
2536802342
2670581790
2654873614
2520656142
2537431566
2545820190
2511209006
2511078127
2511078317
2511093916
2372721804
2368567436
3475994764
3341183164
3324406172
1445341583
1457923215
1470431374
364118159
342884845
338895597
336601645
336604709
340797957
272657925
281046535
298147607
289688871
29650231
30374919
13523971
5200947
5076321
4801907
5162819
5162691
5174979
55555667
38707011
47103939
382643649
382709201
1455730145
1447344480
1380747616
1917618400
1913494752
1980675216
4128170369
4144915347
4111344290
4095616675
2491026051
2494237187
2494040353
2494060581
2494064676
2494098460
2628296717
2628493607
2561314850
2561310754
3630713890
3626502258
3626305730
3626121362
3642900114
3676451459
2058490499
2055410306
1518364290
1518398118
1522592422
1518402471
1518468015
1585904573
1590095349
1599063541
1594737141
1561186773
1560728007
1594283463
1598541302
1564764642
1560570338
1564949490
1556488082
1556234194
1552103350
1484813734
1506868645
1506868400
1565646016
1599184320
2063711568
2031203601
2031334705
2037490977
2037622033
2037562625
2035480848
2035374384
2030115104
1493376288
1497501984
1497501729
1506939153
1489109249
411255555
411103827
411101751
415365687
482605335
482605303
486766727
504764551
504759429
506921349
506593973
519180967
515007142
1050731174
1050718882
1050722274
519088486
519088422
519220022
1592966934
1592964871
2119341845
2117305632
4264598816
3996163104
4000363808
3983713024
3967201792
3960918532
4229300748
4229825112
4231987816
4231282216
3970185257
3970172970
3970222106
3970218058
3970213898
1826994186
2016773194
2033619018
2067177678
2117492935
2116432049
2116420000
2134258592
2113217184
1821385380
1972578948
931277452
931342989
378559373
382794157
382774745
382771659
1456505291
1993638251
1993842987
1985455402
1985129518
1985195038
1985066062
4265705542
4282630646
4282577318
4245053863
4245041591
3713401781
3721856933
3755284404
3751096308
1603544660
1442067989
1442067205
1416901389
1148462877
1144028479
338950431
389462287
376871175
383027461
383552517
375161863
371097607
507416646
507441238
523133027
489566435
489621217
1038945952
1035738784
884816512
348072576
348072576
352127633
284105394
280305314
1353985958
1358177382
1892967471
1886707743
1903469581
1937023241
1945403928
1941210664
1906167353
1889357338
1955481962
1423890666
1428089066
3743279322
4262782090
2115293322
2115469706
2127987418
2123793147
2140574329
2144397049
2101407465
1560509929
2130924777
2097348841
2101411929
1950355465
885207051
885141785
885134648
886443833
886377017
877947433
359983881
393521995
377260427
913083578
913151162
845526202
845590698
862367930
863154650
869458282
861037355
290595625
289612585
269496617
272658728
809827624
1891928360
1619299100
1619364621
1619430221
1623697997
1694869069
3860234829
3794174669
3794195093
3794686629
3861779111
3794547367
3806602918
3802414246
3802406046
3802143902
3818919102
1638011982
1638036494
1889692686
1894803726
1886415151
1886599999
1884429085
1893075741
1893076764
1893138716
1884619037
1883504989
1883525615
1883566566
1355080614
1355077526
1350618759
1350684309
1350814452
1350762352
1354952016
3495161168
3495079376
3578967505
3612775825
3595995009
3595011971
3595014531
3596079537
3596054881
4134875425
2004103973
2004099887
1969496619
1970611755
1970748202
1979128122
1475807259
1459050571
1458895049
1457820808
1189380488
115769752
115798488
116793624
1188439080
1184245801
1184180522
1119304042
1123355098
1115447690
1110229386
1093566858
1076793738
1089376650
1085186462
1086173095
1085582305
3222580193
3222579937
3222579892
3222716032
3612774080
2530641600
2528290512
2527178336
2531307040
3202393632
3202389537
3194081845
3189862951
3190825511
3190825958
3207668198
4285609134
4260367534
4260628654
4260628623
2112891023
1534077135
1531981263
460528989
452084773
452084791
468907031
466871303
458292279
189857059
189857075
458407379
454213011
503428531
507557283
524326290
499291522
499293570
1574091970
1599249410
1597017139
1579199523
1579199523
3727813687
3748822806
3715243542
3698462262
3706916390
3702527590
3702527718
1286938614
1285832183
1285831141
1299462372
1228155092
185609668
252962244
252879812
252883776
487826257
491828017
491828513
491830304
1594932256
1594932256
1595063312
1595063296
1473428544
3616735169
3616689827
3549564578
3553887910
3543402150
3543144182
3509790022
1366435086
1357997327
1353770303
1353772335
1349562175
1345370975
1360301055
1392824255
1376567743
1376727181
1377706121
1377181833
1398150585
1404452715
1370893099
1352952618
1352985866
1352967434
1155833866
1161081130
1178452778
1176388142
1176126159
1179271885
1456128412
1456112828
1608432792
1549183176
1549187401
1567791375
1601210654
1584442670
506519614
506486814
489762934
1009909927
875692453
888276896
884084368
833818240
850482816
311489216
844145168
907059492
907060517
858891309
812839983
821216283
821478411
821414985
877983977
605354217
605339113
633779769
798401081
2123801145
2123669787
2121588747
2117401658
2134296618
1966524462
1970719086
2113333758
2142664142
4159979982
4143235470
3598013343
3595985575
3612763815
3587587749
3589607077
3719569061
3719577525
3719572887
3723766935
3723504823
1550925223
1559369655
1558316695
1558386355
476063473
476063457
203436017
203435473
220212689
220232145
492853713
526506449
534903249
132381137
132381649
132381681
132217713
232880993
492927265
492927281
476150067
492927251
492927282
492961074
526450034
526497106
509842758
509842886
1047633366
1047640566
1047640439
1055112055
1071823445
1029880389
1025687045
1008891397
1008935733
1008955687
2082631719
2095235107
1822590263
1822465797
1822468612
1827715588
3992099332
4017265156
3996293700
3862077140
3861958380
3861923500
3866105516
3866100653
2816541101
2950758573
2917339375
3991085182
4255130678
4255132694
4255131654
2112038918
2145527814
1608660998
1608678422
1601328242
1599095010
521162962
486629446
487743559
336737605
336994133
341248757
349637365
366295701
902834837
399523477
399580829
391186365
374363565
374366381
913334445
913339551
913440223
853802487
853735911
316930535
316897351
308509766
321068103
287513975
342040423
350435941
887298661
882969205
887110261
887122497
887221057
878836049
878745969
874576224
874576224
1029962608
1029896816
1038350944
1038121504
1038121505
1038106406
1071742246
535002150
534936614
509860950
509737030
241301702
241301966
266598862
263379422
263379422
229834190
77788631
77856245
81919460
69270884
69311332
337877844
354662976
354598464
337821184
337878544
471973424
471907872
1545715233
1545845281
1545730659
1596029683
1583495874
1583488706
1591872962
1587612898
1587547362
1587555554
1570777202
501295170
501315651
501349441
534901824
522449936
388165648
891474176
874708740
874707508
878959141
878729765
891304533
924860101
909328007
909254031
921701551
934283439
934283439
933443727
396503239
383937735
132343127
123762023
392197479
358677863
358743415
350484851
363067763
363067731
363067731
367262066
388103522
354549026
354530611
337884435
342013203
350469393
81916976
73462832
73463088
90371348
99809029
80924167
75680259
92494610
96561458
1171286322
1171286322
1205073154
1190301954
1181909762
3338044162
3333849618
3332215778
3332155297
3332157348
3336350628
3325873068
3341748876
3291364996
3291360849
3224248610
3236307234
1085546786
1085546498
1085562883
1085730816
1102484544
1114080448
1109691520
36030592
35117252
33942116
302311980
306474543
314861114
314925642
39084366
41730158
50184303
64897143
55473365
21769444
72104372
72276868
80648837
349616773
483901077
502572727
1070900966
1054113830
785678374
773104679
773104679
773103653
773103653
1863774245
1813402085
1815479229
1815478921
1818694297
1826954921
1822702249
1822702249
1822702251
1839475594
2141464970
2120494282
1579417802
1445331450
1982210794
1987453678
1991664366
1989436374
1452564934
1439982022
1410802054
1410741638
269881286
284561382
1354514287
1354507565
1889804584
1374969864
1400172552
1393934344
1427604536
1430759736
1977002552
1977002555
1910413850
1910230538
1440334154
1442431066
1417265274
1417236602
1410883691
1409819757
1410034028
3570031212
3582642796
3599420940
3599418884
3596255812
3596350148
3336102820
3600343460
1452826799
1470045358
1473657006
1395985574
1394738358
1092751750
1092760526
1097015822
299917855
299950648
65072904
66104072
45463864
45385961
43878570
48155786
37109898
120979594
70648734
69604078
73736942
82060014
82063103
10828501
10886132
98831268
116677300
116450949
116503494
1189253958
1189511438
1474793774
3584343334
3571751719
3571759653
3571759661
2498730559
2498678559
2239302959
2369258543
2369266735
2372549678
2380930350
2343182126
2344292110
2327322126
2327342670
2323173182
2319288686
2319354238
2334050638
2299980110
2286414159
2286274909
2286419805
2286419837
2286223229
2303504749
2303570301
2303701373
2303693085
2303701308
2379066668
2379065380
2379061284
2270005284
2265434164
2266417153
2199277571
2199277827
2205549315
2180907538
2158954034
2158828066
2159811106
2159819618
2178693475
2203874627
2203996483
2203996483
2214491987
2180874099
2180807523
2180799331
2180831587
2205998561
2206184901
2206118341
2281615749
2248119701
2239535525
2239535523
2372712867
2406267303
2401760695
2368135553
2351096705
2623726480
2623730352
3697344160
3693144752
3694144176
1546660480
1563569792
1597128576
1597115841
1601375458
1605385314
1605397554
1605428230
512795654
378581078
378646615
378712277
383161588
504810724
504658144
504637552
504637552
521480416
490093936
473040641
476185091
417464833
413286929
413193760
951103008
951103008
999339620
987017972
987210645
1044898231
1040604326
1040582894
520501294
470157374
339941646
349372174
1425192462
1420199438
1152157214
1168674662
1337493670
3482945718
3418003606
3418290390
3396756966
3409077110
3413271110
3654472275
3687887713
1539353952
1514186848
1509996784
1509996752
1510209728
1510090817
1510091843
1510095938
402791762
406986466
411508386
478612130
478940855
478969492
478717588
482916244
487103924
520863152
387627504
372946976
103385136
36210704
36653056
36576257
305015809
305014529
317593251
314443443
331288451
279711107
15466627
6557873
6361508
14889708
10498600
10494504
1084255784
1084254760
1084287545
3231759130
3231877898
3316812042
3350433034
2393997578
2394128474
2394063098
2662510826
2664538287
2664735141
2669057428
2636025216
2636039632
2619277808
2618831201
2618892577
2625249571
3166306599
3166308119
3032369735
3569240773
3567049437
3575401132
3574337180
3609003720
1377702856
1916604520
1920741481
1922900201
1939808459
932143307
332259466
332169370
323783850
839747754
1917237434
1926670730
1922480522
1922276746
1991291018
1995477210
3580919850
3560075306
3559268394
3559334191
1424437037
1420704292
1420692004
1588333108
1525156356
1513626372
1243231232
1243217984
169476179
169738450
142488018
1224151666
145035890
145035874
143929958
1216668270
1216652270
1216653821
159688892
159758524
189774012
1309317516
1309313420
1176141964
1178239116
1178255540
1110007973
1109942437
1126917093
1358586583
3501900535
3501705837
3501509165
2493831725
2221189935
2217011487
2267540239
2250666511
2254832206
2259026686
2393244646
2393137638
2409914594
3488893987
3461662723
3457542147
3457607681
1310125057
1310127137
1578533923
1578549315
1561778115
1549190785
1154993857
83217009
1154841393
1356081441
1406412833
1381248032
307174720
306843456
307891904
324668096
291060416
290994881
291060561
324558115
323535907
307019810
307077126
307073031
323781686
286032994
269456626
273585650
273585554
273595794
273530258
1355332018
1355790738
1473174211
1456405059
1188964883
1316826659
1311516194
1248600610
1256989474
1254043938
1253770274
1253772290
1252674562
1269536962
1273739394
1240045970
1214815634
1214878866
1215008914
1215033522
1223422115
1223422181
3366809957
3371003692
3371969324
3363580700
3358878557
1211591629
1211513231
1232539022
1274282382
1267990974
1268134830
1272128422
1238377190
1213211250
1213214210
1221802498
1221671698
1217424162
1234204962
1251236194
1321490835
1323203968
1322941824
249174928
268065680
209353600
70966144
69897088
69897536
338464048
1948560672
1965076260
1713412900
1713412644
3862149684
3860048436
3875772980
2768411156
2752679444
2756890212
2767645284
2767506404
2767473637
2759592807
2776378198
2776443718
3045009174
3045003574
3052208166
3035430950
3031171126
3031266366
3032344670
2493294670
2626463822
2626529999
2647571197
3072232156
3055455812
3055519300
2988212788
2719785508
2724110948
2726216292
2725888740
2738407397
2703818727
2703804898
2703903154
2708359602
2708421042
2741774770
2741779858
3815642498
3812496770
3783146882
3783207058
1643915426
1639725282
1639725298
1673295874
1656597506
1656660995
1660859393
1652536321
1648145457
1648137249
1648342049
1631493187
1614732483
1614694851
1613629923
1613502631
1612982437
1616914853
3768725429
3768713941
3786605253
3819962957
4088422927
4088455727
4088455722
4059555370
4051127866
4049095178
4049095450
4049164602
4124727322
4126824458
4126821450
3699097802
3698905546
3697045882
3712753962
3654033706
3683459370
3666747690
3666750762
3670681882
3662285131
3679066570
3411746267
3388474523
1235746953
1235746955
1236811979
1272701435
1231021419
3378425131
3377376570
1271905562
1271434586
1338543611
3755582905
3747263896
3579479432
4118448008
4117401496
3077156520
3005791976
2738396780
2721691164
2721755676
2738520620
2704970276
2709452324
2709507621
2708228705
2707966691
2707958755
2741766583
2741833110
2716736982
2716736982
2699967958
3773769974
3773573350
3773593830
3769423998
3820329038
3820205134
1674813447
1632743429
1611763713
3758199825
3758204979
3758270499
2752702497
2702633249
2732476960
2734295744
2734296704
2729973376
2729977504
2729976483
2749899430
2716344998
2707952022
3781821590
3782085766
1643985046
1639725254
1639200774
565453838
602153230
602349834
862351642
828797226
830402858
813494570
274518810
274253578
274253322
273270538
274385946
282785850
278571034
1440393226
1165687822
1333459982
1316733966
1322828094
1251590446
1251635502
1255874862
1247355166
1245389070
1262105354
3371840058
3367646762
1220025962
1220050539
3367530217
3362316281
3362293705
3362494345
3656103833
3647578041
3643318201
3643391400
3644505528
3648700312
4191860376
4259037880
4250485432
4248330920
4248396456
4248560040
4017856680
4026047656
3891824840
3883448520
3879447112
3812272712
3795495496
3795752520
2738340568
2737914600
2742043305
2750427627
2716074478
2716140662
2700020758
2699832342
2699569182
2699573278
3791206478
4055514318
4053433494
4053456021
4053448068
4057507716
4047021700
4030244548
4030441044
1881841956
1881862199
1882112022
1881932806
1881418806
1882466598
1886866278
1909869543
1922485127
4069968773
1924582789
1928364420
1919988452
1651548900
1645535973
1645503205
1645568741
1645630437
1649754341
1658111205
1656540277
1656531013
1660725509
578599703
572299574
572360758
572431414
572435494
639282230
639298582
773519382
790292534
723183654
693795878
693829662
693829918
695927071
679149919
679150431
676925055
685259371
681077355
697952891
731638475
715119307
719091147
709652619
789512331
755896495
739123375
743253935
616898215
881266327
881139335
881163911
897904263
931442247
914664199
918858759
907394071
907514903
907473943
1041686583
1041657975
1042170343
1029654503
953112301
948821629
948821533
948763167
969730591
994896671
973924638
974056734
974052414
978306095
978277421
978251837
986628445
1003471197
962577749
945800533
945804631
945675607
945682806
945810294
945806166
947867478
964382678
1004230135
987308519
986194413
986194429
986260957
986396541
1071341181
937119481
936971145
939067787
360266890
356195466
473502874
473502138
477827754
482022058
480969258
212403770
1286094394
1286089274
1286089258
1286105658
1286138490
1319677627
3468205993
3466106280
3465130424
3470307768
3457717160
1328121384
1278135836
1278085644
1156459020
1151675180
484710444
472135788
472647916
421334156
420424836
487328900
486821301
486862231
521584023
509524887
517913495
517914519
920428438
920428502
914145078
896507414
879414798
820668942
1894648367
1894649645
1894726957
1894530093
1887192125
1900299469
1933886860
1363511180
1363541916
3511081660
3561380604
3569777404
3565644412
3565627967
3582340622
3315016206
3486777710
3472105582
3472097390
1322516734
1322610895
1313202317
1308991692
1225634828
404653356
404392204
406489356
410626317
410577693
423426349
456949037
976671519
980861711
986891135
2122416495
2122359277
2143330797
2109777373
2093202845
2084748701
2084747693
4232239597
4106407405
4123197407
4123256671
4156815199
4156805663
4156814943
4148426623
4148198766
4148452478
1996823774
1443306702
1984388302
2001032702
1942307182
1405571951
1439134327
1422356999
1422258947
1422161155
1413758003
1543772211
1543977075
1543649651
500317137
512941761
1588758209
1587577537
1584432081
1511039971
1509990886
2046862694
956540710
2017623590
1480726038
1480662530
1480736274
1480727346
1556220194
1552353762
1552162226
1334063490
243560835
243573124
176468388
180662372
235189284
235178020
252033028
218605572
471316740
471781127
471728646
471728710
473838278
410391526
414581094
462881062
445911103
444869660
511978552
247753016
503638312
369416488
302271960
302993289
308234121
855496635
314415035
314414011
318550954
318550442
327004586
293445866
275554350
1349357614
1349494062
1911531815
4058950180
4092508676
4075723268
4067069444
4130898628
4130882293
4147909375
3778945774
3778880878
3781962798
3773565998
1622936622
1639848990
1637753871
562832397
827073549
822887756
822920700
822985213
827314669
827322856
826995688
810283640
273388105
273258057
273193691
348699611
1423485339
1152944539
1153011082
1153352075
1174323599
3355361741
3346462156
3352750444
3269257572
3269257508
3269256452
3269346052
3269083652
3283759671
3250201126
3237552934
3229373734
2417806374
2434567207
2433518663
2433000773
2428810820
3498544837
3498548887
3499096758
3503041190
3490196134
3524988838
3527031990
3530173590
3534367878
1185623106
1189637122
1109976066
36282370
53125122
19562498
19628050
19563522
20629507
1705985
1771888
270220064
276376096
284962340
278667876
815538781
298582765
332137134
63722158
5097462
1087363062
1087233526
1087355350
1083156886
1083025814
1083046290
1099811251
1133434244
1184813444
1180623252
1178427812
1178345892
1194615212
1161094636
1410640172
339126589
875923743
878741774
350267919
350388741
350388741
204636675
1278362163
1209016867
1476421155
1476519971
1518508067
1518503987
3733358593
1587452096
1587449216
