4242931006
3974493502
3971265802
3988043529
4023691032
4006719336
3998334952
4009860520
4009854888
4009792408
3976258440
3976455096
3976393129
3981595049
3990045103
3992147454
4025701758
4025709886
4024565050
4024495387
4024494345
4024563976
4025613080
2943613752
2909986616
2905854236
2909880653
2901471742
2897343470
2895368942
2897368806
2767412982
2758901398
2753677718
2753677526
2757876935
2774658245
3848465605
3848463428
3882014004
3882075428
4016129828
4016076564
4011927317
4012058421
4016518437
4024894759
4024894839
4025958742
4023898566
3990217174
3989102998
3972326838
3972326807
3963938183
3976724421
3976650741
4011218916
4015391332
3892249140
4025287484
2947354941
3215733023
3085772042
3052354826
3043981594
4253014910
4236106750
4244439006
3975985103
3975459279
3975647711
3981873663
2807476719
2803020279
2788282871
2788282855
2788225511
2804998637
2809226733
2784097772
2780028284
2763185436
2763251484
2766208540
2766208573
2774658623
2770525750
2804074038
2804007734
2804994102
2803953782
2808140022
2816656614
2812728550
3890633974
3857079766
3982958550
3978641110
3982770166
3982508022
3990962134
3991089094
3991089094
4025708503
4021673973
4021608309
4009030932
4000637956
4000636932
3996540949
3994440039
4011197286
3981903854
3990165230
3973390254
3985915822
3985910206
4019485087
3885332876
1737878988
1744104780
1735701772
1698137372
1698071836
1698084156
1698006333
1695845695
1695915390
1700245358
3847728751
3846676079
3846278718
3842033182
3843094110
3843286894
3845351278
3979565038
3983738342
3990947046
3987016951
3988065493
3988208836
3992333764
3983945668
3983699956
3983691636
3992014677
3991958869
3987760581
1842472389
1842603461
3964794835
3964796914
3960601570
3964902370
3981679474
4023622450
3874724370
2800852482
2792396293
2787161620
2787156516
2787157540
2787425572
2938424356
2904868900
2909784100
2909685797
2909690213
2909698423
2909698935
2909559415
2917948023
2918144631
2918079095
2917980759
2917988951
2917988935
2909600085
2909599829
2909337685
2909403221
2909468789
2909468789
2775251061
2775218279
2775218279
2775218679
2775153654
2783542006
2783673078
2783869686
2783836919
2783771351
2783771335
2775382981
2708273621
2708273365
2708273365
2708471029
2708372725
2708372725
2708356333
2708356335
3790486783
3790551551
3791469023
3785308511
3784276831
3851254607
3888937807
3888938831
3989601887
3964499927
3965548503
3967030679
3898629301
3898727589
3902994661
3954358501
3934436309
4001607367
4005605063
3993020038
4009866934
2802294694
2802108582
2736572583
2725890215
2733296887
2733272391
2741659143
2708104711
2709251639
2692531751
2700922405
2700921405
2717698333
2716596509
2716530717
2741692477
2741627197
2742607133
2738472205
2736506653
2809845613
2809782125
2808663917
2917718903
2909329783
2909403511
2909370487
2909501527
2909501815
2909436407
2783862519
2783862519
2783936247
2783739607
2917957463
2892791631
2892823887
2758801759
2758736255
2758736255
2758671199
2775449439
2909663583
2775576927
2775445851
2775347675
2758562235
2758753467
2775464123
3882760379
3891148987
3874306202
3874307210
3870240906
3886444682
3852922907
3836129599
3835995404
3840190732
3961826052
3961907732
4012337684
3996532516
3996518372
2933326244
2930835879
2929787302
2947616934
2947560630
2916115842
3024121282
3019959746
4093668226
4097928067
4123261329
4085406881
4068629665
4068885651
4074128579
4067877955
4063689731
3798449155
3815221303
3764824871
3764881959
3764750895
3760491039
3762073103
3759969807
3775694397
2702018093
2702151469
2703023405
2776483949
2909722741
2909730935
2909698423
2909698422
2909763958
2909633398
2918021750
2918152822
2918087287
2918021751
2917989079
2783771349
2783772629
2775350677
2708239509
2708223125
2708288660
3815644340
3815651508
3806738596
3802544293
3802544309
3802626199
3819305094
3785861446
3785862918
3773150726
3760494086
3760502326
3760502310
3760518694
3760461095
3761114279
3777957029
3815639221
3824032949
3819322549
3819322551
3785778583
1638196551
1621404935
1625599239
1629812999
1663310615
1646730231
1646664615
1650855335
1655049639
1655113127
1671763335
1671704775
1906597895
1894047775
1894035487
1894036543
1906613289
1906743337
4138174505
4142180377
4134836315
4135487595
4134440043
4142843371
4142842347
4125868123
4234768393
3156829209
3156958233
4230573368
4251545144
4255870505
4255866409
4255895161
4255768523
4293450890
4268289210
4129875114
4130194602
4130260154
4130264474
4134430154
4117587146
4100795850
4100926922
4042132058
4042132090
4038004330
4037807723
4042022649
4050413256
4084000456
4092520392
4088325624
4088387048
4092380392
3547120873
3526149241
3526218843
3543037051
3543039211
2435719145
2423148153
2423152201
2431573513
2964321803
2964121099
2964104746
2985076522
2985067818
3018693950
2976770334
2972580158
4046408670
4113451918
4113465230
4117654927
3858719885
3885855901
4089311420
4075614444
4067221612
4063027244
4062765101
4062896429
4067063599
4054474303
4054473278
2963937839
2968455727
2418805471
2418821837
2960060045
2985224077
4088312221
4088238333
4138505455
4134321199
4130126890
4130331706
4130235402
4130219018
4146996282
4117631274
4109238830
3702194750
3702198814
3702072026
3702006409
3433588360
2359880328
2355677832
2351467144
2234091944
2234251688
2234183115
2238374858
2271888330
3345560554
3328713066
3337101418
3333038191
3349814509
3349876205
3316144637
3311984636
3307767788
3341582840
3593449929
3593380041
3597574235
3731727483
3740052587
3731729515
3597655147
3597550699
3580838011
3564073055
3572426239
3572430335
3572420551
1961679751
1886186423
1898954135
1932444807
1932443783
1932443781
1932509397
1902932069
1885889828
4041764396
4037618220
4037622332
3521657437
3555270221
3546945485
3538555335
3534639303
3551520247
3551389167
3551325679
3530331375
3525870719
3525935182
1378545742
1915412494
1936417834
1944743210
1944747567
1944734255
1944800783
1927831119
1927833293
1919477741
1932322797
1932519389
1898905037
1898896845
812633541
820829431
837612783
837612782
837580014
1902933226
1902913002
1932294123
1903089275
1911477883
1907351131
1911348747
1902963215
4050430735
4050626847
4058955071
3555646783
3555673375
3530310975
3530306879
3555600173
3551426367
4054734655
4054605679
4042055533
4033666877
4029648415
4029648655
4046306575
4079789071
4063015966
4068261934
4093497454
4127125742
4109005294
3035255534
3035317995
3035221723
3035163341
3051940429
3085741645
3077422605
3077494285
3010381325
2976761709
2976140781
3009701295
3009881247
4080481415
4134994101
4135010469
4159066597
4159586597
4159688965
4126007301
4125941765
4100775941
4096587069
4096621357
4234832431
4235074287
4243524543
3707582854
3707577478
3699179654
3572301974
3568239014
3568120742
3568068514
3568070531
3589074819
3613977985
3593180561
3593114065
3597308353
3597398085
3605590101
3538481508
3538474276
3513376044
2418663212
2485706524
2485774093
2422990349
2431575565
2444138015
2444135983
2511310447
2515308079
2502741279
2502743054
2502942734
2502844446
2674794542
3748532526
3731751462
3731817014
3731698206
3731699231
3731828239
3727452687
3745278733
2671635293
2642340173
2633686988
2361049804
2361115356
2360918636
2360894052
2628280869
2628280613
2498293799
2498282534
2490092598
2486093894
2502867398
2537470406
3593968006
3593768086
4130641054
4134974607
4141257165
4141068764
4131496828
4128350588
3054625068
3054625069
3071500589
2807263599
2815653743
2781970415
3163642351
3162593791
3167844823
3168042439
3159651783
3040310599
3073798487
3077722485
3220624243
3214398259
3214275379
3214190355
3184830259
3176441123
3172437347
3205926227
2937490643
2937511379
2937314771
2937183731
2937191911
2937187813
2941353317
2949775157
2949901845
2947806741
2947675669
2949706295
2941318774
2937124470
2937118182
2937179366
2907883734
2916272326
3992091846
3992091846
4017124839
4017104357
4015072741
4015207925
4023850485
3990164981
3973414353
3969346897
3969314563
3837263619
3841830723
3833571139
3850298179
3879650113
4131275729
4131325921
4130608993
4134813029
4273216871
3199474983
3199483166
3199692110
3214403406
3180853070
3184915278
3176510287
3158676319
3159733103
3176523567
3210017583
3189103407
3193801517
3193805621
2927475991
2927210765
2923074373
2927264453
2944062101
2943079077
2942916517
2938651045
2905342117
3979083927
3831898319
3840286943
1689661679
1689596139
1687430555
1687497099
1960258443
885340859
881076922
881077914
903094922
366228170
368853770
363381546
397123882
397058345
531278889
510307385
506047497
522761241
489325977
1576699544
1572504200
1572505224
1574477496
1561898984
1561896296
1429759256
1430205704
1432748299
1407582522
1407320426
1458708970
1456501162
3594838410
1455726986
1451527642
1468893481
1468696873
1457174841
3606751257
3597249544
3597180936
1449771209
1445871769
1446912429
1412834213
1412826805
1417022100
1425214100
1420897204
1152396260
3304075044
3294637364
3315625236
3315653908
3315651892
3315651894
3315659046
2246373734
2222294438
2215022494
2215029646
2219158430
2220141214
3588012686
3584007823
3556677263
3548287711
3542930157
3509371245
3508908333
3509051455
3576160271
3576128525
1428581385
1466333195
1458460682
1459488830
1459423278
1450707262
1584924510
1579754059
241836747
267006669
216937437
217985981
150812661
148188023
215431959
217340710
208993062
208989478
259453255
242651589
251036613
251036660
181699556
1251258212
1251257637
1251392773
1318489095
1593082918
1580241959
1580706839
2117515333
2116454597
2066122900
2066664868
2038264229
2017207191
2082218646
2082353894
2088645158
4238616098
4238616098
4239139106
3702267906
3753402374
3734758470
3465255109
3733493940
3733502372
3729295780
4262169476
4263153604
2050659780
2050666820
1764659557
1747956069
1747444997
1747178756
1747043620
1748039524
1745938404
1758486181
1808817815
1782595206
1782594182
1778465430
1778596790
1782790566
1804802534
1773340775
1756580869
1822518276
748741636
744547584
674280752
1748219169
1746132770
1750327074
1817299506
2085714450
2085781250
2102557954
2104646914
2113029186
2108867793
2108867824
4255286720
4289103680
4276586048
4263810624
4263564848
4263573024
3995135844
4000345957
4006703085
4023608831
4019286490
3952136314
3956327530
3947940906
3945814026
4195379210
2047944714
2048010559
2052200237
2060845853
4275503711
4275385055
4292174782
4241908630
3705037702
3696378758
3696313223
3570463741
3565479788
3028593964
3046419756
3046414616
3080501512
2818545929
2801699087
2793310527
2787085614
2920776766
2937491486
3977683007
3960922415
3960889647
3893834607
3960484839
3964666863
3966764015
3975218175
3971026941
3968932701
3163765517
3162581772
2491427596
2508204300
2274452748
2257813772
2526512076
2526381037
2526843823
2531038126
3059516846
3054802350
2786439598
2786505214
2803283322
2903942426
2905779258
3979521083
3979607081
3979410489
3979410489
4013028665
4017348457
4017344105
4025732713
4024553083
4024491899
4016106874
4017218938
4017288570
3983720799
3983721567
3966891103
3966823799
3966888423
1835260391
1877199222
1877067902
1717880958
1717627263
1717823839
1717758815
1701038879
1684261655
1685441367
1685450071
1685384695
1685450239
1692912127
1709689343
1743112703
1735777247
1735781341
1735650141
4017348477
4016164221
1835064701
3982552189
3982618109
3982682109
3991061085
1826832989
1818575673
1818513721
1818517561
3965740088
3974265912
3991292216
3890629464
3873921864
3873831881
3865373641
3873766137
3873951467
3890726651
3873755850
3865375690
3865371514
3882279274
3849777450
3849770042
3832937534
3828673662
3832933630
3833068799
1684458751
1701301759
1701301207
1701174007
1701178103
1734470263
1734605335
3881945879
3883257111
3866422295
3866420565
3866617853
3866550013
3882274557
3991359165
3992278716
3975182040
3975176665
3975176313
3975500859
3992279067
3992283259
3992414331
3991333242
3991329498
3970420426
3975529034
3975463498
3962888970
3979666234
3979797290
4013355307
4013310315
3999614075
3999549659
4024719578
4024916218
3991042554
4025908186
4025973706
3958728650
3958662606
3958727166
3958788590
3950395607
3916841095
3979748487
3983877285
1844716705
1840526757
1872053669
1704269268
1691626944
1679042880
1679043329
1679174177
1626737185
1622543873
1639321153
1672742595
1658075075
1658062819
1657079714
1652823970
1652844498
1669621702
1673848646
1673831702
1673899287
1665510677
1632106772
1632042244
1611070788
1611068756
1611093500
1627653612
1631849964
1640304109
1673989103
1669815278
1669693438
1673822046
1665431374
1661265870
554035150
554039038
558188270
558124975
558649327
1640885759
1640490493
1674044885
1674048853
1674036509
1675085085
1674966301
1666575639
1633152351
1901526495
1901517311
1901513135
1900535215
2009464253
1992684943
4140167565
4131643853
4139967277
4141082157
4275070509
4292095501
2113220109
2092310029
2092305963
2097090347
4244376939
4166790379
2014588090
2013542538
2030053582
994126286
977485070
977477391
977346367
985741101
1002579757
969028900
970134820
961549605
961817877
957618437
1025771781
627964279
627964279
627964279
627947895
762166647
627946999
627945911
661500351
661500351
661500350
644726718
1714273214
1714273214
1731050431
1714289086
1731082670
1698053550
3832686526
3773965246
1890714622
1889547262
1906320734
1906320735
1939891229
1944187917
1935848716
1932702028
1932693852
1932624253
1930723629
1930723629
1899340093
1899405593
1966514953
1968625433
1951850297
2088069929
2087988025
4235536665
4234557769
4242672073
4255319449
4288741785
4288741785
4272972217
4272972267
2123424751
2123424750
2127587310
2135963630
1561342446
1561465311
3708973531
4245847547
4258453887
2106640670
2140207374
1603332878
3752979213
3753006860
3723625244
2381447980
2373071660
2368943404
2305891628
2307923255
2307923206
2307926286
3415227758
3415481830
3399224742
3394985106
3390798978
3459873922
3459836034
1312417922
1295756675
1279176067
1291759489
1285465984
1285459856
1287425504
3430198560
3290728737
3290863891
1411791106
1411791618
1416510210
1554911009
1571751904
2141991904
2124681664
1583612164
1580581124
1580507412
506766636
521445164
471116325
475441718
1011269334
878092246
1952433558
1952432534
1970947222
2004503750
1995074630
1995073607
1994975351
1986587943
1987898671
1734190427
1742505465
1737262569
1737270713
1741480120
1833787580
1829183916
1829134764
1863739116
1876358892
1855115068
1861258508
1718660108
1982901260
1999804445
1993513775
1720879662
1719831086
1724112446
1644418574
3793076750
3793699614
3762230063
3761911613
3832160079
3840609279
1688742831
1689791407
1689792414
1977358222
1707884942
3855007934
3851845871
3853954095
3854018589
2763302924
2759109388
2754914844
3023418892
3023467021
2956866246
2956920486
2958823334
2963017126
2694330550
2963094710
2982147207
3015617668
3001986052
2989329412
2989271300
2989271556
2988879364
4062631428
4133896740
3068461670
2799964838
2799968430
3068396718
3068396782
4066839806
4062584014
4045809806
4034341007
1358309804
1419119276
1419184828
1418987148
1471427276
1458840141
1449419321
1445253417
3592455208
3575941176
3559307272
3699288840
3707677195
3703089674
3703092746
2678612506
2666070634
2682982634
2628452590
2628452526
2498363581
2498448524
3563808972
3559586252
3308161900
3324426700
1176954191
1176903758
1182072906
1182007546
1456739818
1474179050
1423846122
1423801081
1425833673
1441595337
1298974027
1294841163
1294918970
1295918890
1295918890
1308432174
1170146110
1203110718
1202066286
3349438950
3354682789
3486825860
1199746436
1203941268
1170247588
1157662372
3306275556
1160954725
1076097319
1143070758
1155751938
1155686403
1289905411
1281506566
1282611990
3430304022
3481192710
3464153350
3472542086
3468332422
3467215238
3467149757
3468198316
3468206508
3480789420
3443163556
3442381792
1411822192
1428660768
1461756448
1461773856
1596119824
1596086272
523376640
525473793
408033281
475468807
484311302
484311614
479920746
496509610
530063018
516451259
516483225
248031384
248118424
122384584
356200456
342507784
279626281
279623209
279879211
1353485867
1408009787
1379697179
1379709899
1395503499
1361954187
271518906
271453354
808335530
817249706
816981930
833823370
328467082
315884235
307558265
303342889
303342637
303931421
370974989
375169805
374903595
374964779
370853419
354028042
471743242
471736142
478023118
414584246
414512294
1486136486
2021960838
2105844918
1590010022
1590079619
1581682881
1444315333
1446494708
1379669476
1915497196
1916545772
1937119916
867568300
867437468
867435917
334762191
304472287
322166878
288485430
275895586
284413810
284351186
284388034
15739538
32779937
49616544
49684368
49683840
48630160
65341840
31730160
14952928
14970661
6616871
19187495
19187495
40162599
40152355
48605491
45062419
45059345
50171184
39421296
51021185
689537
951681
68074627
68455590
341089446
343186662
351776102
1425452566
1559669254
1559669262
1576331790
1576332862
1607790110
1591137902
2126563311
3737183725
3737183484
3728794876
3728782452
3590435956
3590828048
3590770688
3595485184
3604955184
3621729380
3588107748
3571325397
3571325831
3573156486
3501989526
1354528678
1375524270
3514615214
3510420926
1363000782
1362488654
1345710430
1903683951
1903512031
1911827917
863321501
863319485
863450541
863384493
863372205
863306621
837030669
837079821
837064457
568635147
602249755
585603643
577739323
1915717950
1916373246
1914407102
3591084222
4144952734
4094620622
4108251726
4104036902
3030098471
3029901607
3046679591
3080240199
3057170503
4147697879
4147841279
4113172685
4096665933
1952845597
1889875516
1956914732
1956914796
1956919021
1911879373
1911863181
2010417039
2010942863
2010619327
1473707439
1465318831
3608571311
3608571903
3612501854
3612555038
3622856478
1471178623
1437624319
1437750781
1442008549
1414561269
1410366965
1427338709
1427272901
1360155717
1366377815
1366654327
1366654327
1375194615
1910806935
1910815127
1894226389
3781593557
3781594900
3781533236
3882133028
3877937716
3861160501
2787500567
2787504703
2787406382
2799964398
2795766954
2930575546
2796497114
3078498506
4113967306
4097190026
1953900938
1962280858
1907623833
1941185944
1924167096
1917904044
1444013244
1379045572
1377927236
1394651412
1365419572
1357104660
1889561109
1889872629
1889942242
1894136738
1894128802
1902379170
824443122
321200198
287711247
270676239
274793021
283328045
278936105
10500651
14711578
14727434
6798346
23497742
32408782
31360390
30316454
29931174
63484578
38449794
47903362
117109383
111850421
380220516
384346148
912828460
1713940524
1713940488
573483016
573475848
556171464
539410568
808337580
1882076068
1881617056
1617176224
3768850976
3768846880
4037286416
4054084416
4087836352
1390833280
1382418049
1382418098
1382483618
1382094754
1382036642
1398808738
1365255314
1356999874
283322370
350234882
81799458
98576674
400833298
397336322
1202378499
1202377216
1336641072
1336450788
1294510756
1294506660
1562967740
1466527388
1474979741
364799397
297172135
292702375
1362102434
1092626626
1126197442
52553794
52622594
52576514
65192706
61063954
60863266
1101047075
1369488672
1369478180
1365291060
1159901524
1143116748
1144181452
1410478796
1414606537
349191018
351279466
341838058
291702954
325201290
316825995
111264649
111248312
124821992
70295852
1142992164
1142991140
1143122688
1088588288
1105369600
1138941441
3336685122
3336716994
3336716690
3353493682
3320004834
3571470562
3571507426
3568361954
3568428739
2549280320
2524109376
2518928960
2518795892
3592542053
3605062637
3600868861
3618692537
2545285289
2541054121
2534885561
3474070733
3425842189
3425842181
3428984065
3701614353
1554462257
1554806561
1558738913
1579730337
3727344001
3727344513
1579861633
1580791457
1584983715
1609100007
1554639591
1957227239
1978171111
1475090375
1592729991
1583751303
1601573110
1597180966
1562576934
1277368342
1281698055
1290213639
1285960967
1302737157
1303138628
1287447013
1287446949
1285329319
1285329319
1276483047
1276480999
1144442327
1161218503
1161226693
1160179141
87416293
120954365
1198888269
1207285071
1475843935
1390784239
1390784239
1382516655
1382455199
1382319541
1382319525
1382073765
320873893
321070241
287449313
287445217
291635443
828526019
1910762435
1910749968
1906359072
1910552864
3823151632
3814768128
3814888960
3814887936
3814887936
3815014945
2707727138
2703548454
2687238182
2754347238
2687434930
3761115318
3765309630
1622021002
1622023816
1622031048
833567432
866921032
304884296
304884233
36447499
35913994
304399130
293401131
284992043
284992363
282895337
12354488
331188152
313236892
1941617036
1897839044
1896786372
1896393061
1900583783
1934270406
1913303430
1914331266
1915363474
1982398626
1982603426
2003574950
1957039526
1957038983
1957038725
346110605
350235276
341846700
1466068636
1453474445
1453392543
1453339566
1184899566
1180704870
1193287718
1159802926
1348604735
1352794649
1352824344
278978088
283179560
287353368
320904136
321952712
321949640
288392585
271691915
271753370
821211370
1890746478
1889697838
1889707294
1906486542
1927457038
1914878022
1914886359
1915034791
1914971303
1914773927
870450093
564265645
547488421
547357413
551577089
811658752
811708176
820229392
828485889
828502275
1361237250
1361238274
1365399842
3521136994
3500427746
3518254051
2512377345
2544808448
2527764992
2527781376
2661869104
2661870112
2594728224
2322073889
2317879395
2301233622
2553155014
2565227846
2561131815
2560656421
2561711205
2580589767
2663427207
2663425158
3728848038
3725008038
3608546470
3577088166
4029024674
1881545394
1885743746
1894066819
819998337
828401281
320989121
321033665
321047875
325307251
325114721
333506913
861961569
861959537
321073475
287445315
291657027
836950851
832756547
832625443
832633187
836822307
828436739
895643911
895643919
878854975
878769963
887139115
887139115
1973795112
2007283720
1994692616
1382846472
1378721800
1379913784
1381912872
1390281512
1388184168
3535667948
3504747245
3504742987
1415971402
1147602890
1155803978
1155803434
1156852010
1282685034
1295784138
1295869130
222290378
1568637897
1568572392
1549640488
3722225452
3755781932
3734879516
3734945548
2661254669
2531037743
2529993454
3058545326
3067003566
3083782062
3079523758
3030175654
3034341014
3023854209
4096016064
4096011968
4096208848
1965436128
1726360800
1721896113
850529411
921857155
909208707
389115267
891518883
878956519
820104999
815844647
832620855
836824071
937600007
929210626
929206530
392265762
392212578
386983138
385907938
352458851
335681587
273811731
276171522
283519491
279346755
279334595
279299731
296088211
317039233
308646785
304202129
304202161
304174497
840985057
845179361
870328673
870398295
870332871
862008775
828510663
828523495
811747047
820071143
820014067
836824033
853600753
853718081
845344835
841142339
857756003
824212835
807631715
820149090
832797539
832584019
870350145
333640001
325243201
291690321
274783073
283147105
299956577
300021857
333642817
325219395
321016257
320946675
287373283
811858531
820247139
832633443
836828131
870382929
845320513
841150529
857920849
857791841
828439395
828504931
836959075
836991347
870333763
325071299
325276099
291689809
836951921
832822131
836819299
836823395
861994355
325251394
321057090
321016130
287397235
274759011
274824035
283343139
295730467
299906307
325072135
325211399
325246727
300079637
295819877
329317093
333511653
333510069
308330629
321044679
287490517
270721523
274919411
274918259
283310963
283138401
299924961
308311507
304271811
325243714
325244738
299949922
283175778
283179298
283162914
283360514
295877890
329424131
312728849
317194033
308738896
304511856
304488432
321328560
325390768
291525024
274747809
274941425
274947521
274787281
299952993
299956577
333577571
325154115
304312771
321016273
287496147
291691475
300145523
299915619
299919843
325119075
308473923
325251395
321016131
291594099
274758499
274824035
300120931
299989347
333477203
333476291
325276099
291689923
291692355
300079987
283171682
299952610
333511010
316863810
308474178
304271682
320918898
325123939
291765091
300088161
329374049
333511793
325116993
320991425
287471041
270694337
270686961
820206307
815823587
815815523
836795715
861959619
321049027
325244355
291691843
837016435
836819811
836823395
836828515
862057811
325251395
321016129
321017153
287497025
836950897
836918113
836786529
870345185
861961667
325252547
321058243
291657667
291524578
836823650
832629602
832634210
836828498
828439874
828562755
828562755
828561729
836917585
870341089
870332897
845163745
325267905
325202241
291640065
6357793
14709285
283161125
279033637
278969133
278969117
295746317
329423629
317110991
304515727
304596622
841269950
840995758
572633519
585277615
1654694125
1654693941
601924613
589343749
556005393
555891043
555891683
560081570
564280994
564336306
832771730
832642946
836778435
828385731
291514867
299923809
832798067
870544835
325153219
287560131
287498195
828545875
828496739
828438883
828434787
861994355
845346115
845345091
325211475
291511667
828472179
836926307
295861091
295704931
333462993
333477313
325244353
325246785
300079937
299944803
299952995
299952483
291552610
325236034
325252418
287470914
287464899
287496515
300079955
279107939
278945123
283141475
274784578
274921282
274882370
291637826
299899491
329263971
312555875
312622451
316740673
308286677
308307413
325252549
291700677
291691473
291560417
291568097
291565027
291632195
287502403
287469891
287442194
291512098
325139234
400767778
396376866
396656402
397194758
363763206
883594775
2091628069
2095626020
1814605092
1814606964
1832432852
1729869020
1730077916
1715354780
1648244892
1663973805
1676020397
1671891631
1939867310
1939874510
1893737038
1348494086
1344446726
1348648214
1893772066
1889581859
1621343025
1638308609
1655082240
1717994496
1713881088
1713664112
1713381600
1713381600
1730291104
1843531424
1872891552
1872957120
1872816832
1872800320
2141235712
2145627905
2145565699
4251096066
3710043250
3709863010
3693093986
3693096290
3705813602
4238477921
4238543425
4238375488
3701533248
3747650880
3726876096
3726816576
4263679297
2116257139
2116064611
4264602915
4012945187
4017274659
3992099105
3992160529
3983579153
3979388977
3979458593
3979523379
4013093171
1865552162
1681064226
1678770466
1680867618
1680936290
3841133538
1688406738
1621297874
1890794114
1924278914
1387474562
1387348610
1116848770
1182880675
1455448481
1447060897
1442901413
1392573861
1929435573
1912654229
843111829
843313301
843243653
838951052
838869180
922755560
335688168
339883816
345115176
347212312
347081225
346040842
77605646
77625674
216090058
217203082
242401694
236118942
236118934
236184499
235987683
235988962
173076322
535886630
498317622
498186518
498318599
498251029
498251028
502445812
487825132
219204260
201329328
201337488
218315409
218250483
265426018
112264290
111150098
111307778
111340547
115513347
241338691
237079537
237023201
253798369
207857632
207853552
216241648
216243536
476170496
408963376
408959264
417343777
413150498
414332194
498210146
500303330
475073938
470867330
470854018
475048323
499170432
533902464
504538304
504538304
372422080
908238401
908298850
908102246
908130918
925920102
2004053046
896693286
904007702
887226374
887292933
887111476
888158756
886049380
902826724
399519364
381757060
381887364
377508229
377549247
395358639
366195181
896712057
891534105
891325209
1025547067
1059105579
790756122
790787850
790770442
757203770
761410350
752951598
748713446
749764086
766573958
1039199623
1062333831
1044569527
1045584311
928192661
938678517
900864229
363010532
362875380
362875332
367230421
358870897
388230497
505462099
505461571
505461571
1042340675
1063353169
1025719057
1008876305
1013086483
1013086499
1038211107
1071708195
1054930963
1054914819
1046526211
1042397522
1043594098
1026752370
1014153078
754105718
749910326
682661943
699447349
770750512
791723024
791786512
791851056
1832038452
1832038676
1813158448
3973224992
3969026592
3968899616
2899360256
2905647616
2771561988
2771572260
2804072996
2741256740
2741245476
2725001012
2733380916
2750153012
2745958516
2779512949
2779583733
2779659487
3019258335
3010865615
2992056669
2991921501
2990741580
2999071821
2994872333
2458001417
2457940265
2462061867
2462061866
3527617886
3527550298
3259044986
1111490666
1111491706
1107375306
1107442890
50470090
16915658
4418762
4285899
4450249
12777417
12777371
29384619
62933930
130030506
121637290
88152506
71444874
205663370
205661322
205656202
205602954
213967274
213967339
215016941
147909101
433125871
428997119
433183231
424892895
424884575
422787455
422722911
426917215
426982743
426786167
460355943
460355943
426891639
426891607
426899831
426899831
426899767
426899831
427022679
424933719
424933719
424917335
458463575
1062444503
1028898295
768849269
768720245
793886069
793884789
772913269
772913269
773044341
772946023
789724407
756158966
739377902
751960814
747831918
749732394
749741579
1018178059
481306889
210843977
215177673
215112137
240273801
236110219
236110283
235045337
507548141
508600813
516989932
533767908
527548149
494010101
487717559
487807734
491985398
500316262
498284582
498284598
497235990
530725895
266476805
259202309
254836196
219183588
85064112
357759360
357751172
357816724
391166372
391166372
923842996
925997557
924957815
857848887
320977975
325307447
392415287
392321335
358758687
358755085
484583951
480393743
497171007
497031726
501234222
526416766
523452190
523443998
489889558
493964582
502365478
502295847
502327607
502331671
533838165
525450613
525450741
525440501
525448669
524531165
1061396445
1036225533
1036159967
1037216095
1037216127
1028827487
1026751759
489846031
523465023
523465070
1064523118
1033047166
1032915038
428882126
428878334
433138670
433199871
433200845
433198797
458233437
454047597
456159077
426817909
963680597
695310711
804363765
802267125
794009333
693223092
756136692
756136692
756120308
758332021
758266149
762460199
769800230
765598806
1034034246
1035156678
1039154390
502282679
491796871
491796871
491878789
527686037
527694261
526514677
392296949
526645591
526629207
1063500055
1063295271
1063304485
1071758645
1071890197
2137243156
2137243196
2137111100
2132916796
2002893372
2012478005
2008242989
2008158255
1974603823
1974603823
1416757307
1412829211
1343623179
1342534923
1342205195
19211
12634907
1086769931
1082587403
1082584329
1083630857
1152901385
1170006473
3337470937
3337274303
3337257919
3337263030
3484071894
3433801074
3438845986
3430457379
3560476725
3575287808
3592073284
3594187140
3594131348
3594128036
3731557028
4138281647
4138216110
4138217386
4294451610
4286324874
1602027658
1576468986
1572152187
1555311417
1558457129
1550134056
1545804073
1562507545
1595973643
1595978059
1584435659
1586529257
1585488811
1585493999
1988214055
1980217381
1981200741
1983810533
1882114693
1882073733
1882073735
1886258823
1952776871
4099932389
4104155181
4104156205
4104149005
4099942413
1411394317
1558391342
3702668846
3700560430
3700556590
3702849838
2633809982
2351735838
2351541262
2351671309
3430590796
3715869388
3749296780
3728445068
3728392844
2654663325
3211440557
3219895533
3186400365
3161234733
3157048845
3157044748
3039798796
3073303052
4146995773
4151120687
3078358127
3078358255
3043953903
3052281023
4127075487
4127075471
4124999565
1967926981
1430523471
1430529582
1430725166
1431707942
1565925422
267784254
267784206
251016206
116668430
117184574
111724570
44730569
44743880
40546504
53125320
2793928
1076535784
1076536040
1090103016
3235420840
3498609320
3515648681
3532503722
2475671210
2442048170
2442043818
2445189290
2449453226
2448273835
2973540776
2973558172
2973693340
2956879244
2956879004
2960071917
4050459887
4125953246
4159120718
4159072030
4117190206
4125447710
4242824990
4242860302
4234536974
4234602511
2099698701
4280729869
2134888709
2136793973
2145247845
4287459941
2106340975
2110009087
2101619343
2131573407
2131630783
2135821247
2010058687
2005140895
914632861
1052778655
1062215839
1062216863
1062231262
533753310
500279766
529643863
244431157
1316403492
1315354916
3463232261
3463227911
3467487767
3333160470
3299499590
3299491458
3232381346
3232368802
3232499873
3228305573
1076626565
1126957188
52826500
52830540
287449864
287324427
828385595
811718969
828504379
291617563
325302027
56800010
57049546
40142250
41715114
48018603
62763099
62906633
29286664
79618824
79618584
1153363480
1281288744
203221737
202172843
201648266
219670666
101859466
103960714
104001930
104001950
1181933998
1179689959
1473294180
3620776484
3616717316
2545072644
2276695556
2276753956
2276778532
2276729383
2221224494
2221867818
2356084778
2364083246
2364082222
3488168030
3328829518
3324618958
3324684430
3324681357
3324675213
3257565324
3274356156
3228218020
3505107620
3504960228
3497534012
3497533992
3497533992
3501729578
3567839534
4104960046
4109142078
4096559118
4147021902
4063133902
4062613902
1915130508
1915155100
1931883172
1898325668
1614098085
1618225575
1622423718
1638141078
1638269063
1638319301
4088835140
4088703028
4084575013
4151819029
4129725207
4263892486
4263793246
4263797758
2934403566
2930241839
2930032941
2930560284
3203202308
3194810116
3073142276
4113379012
4101909159
4110031527
4038724518
4055566758
4084992150
4067689606
1379278982
1377231047
1399906311
1365356550
1348711686
1344383767
3491863079
3496188455
3504577061
3500333573
3584482884
3601220292
2528445333
2528453039
2532647335
3539214503
3530831014
3547071662
3543084174
3543100878
1395486159
1361571791
1365704143
1365745151
1374002687
1902417151
1902425311
1936045277
1936168269
1936102687
1399256374
3546702118
3543019822
3542947134
3509392702
3522114878
3517846826
3517863210
3585070873
3584882440
3584862024
3564933064
3558711192
3491601336
3491748280
1363073432
1363082652
1396626845
1400816591
1946112975
1409111007
1374450671
1374446063
1374512487
1374647671
1911510518
1945982438
1945916774
1945925422
1945927487
1399601949
1399667484
1399728732
1396648668
1396514524
1400459932
1392202140
1387811068
1471729708
1202241577
1168830506
1081011242
1076799534
1344715070
1344707358
1365678862
1944489230
4073750606
4127232222
4127363550
4145451854
4111898142
4095200878
3827092206
3831036654
2765741802
2761479595
2778236076
2811790508
2950231228
2937677196
2937594508
2906268292
2889753252
2901279399
2896429798
3164866022
3164877942
2628006918
2628068358
3706659842
3438160898
3430820866
3426642946
3426479106
3480808530
1325118534
1325040839
1186629063
1185580933
1185652404
1189654252
1445505772
1445506732
1446555564
4131169468
1983742140
1988083964
1996407036
2105440196
2088644101
2084448773
1009195539
1013190178
1012938022
887103526
614477926
665845894
663798918
918596742
910268854
910277046
910276790
1979955446
1376959574
1934798102
1945554230
1941962599
1941929701
1405058805
1404909236
1404904100
1476207524
1467814116
1463619709
1430068285
1429035023
1412265999
1412421647
1424939791
1437523469
1571716685
1572634205
1610362861
1608265199
534593007
1610561007
1610510831
1568051695
2138473455
2117436383
1846847325
1846851869
1853138972
1853208604
1848096796
1848022300
3961967116
3961917961
3961913915
2888697386
2901158634
3164875242
3164870762
3164866682
3181889609
3216936008
3214714632
3130827272
2593956392
2600239656
2615984681
2574062126
2619675182
3156279850
3156279530
3156296874
3092371642
4186040459
4202801288
2055383176
1514319752
1510142601
1309803275
1311178810
1328415786
1550788654
3706333222
3702138886
3702181121
3433660992
3433595568
3437798048
3488129712
3471483520
3337273984
3601433505
2548602275
3051924711
3026757735
3023677455
2755373071
2772084749
3862605085
3860496644
3860513029
3860660679
3877380502
1697920422
1681079714
1633815458
1671563698
1654729090
1655778690
1655710850
1657856131
854696129
871542784
836933381
904105477
1965070887
1998629411
1998645794
1998738982
1965183266
1952776227
4243915808
4237691904
3700840448
3700877568
3700877840
3719622240
3736396480
3736527554
3736519362
3735405538
3739533538
3732172006
3744753702
3709167618
1431758850
1431758849
1448527936
1444339904
1447030912
1446990208
1379811712
1379811744
1374621600
1357716129
1353464499
1353464722
1353477046
1890380198
4037338534
4049896855
4080436869
3004532372
2970920612
3025184356
4093665821
4094768703
4235200046
4242804262
3164875814
3164941350
3097953318
3097870390
2565177351
3627515905
3642205184
3674711296
1527229696
1527168256
1598478705
3745913058
3612739750
3615362182
3546940550
3547267478
1408057766
1940247214
4055151278
4088702671
3549473549
3622865193
3610290217
3610282025
2670095371
4247134219
4163240218
4172153647
4189979181
4223402796
4206108988
4210319368
3660902408
1511362568
2064037992
2030479721
2013703163
2026023882
2043062730
2068182474
1510232266
1511850442
1533936382
1571689199
1555968612
3634107108
3632802528
3628608449
3356174786
3357419714
3361605762
3384609218
3400008642
3400008310
3400077926
3401265894
3468173991
3468173988
3482906020
3482904724
1197050020
1176078500
1109231780
1109384340
35060868
51834244
288763268
270674816
270736305
274926321
815926817
815816225
815843109
832616245
593604885
845395221
845329685
845593629
845658165
841267237
908900391
907593983
1040844942
1040848830
1057632942
1020146350
954081934
413016714
414982778
414978346
414491946
1488234762
1609869322
2121644298
2126493962
4273903945
3602811528
3602810504
2453570184
2469290648
2418942648
2418934504
2960003565
4037812463
4037812462
4037812454
3500941558
3496743126
3225157842
1075053762
1075178562
1074243586
1073907714
1354926098
1350740034
3566643523
3348540352
3331825360
3331692192
3327492768
3323347632
3258319488
3257275056
3529843171
3533972706
3533974754
3550756018
1407605954
1395055810
1126599746
1394973714
1378135074
304393250
321956882
272009218
276203826
1352050978
1354680624
3502233856
3506370560
3559845120
3559839488
3744089648
3731489328
3735750384
3735881393
3601618595
3601611938
3270257826
3257679010
3240892546
1076770946
1076242818
1088821890
279260834
279195298
19148450
1092905938
1126460162
1126443782
1097095974
1097128742
3253196582
3249444638
3282993470
3282866478
3265831215
3265892669
3266032941
3270020332
3258566828
3273267388
1125791900
1363028124
1346251676
272510860
272507532
820249228
820249228
820258733
828387309
828377583
820013567
820079103
820215263
820477439
828734975
828702055
828439911
828423543
828489590
828489590
828489590
836878134
836877110
828750646
862435606
862435606
862361878
862362934
862385430
862384406
333902102
300831030
300831038
284111166
7101727
293439775
318671135
922401053
916109596
2123926812
2128117772
1850376268
1762304204
1745526988
1745790173
1745791405
1814027183
1813891759
1816943278
1707347614
1724130190
1724129694
1725182126
1725169838
1667039374
1628905615
555099535
542523049
546704041
546704040
548866696
564398729
866414217
853861337
845668699
845599099
845529450
862220650
828648814
828647791
828849151
837172175
1407590367
1407588189
1407652668
1407218492
1407492924
1373938492
1369749308
1353498172
1437376060
4138510911
4139751982
4135168558
4130900590
3057224166
3057290422
3057288327
3057303684
3044721028
3035259776
3035244160
3035180704
3035115168
3035376291
3035568770
3035503490
3034847394
3034642598
2816511142
2799928534
3865216006
3873670150
3865093381
3860899604
1713418028
1713536300
1646410989
1646663855
1650854063
1625688238
1625688206
1621505934
1621238414
815866574
815817247
815833615
820291087
1894026509
1907210300
2007873596
2012198924
1970190644
1412345636
1413369360
1410991747
1346045586
276762530
284101794
300883106
1392387250
1392402818
1392419202
1391428290
1387235091
1386776609
1386784801
3521947684
3492608044
3492624445
2418947390
2498638382
2494431790
2361262638
2361134638
2360876590
2360876830
2365076494
2356879375
2355716108
2355646476
2355654920
3429425928
3437876008
3446312744
3345648232
2250943448
2183834504
2183825800
2184165769
2452404873
3530330761
3534525083
3534525082
3551498922
3522098090
3496894634
3492618414
3492028655
3492221023
3493256205
4097227021
4099320333
4103580175
1958062854
1974839558
2012521806
1987347294
4131242975
4063101789
4063114093
4063109925
4151059813
2968267111
2964073319
4037811142
4038871686
4053552774
3539879558
3539888006
3538559366
4075692214
4075631783
1920744677
1916548325
1915501701
1932340365
859598237
557121453
1616367548
1616283564
1623623676
1620416284
1622450716
1621402140
1617207868
1617224221
1613099551
1613731374
3765341230
3773671534
3773794494
3787303054
3855976590
1719109775
1983280270
1983259022
4264960438
4281737638
2104623590
2091975526
2091913782
2091917838
2091918863
2108746253
2146478877
2117380412
2115352924
1041611721
773108425
773612233
773587673
790430185
756942185
628492329
649230376
649324568
649323532
850698252
850694156
842825756
857493741
809117887
809118094
813312926
280631982
280694438
280498878
295441038
43778638
47498030
47481641
1133815592
1134340904
1136634168
3250501976
3248401352
3315510216
3331764105
3333849739
2264171370
2264170794
2397339946
2397348138
2389025070
2636557606
2619783959
2620295941
2621344005
2625485589
3162287653
3158091301
3158241847
3158209110
3095294950
3103535334
2834039023
2834039019
3093695689
3089512648
3091085896
3095280376
4259195560
4255066761
3701221007
3701219982
1553732014
1553793198
1442513134
1430127846
1463686150
1178479622
1178528775
1178379269
1178382637
1199473951
1174177599
3315369519
3314322031
3448609487
3448744959
2374937454
2342432111
2325652965
2325655749
2394865799
2398929046
2251613350
2266320034
2232827282
2216046466
2228366978
2226536066
2226392737
2229558945
2216980067
2217541383
2234352903
2540340229
2527831045
2528687141
2528744484
2260241700
2264434468
2388247092
2384155157
2671387197
2541363759
2516194025
2447968169
2426932152
2431585160
3496872585
3493808776
3509963145
3509884089
3509891257
4045705369
4028936264
3492061208
1344643380
1348920864
1348873760
1348873825
1357266658
1357254578
1357270450
4075080866
4075142322
4066806914
4066810946
1919198466
1650763297
1646306849
1646306849
3794113061
3861303591
3878032423
4096656422
3161327830
3169650870
3165460646
2628729062
2561551126
2629773830
2360880646
2360878598
2377654982
2377720454
2411206566
2411218854
2407059365
3476606372
3442059652
3442321796
3442444740
3308162068
3324947476
1177527300
1189978116
1185918988
1185849692
1203686764
1161710440
1143872488
1076780008
1365727979
1403377386
1386529514
1408008810
1361871386
1345036810
1344972298
1344974346
1412131338
1424501306
1437076282
1441335562
1198131210
1206529130
1202331902
1202393229
1168838796
1437372588
402428076
1060929772
1061135388
792175896
1865918520
1730652216
1732229177
1731954713
1729726473
3877145609
3876226025
3877261993
4013564585
3983225513
3991483051
3974643627
1828194731
1824065691
1824135311
1958620047
1958096527
1974736525
2008072845
1603306189
1609806589
1609671213
1609606693
3757092389
3740384821
3738353207
4275224358
4266904870
4262972454
4262911094
4262911222
4281785586
4235611266
4235611266
4109878658
4109751683
1953821859
1968496801
1985274033
1985343728
1995960432
2011623457
1911018529
1885654069
1881435143
1881499703
1881636199
1885753319
1910902471
1910916807
1906788037
1906702069
1910566885
1910566357
1902177733
1902370261
4083406823
3823368167
3806589911
1659065031
1918915287
1982870119
1999644263
1965043303
1684225558
1617116678
1625503510
1688278294
1956844558
1973621774
1471243278
1475372053
1464886332
1427136572
3574756412
3578944828
3583430188
3616918060
3600599788
3600801421
3466516367
3470582190
3392979118
3392958638
3476480238
3711361334
3715032854
3756975366
1567409462
1567384886
1546415374
3425595215
3707665101
3705588396
3701328556
2631719660
2640092716
3621556748
3606942220
3602878980
3602690597
3606880806
4131169574
4264069158
3207235814
3022686342
3022948486
4100361350
4101406854
4096840094
4094714798
3826262702
3838845614
3885115310
3868409775
4136897949
4134804876
1965301124
1948662724
1948396532
1960982884
1956650005
1956670471
3567346695
3621871639
3596705831
3605099046
3600904743
3735122469
3735319077
3752095277
3756812845
3744213741
3728214447
3726264463
3726298255
1578811471
1578815501
1568333836
1551556876
1558880780
1554686520
1421405800
1423506152
1960331947
1967679914
2002479274
1968859306
1904084106
1904083082
1904083082
1901478810
1901421231
1934647981
863073973
594634421
593553383
593552871
593552494
593615966
593624150
845281366
845248639
845412607
845339133
1919065589
1650630516
1659084372
1659018756
1642315268
3764633092
3764502036
3760307760
3760430624
3760455264
3760420576
2757826528
2766146658
3030387750
3047163942
3080796214
2531339286
2531339270
2531468318
3601281054
3617984542
3618526223
3585047756
3584878732
3313273244
3608971676
1444781452
1444851148
1914087244
1914087172
1914090789
1926725671
1917943846
1913688103
1982894119
1999949847
1698069589
1832265941
1818626997
2028407479
2040597174
966859414
950015622
954217158
955261654
955261414
418391463
1016079783
1016081815
1031826821
1048620417
1052806545
1052882837
1053013941
1045540837
1030795045
1009823525
1008779047
1008778547
1008981298
1008881954
1009930530
477237554
483546451
483622339
496236995
529725891
1049803075
1049790721
1049790737
1053857825
1045474353
705799169
705925185
705937521
722596327
689005286
676361830
1757419110
1758475878
1775253014
1775247894
1808871974
2073105206
2073047814
2073047309
2073375004
1536626748
1541219400
1495076040
1564084424
1545214345
1545476491
475467659
479217338
496001786
229696330
267420426
1265664314
1534166314
1511173418
1515366698
1515370762
1524013322
3398863114
3669413130
3673440538
3680764282
3647996778
3637646059
3636601579
3632423657
3632292585
3636519832
3628118424
1493217720
1526772920
1514386616
2051187864
2047079560
2114008200
1057035400
1023546568
1023547352
1020397289
1032984313
1032857291
495990475
500224715
493912779
527467483
1063552507
1063620091
1072085209
1073129673
1064807640
1060414712
758427832
741724344
741524392
741528296
754074344
753927785
684732013
693119517
722480927
722698015
726865183
726742399
726676847
701513071
701513206
701578743
768818615
768687511
802241943
802240917
785463701
785594805
781416885
781450197
781302357
800177669
804369925
761377295
795063071
778276926
711176238
707853354
705697834
705697818
689059882
676477738
680663579
680658633
682967752
949273224
953451176
2017764009
2030347181
2063640511
2063857310
1497527998
1501705894
1552024486
1552025062
3699529063
3704749093
3692148788
3694376964
3694307588
3740446212
3735204356
3735192068
3736371732
3723805543
3625206246
2551450854
2551580902
2551580774
2589329426
3662821378
3662816514
3671270146
3665969778
3666068193
3665883812
1518399908
1522593972
1510011028
1526755476
1476604032
1476534416
402792945
406988513
482489907
209786387
210777601
214971905
206903040
202725120
202864384
202790656
207046421
206946581
215273781
164992277
160925015
181833031
1255316951
1255260087
1255194551
1255190463
1523693503
1523692477
1523626941
1522577833
2051318185
2034541033
1749132649
1745923369
1745922363
1813118331
739431787
756207707
789655627
789586123
789581978
621952426
609369002
613554858
630327994
598809226
850471562
849416843
312541835
44040681
48259435
56680494
52486182
18915362
90288386
358658322
368148787
1420986117
1555204868
1555213060
1554164484
1558289204
2032204068
2066757989
2049970671
1041367550
1041367486
772878766
785392046
781197742
1066414494
1066422734
1066459402
502652938
494399514
493319226
1558609178
1558633754
1558628874
1571724810
1605275146
1520993802
1525188554
1525450650
3664545210
3659908522
3676493226
3648156074
3646039018
3637650282
3637519194
3637522779
3637719417
1486037480
1505829352
1237329400
1228944856
1262560456
1296245832
218567688
219481352
219612440
87446793
87452938
92265738
1206897946
1185795931
1185451929
1185453753
1185452728
1185452728
1336447672
1304081321
1302000042
3453673642
3444154474
3473450026
3473452074
1327033354
1280961546
1291513098
1287321417
1153091272
1157220264
1147717032
1143489976
1143821704
86910344
104736136
104210828
106308493
123143103
72352678
72352614
72356646
82917142
217263894
216034098
216328499
208070915
224851203
191021315
192069955
259178835
223527217
223461665
89187617
89369441
122858449
114723779
116887427
49579922
50106774
50110870
115126694
110925286
131908966
132117798
1196877095
1196876548
1431741188
3579287300
3562442516
3698761216
3698765312
3715531264
3744842308
3732198100
3732165351
3740554150
4277429422
4276407470
4276406446
4269198474
4200004746
2052517002
2052253131
2064873193
2031232619
2031298154
1745888106
1745887466
684728554
680677626
697451978
696372683
734063581
708881133
704687081
704904537
705885515
722620746
957481278
944910630
944845090
953168162
953168162
412102946
412102962
412152146
412270019
429046145
466790785
450005441
452168129
988842481
988849381
980459621
722510189
672331117
1746040685
1746034413
1750208109
684920669
701513549
735061341
709895485
708849965
734081837
767759167
763564671
746797022
763443150
629161870
633363854
633404811
666930571
668044427
651397577
653433177
644983161
644917289
1714465851
1714656267
1846706202
1863483450
1829937198
1829954670
1829922286
1834163622
3989835174
3973128102
3968999086
3968994991
4237364989
3165658700
3169872396
3168856844
3185617676
3185617676
3215179292
3216160316
2677143100
2639353388
2635269741
2501318383
2503292398
2507935918
2516320430
2512191678
2430537870
2229215438
2228186319
2228152649
2228132616
2153745208
2170325816
2474609416
2533266952
2529071624
2528678456
2260259432
2256028393
2268603117
2268603119
2268602863
2272788711
2533032174
2528772186
2260344906
2260279306
2281466122
2273168171
2234420011
2217642313
2486081865
2419042761
2431431560
2428273289
2963047065
2967241385
2971447979
2971443886
2703075246
2738726118
2738852902
2737750054
2708389894
2687426567
2687329037
2687459901
2687385133
2977827385
3050113529
3062827177
3062827192
3063875720
3063747784
2663215944
2663338521
2545898025
2511168107
2515296874
2515296750
2490122470
2490188006
2491285662
2220761230
2220762319
2220763593
2220764121
2170424281
2206141384
2189167560
2188201868
3270505101
3266163343
3534263230
1391231982
1919713774
1932307566
1898358822
1629923334
656836678
656657478
623916102
623911030
758260199
757208807
753010213
748752421
748752421
748686913
1033906881
1033906881
502327489
494966913
494964209
494965111
495096071
1605546295
1588633895
1444974887
1446097975
1444002823
2114165767
1979882511
1979890767
1980939471
1930595791
1899417039
1899417519
4033300399
4033103805
4033168349
4041699805
4041564541
4033110397
4033110381
4049888621
4058509101
4054240877
4087795277
4125548237
4117096389
4100257781
4100323301
3026548709
3026548709
3026548583
3026678631
3051868947
3085816595
3085824275
3085955331
3085955075
3010319411
2976709667
2976676967
4051524711
4085140983
4152233943
4152233863
4152172166
3615244166
3615240118
3615305638
3623292902
3521578486
1407529238
1403789574
1403789574
1403789598
1135370540
1101833000
1106027320
1076397624
3224930872
3222833688
3238627864
1091144216
1133234760
1133171657
1117443019
1402901386
1371443594
3517886574
4046234862
4046241006
4047346127
4078873544
3793005256
3792473688
3792680700
2718872428
2802774309
2782851366
2780487718
2897863718
2896815142
2896879650
2913648643
3211411461
3207135300
3207082188
4247268588
4230686956
4234820581
4239264502
4239264454
4239211206
3569116870
3581698690
3312734594
1161175426
1161175939
1165363075
1173831329
1469329315
1452567971
1452336611
3597774851
1378254851
1378254851
1378132275
1394909475
1345629475
3565063971
3571370979
3571076065
3570932706
2490904418
2491232002
2491301634
3581740338
3539731746
3535742322
3602789842
3602859187
3602668708
3602705572
3598509188
1463600516
1463710612
1410736724
1412833828
1412588068
1415767333
1467018531
1450223618
1578145794
1578216451
1581497363
1447206227
1455588802
1398179714
1348358018
1345980034
1350244002
1358509794
1353262947
3500680483
3500680483
3521652019
3513312514
3543770370
3541611890
1405923698
1401717186
4086272455
4086215124
4090406004
4078873700
2971576548
2973694452
2973653892
4047387268
4051308180
4051375796
4093121188
3018330789
2997359079
3014144231
3014145126
2443717686
2447928582
2448027398
2439694086
2439693079
2456457591
2464919927
2998515063
2998451701
3000547701
2987956532
2453260340
2469059668
2955568196
2955551188
2968125941
