2260606978
2260476178
2260480290
2260476198
2277246758
2241072918
2228489030
2245270358
2236907350
2236906871
2236939767
2236997079
2371345879
2371345885
2371206605
2373238237
2373304309
2354421733
2220334069
2220801461
2220797365
2220860853
2239608245
2273284533
2273219509
2273228693
2273243029
2273180085
2273114549
2268915895
2268588247
2268494287
2266373583
2270574543
2278958807
2278893287
2245277543
2247365991
2247361847
2247365943
2247390503
2246436647
2279994165
2279977759
2279969631
2279965693
2246411709
2372241853
2351208639
2352273559
2352445655
2352363734
2352360646
2350261702
2371233222
2413175255
3465947013
3468572544
3468496528
3472625312
3478417312
3442796452
3442796517
3442910197
3480396599
3480462647
3480261943
3346044215
3344022581
3344152597
3310741813
3310877045
3344423383
3310803911
2236010438
2168899526
2177025878
2172766034
2173816594
2173951762
2176024419
2213638115
2213560227
2197032867
2197098419
2197102519
2214010791
2213879207
2205449719
2170846583
2170879287
2170875159
2179263767
2212866327
2212886839
2212879143
2212875063
2204616999
2204621095
2238184759
2238027015
2238152983
2238157117
2238165357
2405929340
2405801308
2389022964
2653264116
3727005780
3727079540
3727076436
3727094980
3744916677
1563846085
1564370391
1549755827
1549608883
1491023539
1486821042
1486163698
1486110434
1486106338
3704893154
3721412306
3748739011
1582380497
1590695333
1590719908
1607493044
1606479797
1572929205
1572929431
1598270934
1599257974
3610418230
3614546998
3621821815
3584142711
3585339381
3589472213
3723677655
3748908759
3744489190
3744558950
3743498022
4284563254
2137210166
2112035127
2111904021
1977630020
1970548052
1970545916
1966994604
2132792492
2136837276
2136517773
1610131655
1610201350
1575991606
1575918374
1575406375
1575407127
1575419398
3723425558
3656312103
3655968103
3682114791
3677920390
3675842695
3675838599
1532656005
1541290933
1503013541
1572215461
1575030500
1566836468
3710137300
3710148988
3710181484
3714432028
3714361612
3714361613
3722750477
3722754653
3567491799
3568473814
3572684518
2498938854
2490549606
2489449766
2506218758
2539777286
2548296966
2548231479
3068394869
3203521909
3211840980
3211841492
3211914972
3178458876
3178397420
3178438252
3174047292
4281351965
4281416989
4285611135
4293999718
4290213110
4290245878
4193776822
2035582150
2035592398
2035591246
2033580062
2033395759
2065905727
2065828159
2065833775
2079460911
2075330175
2039506511
1033168591
1065658317
2126882644
2127932724
2119477300
2115344436
2115475476
2115087365
2115230983
2097303047
2084702727
2094139927
2089945639
2094008869
2085890341
4233897013
4166852621
2044338271
2040086783
2040059278
2040065422
2044238222
2044303774
2110503359
2110455279
2144261613
2126954989
2119623141
2048189941
2048185429
2047147013
990129159
956769287
939668750
2084700687
2089944607
1553092155
3633334843
3632327227
3649088059
2294332027
2294389467
2290208474
2358331130
2360543214
2359428462
2376212583
2377261155
2415009905
2415276225
2415284416
2415378880
2415362432
2398338448
2388769201
2384500961
2385549415
2383452214
2382407686
2382473222
2650989574
2634166278
2348945442
2362573602
2226259555
2226589411
2225344161
2159281841
2230612608
2222256768
2239165056
2239160961
2272751235
2272557730
2272532898
2251561058
2251044882
2251237378
2251172866
2251170818
2263757074
2260607250
2394890498
2409521410
2409022722
2411103491
2279968099
2246348129
2246352353
2237963681
2238037425
2238168497
2221915569
2217670801
2217630131
2217638307
2221898210
2221861202
2222959362
2231152402
2231150387
2247927587
2281486113
2264764209
2187693888
2183514560
2183485936
2200246753
2200378849
2238070243
2246455267
2243309283
2243247811
2243174083
2247413697
2247605696
2180361680
2180299248
2246351264
2271262880
2271328688
2250422672
2251488720
2251451889
2184329185
2184323939
2205294899
2179081490
2158101762
2158169346
2162169906
2153785699
2221947363
2222070679
2230550149
2230353541
2242922117
2242922229
2247129061
2279698213
2271276325
2271276327
2254488855
2264002823
2259935495
2192761143
2192806255
3262431725
3258237373
3240608141
3224302029
3225347343
3225349391
3223316766
3227314222
3226789998
3226756350
1205600654
1184760203
3349021579
3351118745
3484301225
2380557225
2369022825
2369055545
2369040137
2406785545
2410979849
2394264073
2392183337
2392323883
2413195055
2406943023
2373060926
2356287758
2362574150
2245071302
2243965430
2244235750
2278838503
2278867191
2245326291
2171907185
2201262177
3256846577
3256780931
3255740547
3255807363
3255674243
3255732099
3272511363
2147929987
2148981442
2163722786
2158288418
2158259746
2158243618
2158243618
2179214626
2170883106
2171996194
2178287666
2207660290
2241280258
2375293699
2379536643
2295643489
2287250784
2287250800
2287377856
2287374272
2306248384
3409353408
3661019840
3658922704
4194675424
4194609888
3926174432
3926174452
1778757589
1778890709
1778881887
3926193519
3942775855
3909253230
3921811566
3905034478
3921811966
3921877398
3947044758
1807884214
1770135478
1770069398
1770011014
2021664903
2021664901
2038560917
2076417173
2068024773
4198604743
3657481734
3657480726
3657472550
3389127206
2315467559
2328049959
2323847201
2323782688
2323782688
2407668768
2374109296
2223442113
2162116801
2155858387
2155862435
2172639667
2172574099
2200893827
2200893889
2205055937
2188344305
2196732785
2196732241
2196535347
2196518947
2204907554
2154633506
2163088178
2163096114
2162522658
2162457186
2162457187
2154060387
2154093425
2154290001
2155281345
2172054339
2205596611
2205587907
2206112195
2205071810
2205022354
2170878130
2170935458
2201409779
2188835025
2188835265
2197285184
2197088624
2197092704
2188695648
2188762337
2172083683
2155240947
2163629042
2162653858
2163505826
2163501986
2155101155
2150652403
2148760401
2152884993
2152868609
2178035456
2178105088
2178109232
2177977649
2178285361
2180505361
2213990147
2214057811
2213869411
2213869411
2280970083
2280970083
2279923555
2237988839
2237980023
2237987191
2271541606
2273106294
2273303006
2271140302
2254371910
2254352582
2279514311
2279252367
2381881773
2356712877
2356726703
2356791966
2356828814
2352884447
2352818991
2268867887
2268923165
2254385164
2274959372
2274910220
2241388572
2228781420
3424354796
3290072493
3289104303
3289099142
3293227654
3297618822
3301215142
3305474534
2248580470
2248584206
2248600583
2261148677
2262246452
2195006500
3262452772
3271491876
2163081772
2158364252
2158384847
2430901918
2424094382
2416491182
2466814654
2450037390
2454231695
2458622671
2462755391
2454366758
2451237414
2457487654
2464761894
2460748838
2527857783
2498626759
2486047877
2486050957
2419996557
3558815405
3569893039
3565694638
3565697934
1355286926
1346914446
1078585486
1105044814
1404543246
1140236554
1140236554
1131643178
1127268655
1074849071
1074881845
1073880852
1073876740
1078136588
1086737676
8837380
25602308
110536964
110532871
113019926
243040310
507281510
1578930278
2115940598
2115940550
2115940546
2015342818
2017325538
2016749538
2016749282
2014654178
4168432226
3636214307
3703314976
3719830384
3602524992
3334088000
3334013248
3336045376
3336102244
3330859364
3330846061
3259677039
3255470446
3255339390
3259795918
3264054730
3264123274
3264131978
3284841386
3239703471
3224917935
3224982975
3222961551
3223021964
3226003860
3498674500
3500062980
3502157572
3585974788
3585909300
3623658284
2533196077
2522710062
2535245870
2501658726
2486978726
2487109798
2621062022
2499427970
2495230594
2495312514
2545640130
2415485474
2389209634
2389239587
2397629473
2397628448
2397763584
2657798208
2653669568
2654653568
3743075712
3742274996
3708794340
3641681189
3630097415
3630064642
3630107650
3629657122
3625461858
3625462242
2555972322
2308513410
2327455427
2327459392
2327511552
2327316000
2327324192
2327324197
2327373357
2344281645
2344156911
2348322735
2302185375
2302250911
3357251469
3357189005
3356140429
3423250313
3427381145
3423189421
3423181229
3440220605
3306142093
3339168205
3351768525
3281392972
3264611700
2195068197
2197165349
2213938471
2208696087
2175129366
2175051318
2212800038
2482288162
2459209267
2458685123
2462878337
3524049313
3524050081
4064171169
4079882417
4029034627
4030079106
4034277206
4038339110
4038339119
4038339085
3501992461
2428263949
2157888012
2157888012
2157871829
2224849573
2224860581
2489100517
2486994979
2537523235
3057027331
2524883201
2524883971
2520686594
2654945330
2654732514
2537291938
2486043814
2490238902
2494434974
2493848238
2493790894
2510563998
2258922382
2263132303
2531698895
2523310109
2506468413
2507113500
2536407052
3056508940
3056312332
3057180700
4128781356
4144639468
4094574252
4040036015
3498444446
3566601870
3566546574
3298044614
3296996102
3351521334
3322177574
3470560262
3466362887
3332014341
3334111492
3334111732
3329786788
3341321124
3442063268
1277833100
1277831564
1546533261
1413290158
1414801582
1422928302
1417684362
1417683786
1153438474
3301966394
3314632494
3314757422
2274487094
2408689431
2408757047
2409009957
2408940324
2408874796
2415165672
2348056745
2338622633
2401736873
2369239209
2637625531
3709213579
3709741707
3713412745
3700765321
3700687529
2643722987
2639529835
2366662411
2399201035
2277549835
2525213999
2525136173
2526186797
2526185773
2662705196
2658437164
2654308396
2587741229
2654753917
3728614575
4231930046
4230620046
4243194510
4239065758
3702067886
3702273710
2645309934
2369529934
2352752654
2350802959
2354457359
3432396301
3298230797
3298116104
3230908968
2159317544
2247394024
2218561193
3308817067
3308821434
3577412490
3577411978
1562012042
2136626570
1604219034
3617517818
3617579135
3617579101
3619513437
3346803924
3342607524
3313246628
3319669668
3298697900
3231580844
3233743788
3228322780
3223636237
3223648525
3240405263
3257383690
1114037770
1189535242
1189562122
1189349162
3332386090
3332383850
3483529471
3438465471
3423650237
3422663597
3422790557
3439375053
3486556941
3467748125
3467833661
3488870701
3437556009
3437556008
3439329080
3305020184
3305015848
3562310504
3574897096
3575029192
3608577225
3591733322
3598024762
3593900078
3593920558
2520130606
2518039606
2518039814
2518035990
2526414375
2526348901
2275148516
2224820956
2224829132
2226926172
2231128684
2221699628
2221699688
2221695720
2221681579
2221685162
2221410730
2234321338
2234456474
2267425162
2267210122
2250412170
2250276954
2258669610
2527109163
2527110204
2527178044
2527308324
2535950880
2619771440
2620295680
2621364736
2554227248
2575051808
2657889312
2666273824
2666138816
2666138816
2678720912
2628262816
2629319328
2360879792
2360880053
2365090277
2222464101
2222656565
2222589973
2222598421
2163812901
2163816997
2164066853
2162952757
2162965303
2162952503
2246854935
2238531926
2238536022
2238577142
2238577142
2280521206
2280502526
2280501726
2247078303
2230301598
2221914010
2221915034
2221915070
2221390270
2502408382
2519185598
2653337822
3190207566
3190202382
3191250958
3057033295
4130758884
4113957028
4097179812
4097184164
3832952484
4109768364
4103474844
4122414732
4155780684
3601083916
3538218776
3554976808
3504702504
3500639241
4037444617
4038036763
4037511210
3837237294
2809444398
2786368558
2786493454
2920710158
3996561678
4013351727
3979813487
3962573551
3962573547
3966763689
3838837417
3834650617
3834722680
4105255192
3031636232
2494773512
2511612168
2259954952
2260005640
2192933704
2190967737
2191360939
2526843822
2531038126
3076297134
3071587758
2803217838
2805380446
2805380366
2805116174
2939333951
4012092457
4011981865
4013022265
4012954937
4012950905
4017213289
4016295529
3991129707
3990933371
4016107355
4016106879
4016301439
4017275999
4017275999
1836309591
1836182647
1836181735
1869871591
1860422006
1860422014
1860553086
1717631358
1717693279
1734601567
1700973343
1684261727
1685310815
1685450079
1685122559
1685188095
1692912127
1709689341
1744292861
1735776989
1735518941
1735650013
3883137661
4017213309
4016102781
4016104575
3982550271
3982647807
3974255607
3974251093
1818444405
1818509685
1818256701
1818258493
3974326589
4024584473
4008069385
4008069449
3999660361
3999591385
4007984105
4008037099
3873820411
3865364171
3865375691
3865371482
4016562538
3882283370
3849770346
3833060478
3832868095
3832932607
3833035007
3831908863
1692879359
1701268991
1634032126
1633774591
1633938271
1667496735
3824405279
3815886111
3797218591
3864322399
3864257017
3866286073
3874934457
3891776185
3855731385
3830479576
3830476760
3830474073
3964752921
3973143577
3983632443
3983796331
3992119659
3991329787
3974549210
3974612682
3975529034
3967087194
3962888986
3979862830
4013355822
4017504618
3999614330
3999554778
4016331002
4024523002
4024654330
3992083422
3992353742
3958734798
3958662606
3958661630
3958862334
3948282102
3948283079
3977720983
3981780151
1844716709
1840592293
1704265141
1704271252
1690577348
1682188612
1679043328
1612065568
1626741281
1622542865
1639321089
1673266753
1671173825
1921779427
1921844898
1921341090
1942251186
1942283970
1942284102
1942267670
1665510679
1665511191
1665646357
1632107828
1627913524
1627909492
1610972628
1610948052
537333244
558238197
566626807
595987447
596058070
583346134
583280598
574908358
591685598
591779838
591777790
600100862
600625142
600702455
567274869
567274869
835710293
835570973
835570973
835706141
1943010653
1900539228
1900441044
1900502453
1967476645
1413832615
1439000503
1434843030
1434572694
3615750102
3615598054
1992408422
1985060198
1985064198
1985064198
2001841420
1666366492
1628615740
1662160956
1662222380
1628471592
1628811560
1628800824
1631686168
1627507257
1627462185
1627531817
1627532073
1695689513
659758395
668009787
632357163
632369450
766587194
765473034
765732107
631508239
627964279
627964279
627964279
627964279
627964279
627964279
627964279
627964279
627964279
627964279
627964279
627964279
762165623
695057783
963493366
963491254
963490230
963490238
963490238
946713022
946713018
409843130
493206970
493206458
1565965003
1599519437
3745885180
3754208220
3755325900
3755331020
3757557709
3753263821
3718644431
3584959222
3703513830
3703317414
3703319714
2633762979
2351712435
2369734785
2403264704
2400626688
2400627968
2388586240
2392782592
2392643347
2394739490
2411557670
2411538406
2415398830
2272792494
2267548590
2251967422
2252004253
3594185613
3611078028
3745295820
3710888204
3710823180
3693539132
3722966588
3451011644
2410808108
2415198508
2379481129
2312445995
2292064554
2292069674
2291992362
2291715882
2291698522
2295892939
2289613769
2302197481
2335933160
2319110857
2390385289
3472499339
3468571578
3338407338
3328968874
3307997354
3290892475
1143087241
1143087240
1143005640
3179336
283164456
278965035
1369549610
1403169594
1386651402
1382449930
1915650830
1916699198
1914544935
4061962533
4061962273
1916715041
1916665891
1937637395
2013135875
1467878659
1585253219
519842531
513552098
512500454
1586246342
1301156486
1284920198
1289194951
1215596615
1224050711
1224009781
1218242597
3365726501
3416122917
3399410245
2327200503
2326020774
2321868454
2318710182
2383789246
2383325326
3457017998
3461115014
1322217894
1322152359
1322172839
3336225269
3336343556
3344737284
3577522228
3493246997
3493234951
1344702471
1345230854
1357810694
1974304966
2007548070
4150984871
4146606503
4113310374
3023333030
3830575846
3854688966
3888177742
1719722574
1988142671
1988340076
4269992044
4265859308
4128688348
4130785420
4130272396
1982750860
1965957261
1883111823
1895695006
1891501742
1889873582
1889807087
1352936015
1424239367
1433870087
1433853701
1467455249
1473549105
2002563889
1987883825
2138607921
2138735875
2105187522
2105183378
1966656674
1947741602
1947740066
1964713638
1635401383
1639845541
1639190189
1907638205
1907633549
1905616013
1912513677
1911325181
1907130733
598517033
581863704
585996600
640461101
640460845
1043328031
1042681870
1042677782
1042677798
980287526
984548642
984291858
448473601
446261760
446295552
446297600
1266255104
1228641536
1211809331
1278888550
1277889190
3426552502
3438877366
3434614438
3434615974
3434623142
2411204771
2394706080
2406281328
2368647424
2284758784
2284775936
3429296640
3437685248
3437419024
3303197237
3320039159
1465959318
1450225838
1442885806
1979753646
4127239342
1711320206
1711449230
3791828366
3796010814
3787886142
2692656670
2687429150
2687429182
2754506286
2754240047
2900971055
2913486381
2879943980
2879943932
2863158492
2947028108
3177786501
3173656711
3091081383
3091073446
3156609446
4238748038
4255526342
4290060550
2142527750
1605672966
1606197271
1437446204
1416213548
1411955756
1411955180
1345899436
1343900588
1363806892
1372194493
1401815951
1405494159
1398153678
1098260814
1098129694
15738154
10492203
10672443
1084401929
1088596297
1365486025
1394642313
1378124680
1378124696
3529802712
3529933656
4066804520
3009717036
3009783596
2984689212
2980501052
3048620607
3086292590
3077838574
3212070638
3177992166
3186551158
2913970198
2913314822
2850334726
2875501575
3929052183
3929265159
3927077895
3927057415
3926008870
3926003494
3913420518
4169534118
4170582678
4169599622
3096242822
2559355526
2559355527
2576132773
3121584869
3122302229
3124399104
3123358768
2855185696
2859462176
2825805344
3091072560
4229764801
4229702275
4229178275
4094955682
1959854242
1957888178
1437731970
1402087555
43133057
43153536
49535376
39902112
35700640
35956624
304513472
841384276
1919189028
1918936100
1918937124
1914939652
4062550548
4045720116
4029095452
2955285004
2422604332
2427322924
2494301292
2628525221
2628520086
2628270214
2364017814
2355846582
2364275894
2381293750
2683218070
2674829446
3190790278
3190786518
3191847638
3191844358
3189745158
4011845134
4015994382
3877453550
3881308078
3807905958
3807971494
3803908278
1660618886
1920608391
842672261
825896068
272248140
276446988
284823044
284053013
283954721
300723809
325363683
56656339
52527570
18973138
2261315
73565443
73575171
81979907
1155594787
1155594787
1336007190
1592183558
1592184582
1593165110
1591534886
1587339302
1587306622
3734642894
3470397678
3474718894
3407638702
3374215582
3641631562
3638421002
3365726731
3434392073
3434392073
2376981017
2372750105
2401963465
2385117577
2386169993
2264547561
3331875305
3331908076
3331909076
3332171252
3327951844
3325854180
3325919596
3242099980
3225325320
3225328136
3237931528
1085659900
1085659837
1102347951
1121198766
1112814254
1108607390
1108803758
1110835430
1092754486
1076262918
1080485890
1080403970
1105571074
1374010630
1407491366
1400147238
1935445286
1942916358
1909362118
1926151303
1993008277
1985492132
1998333100
4145950124
4095614892
2086018748
2096241373
2092043855
1570770439
513822486
518055990
510703639
510769173
508738565
504534020
504532996
370315268
376602708
360105300
339070421
339037085
339172095
343898879
369064495
402590255
381486910
385639742
385638463
377283639
377144327
393923655
360352965
360422805
494794133
473953693
478150077
478150077
477985213
477445055
477444798
477179630
502349422
502339118
464549422
529559326
529591567
533851149
533920781
525567229
525702317
520463788
352845213
353885069
337103517
341297821
341793533
301943359
301813311
335288111
334259247
334259247
318665791
318659613
377441309
375147997
375211965
509564861
509236893
492527503
484146831
484404894
483863198
485960350
485710558
485575422
481360750
512813358
512814126
516992063
516078605
507679820
504534220
521311444
353797524
337039252
337104533
337496757
341666551
360672790
394223126
385830710
384326950
380140583
380140599
380304413
402324493
360633549
356500621
339689629
339690911
339681183
343875262
352262830
347421374
347418366
347090526
347090494
502295855
519072815
517008429
516992061
516140060
516068364
507679756
504534044
504599612
521319453
488021335
471240662
475516662
475524850
475490930
475486754
433539874
466635043
449866801
449932289
441609216
441633792
441633808
441568292
458288420
458352917
458479877
453232917
453232693
453236789
453475381
457669941
458706263
459230071
1004489591
1006623351
1006492245
1006238549
972679509
964290901
964286549
964282453
960219255
963369335
1030741351
1030741351
1030741495
1030618615
1030618583
1030610391
1030741495
1030741495
1030617559
1030609879
1013808119
1030716407
1030585207
502102999
535773143
536817623
536815607
536704758
536696566
536707062
536702935
503181127
503175509
502126933
493730164
493857636
2104475508
2104467412
2104465108
4235179732
3962552020
3961887444
3827665588
2753927908
2758130404
2759125732
2759126756
2757027429
2759091815
2759095911
2775864166
2808349158
2791576054
2816815358
2783318270
2762349726
2762307774
2762242239
2762463389
2766600588
2691099532
2707861132
2724704844
2720367116
2720367148
2720309804
2720850476
2737104421
2737100327
2741292839
2741292838
2808400246
2808469878
2775054711
2775054655
2775055135
2775055133
2775054685
2809002365
2808928637
2808928765
2792217087
2792217087
2792356351
2792356350
2792356351
2792323551
2792323551
2792324575
2792324445
2792324445
2792193369
2792193401
2800713177
2934922713
2934906265
2934914491
2934848923
2951625882
2917563546
2900589722
2896395450
2896428218
2897474814
2901663838
2893242446
3960546766
4010814943
4262668783
4266801583
4275177647
1988233398
1989286022
1452422342
1458704454
384962566
383918087
107373623
115766327
132631829
132503813
124115205
124622853
359630869
359631895
359631927
359636471
359636407
368025015
292543927
275635635
271450035
270892979
275087267
283598755
279141665
367082547
392177683
371206146
371271702
371604246
375786022
379981542
397233814
363617926
78178182
82374022
82443446
74044643
74014753
90792228
124346660
258695444
258691852
225113868
208338444
476744285
485067519
480873086
480807710
485014286
494446878
507045934
507112510
507143182
507133967
510525823
518848879
514143087
515318653
380990237
397759317
301293989
276129213
276125085
276121485
276251292
275202748
276251325
1358255805
1358196591
1357130543
1352939818
1352935738
1369844490
1470508554
1474696714
1457981210
1593067514
1584689579
1582621099
1595199931
490062219
360010137
351617529
351618345
346447144
367995688
358951736
388312840
389953288
322831112
826082072
830227433
830261163
821856170
545033642
560765370
560831675
594525339
854570137
855027929
852930616
844472364
840261677
370614319
1461068838
1429613350
1417030182
1554385414
1554909702
1420561926
1437345606
1153179983
1153319245
79349708
79427308
100200168
125632488
373083496
373067096
373275673
373275673
507505723
511636507
511628299
507433995
507433999
171896927
528413055
528478718
360706462
343798174
342742430
342744478
276814270
284687295
285211327
282983069
1356704444
1356705452
1373482668
1398597372
1377629757
1377584671
1379795486
1383732542
1391141934
1403534382
1403533358
1470830623
1454004253
1455151325
1454955980
1450751372
1463530892
1429910940
1413127581
1413193117
1413087199
1413054078
1413168702
1434132270
1601781038
1593326894
1454914607
1454980127
1471819085
398097869
364502925
368696716
339344796
337378717
68802973
68778943
72968895
81489662
31147582
1117275710
1123575598
1123609646
49871918
50059294
49977359
66762829
1174047885
1434176653
1413203389
1412154805
1413470135
1413308086
339553974
343223990
351611638
481376870
481327910
514877734
514877478
519104575
510716941
443808780
439540748
437443596
437443596
437443852
436652316
436635924
453478676
457677076
425695317
425691223
423594071
423594231
1026525431
1026529527
1026545911
1030740463
1030740463
1030486527
1030347231
1030347263
1030487551
963378687
963505631
963509727
963501567
963632623
963476475
971897435
971897467
1006500479
1006235261
1006233181
972679005
972678493
964289887
964386175
964381055
964381183
964385279
997981695
1073472989
1073444301
1038734797
1030604253
1030608375
1030608375
1030617079
1030617078
1031791606
1023403894
1023409654
1022352854
1022351830
1013832007
1013832023
1030740343
1060068663
1044346133
1048404273
1056792865
1056797025
1056915925
1055740868
1072525972
1072551604
1038997181
1021697757
1023269599
1023277919
1029564735
1029531966
1063086142
912088126
912065598
912076862
1046163487
528089431
528155095
493422514
493428402
417939122
418201234
414006931
414154387
162492033
162524736
163184132
196717076
200845860
469281589
469346623
469339198
444107822
439921710
1513743406
1511781471
1528484943
421184847
423347581
427543917
419154301
414959967
968476959
968480823
1006237735
993589285
992607285
992670725
992654341
724274517
694914421
678009205
678009333
678026711
673830357
673796593
673927652
942354916
946680292
955065324
950873836
950876760
950999624
968849993
985492314
985524602
1056760922
1043120218
1043120218
1043251290
1043263962
1060033022
1030741495
1039007191
1030618583
1030618615
1030618615
1030749159
1030487031
1038867415
1038736343
1038744535
1038744055
1038745079
1038738647
1030350039
1030448310
2087417270
2087394742
1558781878
1559042742
1554848438
1554332326
3701816998
3701812918
3702793879
3700696725
3704906421
3696518900
3712018429
1598222333
1581422877
1581504573
3728795711
3724601374
3456235550
3456261134
3456517134
3428205902
3705537230
3701359311
3701098237
3633923812
3633903332
3638093284
3642287460
3676105844
1528687636
1528752460
1527703885
1531902935
1531890678
1515048950
1514950134
1531737558
1531930054
1506698718
1507751406
1507745766
1491034070
1490517975
1490386935
1549032829
1565809980
1565818140
1599434012
1582529853
1578327359
1578454335
1595200822
1565914390
1558116118
1285474118
1285474270
1285279711
1300859831
3754465765
3687360996
3678972396
3674844652
3674910204
3642402716
3625625228
3624662669
3624531599
3624496830
3641274022
4216880614
4208752878
4204592238
2059394078
2056713231
2060907533
2052305933
2048037900
2064815132
2064833597
2031279165
2031221055
2035546430
2034457886
1497845022
1506090270
1489315198
3632736254
3633190590
3633252030
3633254079
3633139381
3650936500
3655139060
3713853012
3709658964
3709855060
3709789556
3709263221
3742845431
1595689206
1578911990
1582648822
1523995990
1526096710
1521902406
1519870277
1540710740
425025564
403976252
1477712952
1477523769
1477585499
1213364826
1217546826
1217448522
1234489162
1268052346
1268568570
3466514894
3468341950
3468341935
3736642212
3740837796
2671291796
2637938068
2486934932
2487139988
3024006868
3024023252
3023961716
3023863399
3074178598
3057393190
4134341926
4272163878
4272178230
4272280598
4272354311
2129847301
2050204676
2064884740
2064841756
2064833596
2065094972
2065127725
2069199663
2052422462
2069175582
2068126990
2034574670
2027890654
2023633598
1486816958
1485768383
1485594301
1502375612
1506569916
1498181628
1532788572
1532853532
1535077661
1602125087
3732884798
3730660670
1515986302
1532763518
1509889502
1488865246
1488869343
1488934589
1490319037
1481961213
1498738677
1527836013
1511058733
1511042077
1515301903
1515305998
1582472214
3724711190
3741761814
3695694806
3705598870
3701396119
2493432477
2493236924
2493042348
2497244844
2490953388
2491215532
2490171132
2490234588
2489612157
2489613885
2506391071
2506456855
2523233590
2523356198
3739632694
3739631638
3739668486
3739734038
3731202166
4197818454
2065015839
2031332381
2031532093
2065078588
2048366908
2048190781
2048191806
2048341310
4195815486
4196274222
4183699814
4175037926
4170845846
4172942982
3703246469
3703078548
3717754516
3747114388
3726142676
3726638324
3726568804
1595829605
1600028501
1541361479
1507598278
1499209686
1490821110
1490491382
1490436094
1490435830
1490501303
1490316951
1506078453
1497687805
1498724348
1532278108
1515498845
3658787903
3658857518
3726023726
3726023998
3730214206
3722297150
3567251030
3566927557
3501903492
4043034292
4034416292
4030234528
4030218144
4028110752
4028331936
4032526304
4059657937
4059582019
4059879938
4085054258
4068268322
4075673650
1990629394
1990638614
1991683094
2130162711
2117465093
2048386053
2048320517
991362069
957762589
957761853
995560255
1003829807
987048510
1523924510
1524449038
1541219918
1507796702
1486755550
1486554782
1486442143
1486442173
1486421684
1490611876
1499000804
1494803941
1527637461
1527703005
1561329151
1565515254
1565380054
1565347270
1498161110
1507672022
1503540990
1503536878
1503074286
1486108671
3633606621
1490415565
1481744349
3625029468
3641740637
3675303293
3393236079
3460426798
3473071158
3422966806
3427143954
3436065619
3298702065
3298710256
2226864816
2159593104
2162742912
2154419840
2167129728
2200684224
2200688193
3278765873
3287087907
3261889318
3261884710
3530553398
1450105862
1449575430
1449558023
1583460375
506568757
506699829
504602677
504538133
974300181
991091735
957533247
961989887
962055663
962023343
970293183
953515967
945123231
944861087
944861087
953416638
953277182
953277438
968944510
734063934
725675326
708961567
725873693
725799997
693296188
693361980
693623068
693618965
725997877
726006063
726138158
726129950
709352734
726138206
994565471
994565495
994565493
994401653
996105589
970939765
970411381
970411383
970415447
962026967
962035671
961904631
961896447
961896447
969277407
1036386271
1036353502
1037563870
1037562334
1029558750
1029559806
1029567999
1029570559
1038089215
1038089213
1040179165
1023268813
2021520333
2021487581
2017292989
2021619373
2019376879
2027761391
2023517927
2023583447
2023581383
2023585478
4175262454
4175197174
4166808054
4232868343
2084925879
2084922807
2101700031
2101837213
2135243197
2143631805
1992572349
1992324509
1993437593
1985041305
2001814491
2004210555
1969578795
1961190191
887451963
350556443
351088649
359609353
388897801
388896777
389957913
373214041
385797001
381456267
380404619
384598427
375689626
392614298
367423963
351679275
351609645
343221037
343287565
339091209
336861977
341580667
366742443
379505594
381599114
381587850
1990492554
1990492587
1990492585
1994691049
1719052269
1698082541
1614196453
1612082885
1612059271
1611924375
1611932078
1616126191
1892941931
1905329195
1907378191
1924192525
1923131661
1918937868
1919269132
1919327500
1919320332
1982759180
1965982348
1948926605
1948922526
4230623914
3962386090
3974904234
2896967850
2896460010
2896984138
2762795274
4104973834
4117684810
4152255210
4135461562
4068025258
4076347562
4072146089
4072147176
1927809112
1898911816
1898854472
808332488
808378828
809419679
819364511
830898879
830767855
830767661
834975273
827632168
861317688
1937156681
1920396249
1916172473
1920433291
1920221323
846987403
846004475
862855531
812590955
812590639
820913695
820916791
296698663
330055982
330096702
310178846
303859838
324831470
325028790
299805318
295612294
297701830
297574406
300716039
812494901
1881973805
1881467941
1881564199
1881552423
808321775
834601710
865862366
864813579
848049673
852246056
307902760
855304296
854239464
854231176
644463752
640451721
623673499
606507147
606253071
740470829
740335660
740335652
1814077476
1864557604
1851981092
1794232100
3941845604
3939748564
3956538068
3973180148
2891016852
2891410052
2757192340
2765576868
2761166500
2763001508
2817802149
2799975655
2791573590
2817263702
2779646006
2762877238
2762877462
2762746455
2766941895
3036422789
3028034191
3028034207
3220971946
3198943402
3198944426
3203206170
4264496138
4264438794
3660262410
1512646666
1479157770
1491736586
1487587850
1487571466
1538830043
1526243995
1513660859
1512616107
1529385131
1547350155
1551557071
1559940607
3573144173
4110006829
4109937261
4101548649
4160268249
2994513352
2992407625
2986656891
2986855467
3003579691
2684808747
2698405435
2694246975
2761282093
2761212460
2761212780
3042755580
3070545860
3053800128
3053853427
3053853026
3058055266
3067559138
3193384066
3218482306
3180733570
3163973507
3113635457
4187294368
4193258144
4180675428
4180678972
3627165980
3627428108
3694537996
3697223437
3705353501
3699914029
1552420141
3431476557
3448252871
3448322455
3314162087
2245663655
2233027495
2232208262
2231738246
2235940806
2223289734
3431314822
3699811750
2626069926
3101011367
3090451863
3089468805
2822217157
3893800260
3893799172
3893799732
3893803812
3910573860
3910569780
3944142596
3944142613
3927425381
3932014053
3931948517
3931981285
3948895701
3950472661
3916787061
3908392293
3908501845
3900051781
3900121413
3899990389
3908318693
3920891367
3921086935
2879269830
2879269831
2879204039
3214688247
3214694359
3197923653
3198017861
3196952597
3196428325
2927997987
2928118819
2944765219
2940505378
2936311078
2936375142
2937509734
2937512822
2903926098
3961468370
3961329138
3965521122
3975482595
3988196851
3986036163
4020118977
4020186561
4274990529
4274990529
4276059505
4292697443
4292728163
4261397954
4244555074
4244542786
2038404434
1769848162
3950816738
3944524899
3927747681
3927745888
3944198640
3893793728
3963011776
3961702080
3961769696
3961573089
3965767649
3990941665
4025544661
4025741253
4025675733
4025606133
4017184247
4017192438
4017169910
4017165606
3999334710
1851851062
1860252950
1860250934
1861299511
1857108279
1855052055
1855117767
1770166727
1753385349
1750240645
1746111877
1745982885
1745937829
1762715621
1800463725
1792079149
1792074813
1794173981
1794223133
1802746141
1769126173
1746066205
1746062143
1746127675
1744948587
1749077355
1749146987
1750195579
1750203755
1750195563
1750190395
1775487295
1775491359
1767110943
1767237951
1767237951
1767233855
1769457983
1769457983
1769326911
1835387199
1835911551
1835915645
1768937853
1768937981
1768913919
1768782847
1768774654
1768774590
3916258230
3915996086
3924392374
3924425151
3920230909
3920230908
3958106972
3957975820
3950635788
3946441533
4013685037
4012755245
3983395135
1701300542
1836042526
1836009855
3983366654
3916258750
3949819326
3916395958
3916396470
3899094934
3907469206
3974446007
3970251765
3970243445
3837081941
3858049477
3855886724
3847711620
3889590165
3889614501
3885483687
3804021687
3808228310
3816608006
3811361030
3777777974
3777388847
3848675629
3840815913
3840823097
3853404681
3853253129
3886869259
4025284875
4016634890
1864954954
1866264650
1866387658
1849611498
1853283562
1861680363
1788824041
1788631432
1791878536
1783619976
1745281928
1746330588
1746102012
3893389037
3906010735
3901808239
2828062310
2847989510
2835376966
2839571014
2848123623
2843921127
2912078565
2912145141
2918238932
2938141124
2938132692
2871023860
2872252660
2876381380
2874289348
2839686597
2839684597
2915241445
2895121829
2895121829
2911926679
2944457094
2927667662
3196102750
3191900214
2920515590
3994269702
3994265622
3994204454
3977431862
3959561815
1678905077
1678902948
1683031716
1816139684
1824531892
1824533905
746600515
612444178
612444179
613447683
613443587
565242115
829607363
857919363
572706691
572690307
573738417
1720761504
1719708832
1719707744
1740679424
1694534404
1695783444
3828525600
3828541984
3831692834
3986834018
4003676642
4008706466
2924478894
2919244250
2852135754
2852137738
2852202762
2832349498
2830252090
4171368458
4171630602
4172087370
3635150986
3634626730
3634639017
3631243433
3694195860
1561443456
1561504896
386050432
385919441
906009057
637638897
637712576
638762176
638762176
1729269056
1632734496
1614840608
1610658592
1611768580
1678959368
1678926633
1813127979
1813130026
1834093546
1871907754
1871776698
1872043914
1871983498
1840526218
1823736779
2030031161
2025776427
2042554411
2073929771
2061281339
2061282315
2053079307
2053013963
4198121866
4215144858
3642630570
3630050474
3695978670
4240719278
4236580254
3699643278
3716424331
1568957112
1568994220
1439994796
1460965228
1428459284
1411758853
1411885315
1948756226
1948682242
1818658866
1818409011
1817348368
1765972800
1778556608
1778566848
1779679952
1779548896
3994075872
3997231072
4005621092
4018206991
3955288335
1799482127
1778478879
1795374879
1795372847
1761743722
1749156330
1757545898
3900902586
3900770490
3901036698
3901503626
4169935242
3649842058
3683397322
2592698954
2595901802
2661970030
2662228078
2527446062
2258947119
2254456837
3324250373
3324456204
3476434700
3711332108
1561783596
1947650540
1946995085
1946745741
902335115
915114651
1049357982
1053501070
1040725950
521676206
473638062
1546271982
1559115902
481179662
480524366
212098382
228647710
249799455
112439581
112296232
112230440
384935976
304195624
305633336
288790536
808888328
808888584
811505096
807257480
806127016
856458152
571249577
571376553
575574719
583447039
580296765
596942876
812949532
807776264
807859208
539421704
539421448
619104808
883411499
766298794
766270090
1038886282
1027350666
892612762
875958462
892744364
934421164
916599468
849558156
849410700
849390236
849390505
582003178
586265802
573739018
573734970
572686378
572629034
539009086
539208454
1679993362
1680251426
1689160227
1689045792
1705822144
1726747264
1715417728
1849565824
1847468704
1712598689
1741958050
615516322
548407474
546310274
546327682
563328130
601003202
588424274
571515922
571513906
570595618
570595619
570575651
571542293
571476741
573975333
578174756
549326372
1623068164
1889488580
1888259780
1888259756
1888272044
4035755692
4035294892
4035417789
4035286462
4123373998
4131909798
4132860078
4063372478
4061277342
4061276302
4063701134
4063701391
1366699919
1358313159
1354121927
1421197894
1421124358
1421125414
1354021158
3500509474
3517352226
3529948162
2250699779
2251231491
2251162371
2251163191
2238582311
2226993702
2226661926
2224566054
2224563982
2241336078
2274886510
2279097326
2272792047
2273057247
2273065439
2256091517
2256157485
2264543005
2195400461
2195220253
2212030271
2203647271
2169015655
2169080695
2169473911
2169478006
2203040614
2203040614
2198731602
2198724418
2203049923
2169501123
2152723953
2152722917
2161104116
2161106068
2160941492
2219604404
2236365268
2265922004
2249079125
2253269767
2261659399
2257463071
2257396527
2257335598
2274100526
2212252974
2170310454
2172473190
2155696119
2155699703
2155838934
2155838935
2155706839
2155813367
2155821523
2155822019
2155821891
2170501907
2170436883
2212441363
2212310291
2212261139
2212257075
2197637491
2197801331
2188368243
2205022706
2205022706
2206071282
2206054898
2172500434
2172500434
2172500435
2172500947
2206055379
2206071251
2205153651
2205153651
2205154679
2205154679
2238709079
2238709079
2238692695
2238553559
2238553559
2238561783
2238690807
2238689783
2238624215
2238362079
2238427613
2238298077
2221522941
2221644733
2221587356
2234231692
2234117005
2267774861
2267681164
3342471564
3342479756
3342479868
3277545772
1138255144
1406724392
1406724408
307800088
303740936
840599560
857441288
857243736
823820761
538612697
537588655
537449390
537674734
554451822
558716782
567164906
600648186
596388314
864893386
865012618
864968602
328201886
327726943
310941453
316179741
308261941
306160693
306028549
303476741
303464455
302416899
319216979
285666659
810020705
818413409
814732752
815777216
819975616
808924356
808926404
808917460
808917989
542456677
562310695
595865135
579089933
579080781
595874508
600634108
592237228
592233132
583828141
583898043
584037306
575518106
592309674
592308650
558889450
567204842
550492683
550271497
537673225
538322441
538321209
555098221
566710509
562348207
562331839
595890315
600083849
600148987
1657768511
1657780767
1918741022
1914464782
1933389326
1899901454
1897791806
1889402990
4035838190
4035715262
3515637893
3515409556
3540556964
2466811028
2534054852
2546645700
3079314036
3045763620
3045699109
3049890596
3076170020
3076177949
3009036367
3004694766
3006803114
2973370794
2973370794
2977565114
4083087754
4073712010
4069305802
4069295562
4069294285
4073619629
4065239213
4062109869
4047385021
4030603165
4030598045
1886325405
1357126333
1357129391
1357128367
1352934365
284430685
1088691509
1080310036
1080039428
1092626692
1130428672
1113751808
1122140928
1117946624
3265692160
3550851617
2443486754
2443487782
2422516262
2971961902
3073871566
3073812046
3073827398
3074319942
3085835559
3064727591
3064739877
3064727589
2666149895
2666144775
2657755143
2674536710
2632610786
2628510434
2629429154
2629355938
3568879778
3580676322
3728492546
3728615427
3728614401
1597907201
2017337859
2019432002
949620418
1016598194
1016598178
1015549605
1015600556
1557706172
1562158476
1561176012
1561112269
1544400637
335981551
340195806
273047006
298255614
299172063
836649437
1943986652
1943971324
1931390332
1931258748
1645518428
1649706584
1648656904
1661383176
1628942920
3776164603
3776179690
3778177258
4067576042
3069315306
3065129162
3065129994
2527137802
2657353738
2658074922
2674794794
2360222510
2359964455
2359820833
2359869968
2293015360
2297202032
2554105184
2621212704
2636094512
2668014912
2651235968
3726042752
3725985408
3611233923
3580694178
3572251298
4104403106
4121180326
4154473654
1458709638
1450320006
1446125766
1445994742
1462969574
1431450994
1173495410
1169297110
28315334
61877975
61892263
66188197
58114533
20349409
3510369
3444737
1077191683
2468867
1076209714
1344645154
1344706838
1407617798
1386647047
3534128645
3533997777
3602683617
3604783713
2522653477
2522866196
2518677044
2518671152
2518679088
2518317824
2656721664
2667186945
2667250962
2662860066
2682791010
2624071014
2632582630
2632599238
2629486278
2627249861
3164382932
3168577260
3155996397
3174860909
3124594733
3124729901
3124750351
3122538509
4196281357
4195747852
4195756140
3663084900
3667267172
3667267072
3666097667
3666109954
3397690130
3406602338
3423506658
3290072194
3296365698
3303721346
3567962515
3567806882
3571984802
3496487330
4029232294
1881805006
1882066958
807677962
824452107
862201913
585509480
585525992
585530024
585384584
586990280
845972040
845513481
858170153
824664875
807742251
807868714
807803179
821430763
817248715
833955147
867438857
871104777
846070072
862925608
862724648
292300329
284953130
349965114
483134218
147671498
164583818
160921994
162952586
195523002
196440507
261484952
260170152
251716008
251765160
251768232
117681564
100904205
101952774
103914550
108107814
1176746022
1176762418
1190353202
1167985426
1149898242
1149898370
1149896324
1283995300
1289498276
1211918828
3358906412
3373578255
3373639694
3372591374
3376917262
3381631502
3381497358
3448360574
3448327855
3448442541
3481874348
3403229356
3397064868
1312639140
1310541956
1310062724
218605700
202877252
473082116
473081861
472037383
476108822
493934630
521272358
520254502
520245614
524353838
230949662
209977871
210199092
210133536
214427184
135048708
135039748
135117060
235321604
235321348
240556037
240552199
238519062
506233458
506241746
305050226
288265186
808161442
807990435
812203171
812267667
808335489
271464593
275660451
329727650
312817314
329593426
295973378
279208450
10806802
6729473
1147595520
1147599808
3304561648
3317144288
3600190064
2528544256
2528477696
2527371808
3601113636
3601113641
3588514347
3563401786
3693492010
3693545514
3694069802
1412827178
1463171082
309733450
318122186
45501642
44991882
49119418
40677562
36614298
3060106
3060122
272544682
274305966
1347207086
1347201966
1347197871
3494284175
3502676877
3502676941
2424764237
2442617661
2444567341
2444698415
2448896815
2448888622
2444694302
2176062238
2163478910
2163503486
2155181563
2150911481
2150943177
2151012809
2168383945
2269047113
2273242443
2281526538
2263630138
2259435834
2276348714
2410570542
2410635822
2410435375
2415182709
2415194965
2406786012
2406806524
2404771804
2270556076
2270489004
2270677420
2272713149
2256002557
2255800319
2255995727
2256462606
2255413566
2255348006
2251150438
2235520214
2218685574
2222880142
2231267742
2226607534
2427766190
2430913966
2422528463
2422532557
2233789277
2267475724
2267442700
2254837260
2254766973
2254709741
2280465839
2281510319
2243691967
2243169455
2247365807
2247362047
2239025421
2239013133
2246353677
2242159389
2242160413
2242747181
2280495917
2523892517
2653849909
2654899525
2654381509
2654382021
3191244759
3190999030
3188871154
4262856178
4262868274
4279574578
4252246066
4244054290
4243990273
4243996416
3707702016
3705477616
3637258720
3749980625
2664241601
2392723395
2392457939
2392572643
2679693923
2612568871
2612568359
2612569398
2595794198
2590555494
2586349422
2670348270
2636776142
2620011150
2624205759
2628452783
2628263341
2629319069
2629331341
2365090181
2352933253
2352901621
2352432405
2234958087
2272715015
2549522711
2545329461
2677320997
2677320485
2682042917
2640154213
2508097111
3074147031
3073950367
3039584950
3039568550
3039573158
3077311655
3081046199
3082164359
3065392327
3069602887
4134953991
3744882695
4113985815
4235686199
4235579687
4243902766
4241790830
4241799038
4249200462
4261782862
4261781834
4261934426
3994506602
3994492394
4015472106
4023859627
4023864747
4025830841
4025800072
4025808328
4025856984
4025922104
4025922104
2931208728
2935268120
2926895416
2940002344
2906398760
3023967337
3023966190
3036547774
3032353454
3032223406
3032220350
3032224654
2442928590
2443043278
2442978765
2442964956
3514608604
3509881308
2436336084
2436286708
2436289732
2436296772
2440487172
2440454420
2440454965
2440385061
2448688675
2444564019
2226601526
2226469670
2230585638
2247362614
2279938070
2263300102
2263233542
2259046614
2260062646
2259993511
2396308148
2387928732
2383736508
2400488364
2400684332
2403239980
2390751548
2666391564
2393696268
2393631023
2410342958
2380975726
2355842734
2221606558
2489910926
2489853838
2506632346
3588766890
3613920427
3610971275
3576571019
3291357387
1143365963
1143301643
1147435546
1151687226
1151654426
1151662622
1151643150
1285989134
3483804430
3489042703
3755376701
3746992173
3742663716
3742669860
3742672908
4262963276
4262902988
4262895053
3205924845
3206465255
3174978279
3162444375
3162251797
3170641444
2650549540
2684102948
2667329556
2659136516
2667450644
2663252244
2663322396
2679976729
2411262826
2394470890
2397604266
2385021114
2385098906
2386278602
3325748426
3340427471
3562726349
3566891749
1553597157
1553531878
1551378406
1412966882
1429866946
1463683458
320280966
320088470
286270390
827327390
830604219
813826987
276849641
277914393
818986249
816036121
849582395
849578778
849512458
845584394
304516106
305496074
303349774
320217102
356393247
893264485
904812261
900418208
1907051152
1907088000
1370093953
283768001
272162929
272113697
270016547
270019618
811232034
819640866
1621068322
1620871714
1637662210
1658627074
1646231553
1715175619
1714000114
1848332962
3995808418
3978830498
3827827362
3836216994
3836223218
3836221651
3836247236
3869996164
4142538884
1982734724
1445921412
1445922476
1462706156
1974217068
1975265327
2008819726
1454169102
1454281742
1378791438
1378787406
1378783438
1378582687
1395377599
1349181358
1353636526
1353603750
1353023398
3500434359
3521405415
3608437223
3590595559
3594724071
3611440855
3317841495
3301325783
3301390807
3301390743
3297720710
3297581462
3314288054
3347317158
3331596718
3470012910
3459572010
3476324650
3441721610
3294930184
1306831112
1340451084
1327872268
1312655708
1310624652
1310116492
1242956431
1527906958
1500644046
1492263790
1487937582
1487954982
2022730814
2023025677
1570548812
534624412
521747644
490280108
893060524
892994476
892998572
896153512
828903305
828926859
275312587
271424859
2589983
6521614
14856718
14853647
27499023
60918573
48470309
40298789
107374853
116798725
116785605
1207304581
1146290596
1142105508
1142042016
1141057968
1145056176
1149267616
1166038692
59819668
45237943
44132006
1117840806
1113621734
1126204646
1361150062
1344503822
1344774414
1361552142
1399161374
1407551006
3538259487
3538327821
4075730956
3018758204
3043919916
3044980780
3036581148
3036582668
3036599116
3044884815
4114350318
4281077994
4281073898
3979230442
3983423802
3992861466
4290656778
4271778314
1587489290
1591488266
1580990794
1580990602
1579823290
1575629226
1554658222
1420432037
1420297892
1420581540
1424813732
1195157428
1176351180
1192665356
1142334220
1144447756
1144452623
1147555359
1155795494
1151601190
1152666470
1150765566
1167510926
1322695887
1314300999
1578546183
1578611733
1578411044
4262764580
4129071140
4128678132
4111905668
4097229444
4029022852
1881604772
1882395309
1626353323
1620060587
1622157419
1622210603
1622190090
1639229450
1668787210
1664516106
590774282
588693530
655630570
654581930
621216170
1694892970
1703281322
1872102122
4287892058
4287900170
3751029258
3741592074
3339000330
3582335754
3582330122
3582853178
3516792873
1369186344
1366818860
1094205468
1076551688
1413144584
1411048264
471590488
1007405803
1032440554
965253514
965269642
461920395
450518217
1532686408
2067456584
2071650920
2038030952
2044256808
2026430984
2026414680
2018112232
2081128169
1946827435
1947089834
1884178858
1893550218
815024266
867650698
853995658
845590730
859218298
825664042
808821290
540321342
540313918
545036334
1669176430
1660322942
1651933262
1916698831
1914618319
4129055469
4127467245
4114950893
4106623725
3029748333
3029814911
3048502799
3082053390
2528502030
2528502062
2532700526
2524299630
2541700606
2537506255
2503881183
2489262591
2497651183
2499613055
2499023739
2499024699
2499026730
2497978170
2514827546
2381654346
2406820174
2373336526
3447066063
3444967367
3444904405
1297428960
1297162464
1297162464
1230180496
152188032
151135360
151137664
151199120
184573409
188770659
180381985
177237281
177239345
181498355
235958755
252735907
218157479
213959087
209966495
209910155
1283651993
1284635129
1286662633
1302460745
1340266760
1310870792
1310934328
1310806312
1310744857
1323327753
1335980346
1219613994
1219624238
1215428902
1211226402
1209125154
1213324546
1212413186
1213392130
1209197890
1225973058
1224920514
151177666
184744322
180550082
176331201
176397776
177245664
181450208
168863200
453027808
419479520
939572192
687975408
721599168
704821825
1778563585
1779604993
1779471973
1796269669
1762686701
1745967085
1758465517
3904900329
3921677403
3922803785
3956419593
3956417849
3952227625
3952279865
4220518731
4220527951
3649056078
3636541822
3628276582
3355642150
1208162594
1213413682
1221737474
1217541122
1221734402
1212289474
1212351954
134430082
138620290
230832514
260233603
243435969
247631168
248614192
259044640
489727776
1007724320
2081468256
1828821872
1845660352
1845660352
1845664448
1845664320
1845725792
1845530208
1846585188
1850795365
1875957101
1808850269
1765862733
1761864141
1829956093
1829961189
1834180069
3989915045
4023469461
4022556045
1875077069
1866542037
1800481749
1867725687
1878161767
1806916646
1772176406
3919695878
1777459206
1760731414
1760737062
1750243894
1750112775
1745938951
1745940279
1762784559
1764971567
1802716207
1800619054
1775453230
1775467550
1758686238
1758686230
1757674518
1753478454
1753469814
1753469783
1757795013
1766154821
1761993293
1762587244
1766769260
3923625512
3956596280
3939822088
3939822345
3931437321
3931424841
3931392331
3927133642
3943908826
3912696810
3899986410
3908370922
3904700782
3902689583
3902760209
3906856705
3897093888
3893096208
3964319008
3989476640
4023026960
3997861185
3993683395
3993683906
3993749218
3993751266
4011543266
3915086562
3908663666
3902281842
3919054883
1804081187
1808279569
2068524033
2064264497
2069506339
467274530
463079698
244975874
244976962
243930434
245040450
244910018
194709442
163123090
145316754
145324946
145357715
145349521
146398129
144566704
148696480
165471648
190178720
1247272352
1242668448
1259448752
1259450288
1259388832
189836769
189836641
198224163
1271970082
1274067234
1232136482
1213266210
1213331746
1209194834
1208113474
1212291394
1212299586
138426738
155204066
1263548898
1255356882
1255284162
1255366082
1254186450
1270937058
1237366258
1220654449
1220787568
1486077264
1490141008
2018549616
2064681840
1779538768
1779612352
1779608256
1779678960
1779564256
1779465892
1781546660
1781612204
1785726381
1789936879
1806713086
1773162574
1760584718
1751245838
1751313710
1759706414
1759698223
1777585437
1811144012
1800629580
1796370236
1762868013
1764826925
1768955261
1769028717
1811119359
1806945503
1804836319
1787936583
1786822151
1807793671
1800453638
1796259383
1762705191
1762704679
1796455463
3943881767
3943877733
3945942245
3950136485
3958589605
1777420477
1775335581
1775332557
1808870863
1767056719
1767056702
1767053102
1750271790
1760630590
1760634686
1756442238
1771052766
1771051662
1803561614
1787128719
1787160973
1787816348
3935287444
3940523077
3931476997
3929403671
3912622342
3895648518
3895644982
3897738022
3901932327
2827010341
2827019567
2827021695
2915072511
2936035738
2919451066
2919385514
2923588010
4001528233
3934604696
3935589768
4008998728
4012127752
3894748684
1747067404
1747067444
1751257637
1759724838
3903900966
3901814790
3900745734
3917523206
3955669254
3955669830
3947802567
3943677399
3943275941
3909737893
3910925733
3915299301
3923679588
3923151137
3922824961
3960516353
3893423872
3893487409
3893525793
3910274401
3943827937
3933407649
1794247057
1790056833
1790065025
1790056593
714291328
999499904
953232769
940649857
