334085110
334216150
331004886
328903670
327925750
294369782
294369719
1355528631
1347140534
1347001270
1343069110
3490552758
3507469238
3507469238
3545152439
2462497700
2458303396
2458299300
2459348980
2461511444
2460331792
2464526132
2472918564
2435169828
2435316260
2955049511
2955024934
2955086374
2954889782
4028635446
4049614902
4058069046
1945320470
1943223302
1933847558
1933855750
826592262
835553606
818781142
818780886
1892522646
1891998358
1883617971
1883749297
4043815841
4077371296
4077321904
2454126256
2454126256
2479283873
3012492192
2475551136
2475486624
2476584368
2478811088
2481432384
3009783569
2972034353
2972040227
3039280162
3022453794
3022444594
4112971798
4280711190
4280707586
3978746370
3915566658
3899782738
3897614898
3897615138
3897593906
3914371091
3933397013
3933400069
3933358405
3931261653
3946871463
3921685167
3904913069
3896509069
3896509389
3906027853
3918753837
4186988591
4186988567
4190199814
4181876998
4177674582
3678535894
3686995190
3682935983
3733400749
3751165085
3755347341
3711763853
1546602445
1412318943
1416585967
1424778094
1420058910
1436881167
1457979403
1449591067
1445213482
3592695082
3593759530
3732204330
3738491706
3751055195
2644280137
2646377288
2646377288
2645529448
2645533288
2541544040
2520737384
2520390349
3527031518
3527031662
3531357550
1383871534
1400713230
1935544334
1897853134
1896784014
1900847494
1900842934
1640794790
1665960622
1661242030
1661443726
1661394574
1627805390
3759551789
4042335533
4037025836
4037025852
4038276364
4040259341
4055916493
3544566223
3536242846
3532048574
3531996390
3531961590
3603915990
3595526487
3596575061
3596493013
3615367364
3581813188
3564516804
3563472724
3571861364
1424314132
1357152005
1348528981
1416686455
1441852270
1441849198
1437910382
3587620918
3562455318
3558007574
3557876274
3289408050
3288351281
3309323792
3351383828
3464641876
3464635588
2391172292
2407977157
2408042719
2375323886
2380042478
3441198314
3709830650
3743331787
3743327689
3726550472
3728586184
3728592281
3728657849
3745439146
3611251898
4114445498
4118114490
1979142394
1979126234
2011509595
2011505273
2011637353
1910980344
1902451417
1898265305
1881620425
1885544409
1886586363
829423915
837824811
837816635
837816635
838018351
838280495
838155581
827661685
826281445
826281469
826347381
818104855
818117143
817982983
834727430
834727734
834770214
834700583
834702647
826641687
826653975
826780983
1934077239
1917232471
1913034183
1934002119
1934067639
1908905895
1908785063
1891941815
4039637175
4031178983
4043761895
4077021397
4060486981
3527806212
3527888180
3536704548
3532514356
3536711748
3553415364
3588026773
3567183491
3567185538
3583958690
2549403298
2520008610
2452619682
3543277954
3508675014
3496092103
1356933077
1356866293
1356866301
1357062909
1357058680
14685465
23075081
39897097
102811673
102803499
102803514
102936586
241602570
1315340302
1315864782
1214943422
3362492838
3706230439
3702111909
3703154340
2629346980
2562240224
2566434528
2558323296
2554296929
2553695009
2553744673
3107132467
4183970835
4217566227
4210275379
4210211859
4210210883
4208105539
4199909442
4211387490
3892618466
3892570082
3893548786
3893511906
3908177570
3908046499
2897222563
2899323282
2907711874
2907907202
3193065682
4275261682
4273037394
4273037314
4272971783
4277167413
4268764453
4264769836
4281469740
4252109693
4243786717
4239743949
4239739791
4243804046
3631404942
3629314702
3646157558
3687887398
3673219622
3136348711
3127960359
3144705829
3218300261
3184662756
4258400420
4250012820
3712095364
3707908549
3712102669
1607627549
2125517609
2124479787
2128656443
2120529979
1579456571
1580506313
1561625801
1545502857
2081345935
2085544895
4242466479
4242466535
4261412583
4294823878
4277526342
4269143879
4263892567
4263899767
4264915701
4281627367
4252267367
4260697455
4239859071
4239809870
4256591182
4260883806
4193582446
3119830382
3119563902
3117470815
3092637055
3088575871
3105292119
3107385173
3212765045
2952656887
2935788535
2935796213
2935992821
2927547861
2944325077
3212825716
3175046244
3175027812
3175027797
3174970709
3179160919
4261295479
4257175382
4255991622
4255962462
3182228830
3215775070
3220036879
3211787549
3140320572
3139795244
3140844348
3140972092
3119932972
3115799100
3163898397
3163935439
3180655294
3185373870
3210494634
3206022058
3191419322
3191745722
3195955370
3211725018
3211593802
2536466442
3710806026
3710839822
3580809486
3588669726
3718693182
3718574446
2644894583
2646008660
2633421332
2633286460
2624901996
3694458156
4231331116
4231523628
4231458072
4252498184
4285905161
4269247753
4269198665
4265002315
4264022863
4263993934
4281754334
4252390126
4260583151
4186987885
3113277804
3113277756
3151030532
3143101700
3138905860
3143029524
3117863732
3113669412
3116356391
3116155750
3120317926
3145483750
3141490102
3145606558
3120508094
3120504254
2650671455
2675902725
2658937093
2658937605
2667457285
2533239575
2533297447
2524712295
3593160083
3609872259
3505018498
1358583426
1358758578
1343500962
1343251106
1342202274
1342235875
1883301937
1909520385
1922099201
1928390915
1920203522
1920130866
1917994790
1933984038
4089856294
4089803110
4056184310
4089773558
4089765334
4089764190
3552893310
3536181630
3536317934
3527929327
2470966717
2437404044
2437404044
2420635532
2428892860
2424692396
2424823484
2428992191
2479188734
2453940526
2454988846
2457152558
2188782622
2264278030
2245403918
2224547086
2491782974
2491778855
2492763444
2492763444
2499055412
2641659732
2637465300
2671084276
2669073060
3205912229
3206430391
3205377446
3184273574
3181124774
3097238774
2564764870
2558402638
2557894670
2555766046
2564275486
2580978447
2609818381
3129256780
3133451228
3133972460
3126625260
3122627500
3122590636
3189658028
3206414764
3172414893
3178702247
3184934326
3184999830
3184799622
3184799110
3175362038
3167124726
3168685310
3168781534
3164394958
3164399566
3187451599
3053299295
2508191325
2508060285
2503794301
3077955437
3078093165
3085420653
3085289503
3076897805
3044519181
3044451597
3178673949
2910226197
2906572596
2906637620
2906518820
2906450980
3982294052
3982281836
3964521596
3960466524
3960384604
3964579132
3914250556
3980966172
4014516508
4010322716
3993741884
3993669164
4010462764
3876245037
2769026605
2904084079
2910374766
2909588350
2909591935
2909665663
2909665663
2909534591
2909395455
3983137279
3983145471
3983374846
3983505918
3983505662
3916126462
3983235326
1835751678
1844148414
1844082878
1845127326
1845389471
1843390877
1843390877
1875770332
1875762012
1858468636
3997559324
3997559324
3997559357
4010139197
3977759295
3982481967
3982346791
3984378486
2909588343
2909591927
2909665655
2943220087
2944268791
2910837239
2910845431
2910579191
2910845431
2910837239
2910702071
2910706039
2910714231
2910714231
2910706039
2910714231
2910710775
2910710775
2910714359
2909657591
2943212023
2943212023
2943220215
2943220087
2952784255
2952788351
2818570621
2785016671
2776628095
2776497023
2776484223
2776484223
2943211902
2943342974
2943351166
2944268670
2877290879
2843736567
2843703799
2843048437
2825378805
2825386453
2843081205
2843081175
2840979927
3914721750
3914721782
3914856950
3914848502
3923237110
3923114134
3956799639
3956799637
3956730005
3956734356
3956734932
3981900500
3981826644
3981769268
3983862324
3983932197
2909129525
2909129013
2909129013
2909133687
3983006583
3983006583
3982874998
3982874998
3982817558
3982883094
3982981182
3982972990
3982972990
1835497534
1836021822
1836021887
1836013695
1844402271
770594911
770594911
770660439
804247893
787470677
1861089621
1861220693
1861221204
1852832340
1852791381
1852791381
1852537461
1852406389
1860794999
1860795207
1860925767
1860860231
1877670215
1869347143
1869339479
1835662199
1818885111
1827273719
1827265015
1818876374
1751907398
1747677254
1747529854
1751658606
1751920746
1760301291
1810701817
1793801177
1793817304
3937131224
3937008344
3938040536
3935874760
3901268553
3905463115
3893011306
3893268842
2819605866
2820525166
2887567471
2906507389
2876201308
2859367260
2867812956
2867813981
2867715709
2867656447
2867652606
2850879486
2834126334
2825868798
2825870842
2821684698
2821684698
3895277018
3900454362
3900519898
3909035226
3906938074
3905891531
3905907147
3905382859
3922192793
3951557529
3934755723
3938828171
3930388106
3926188682
3926188798
3942839278
3947021166
2849228583
2851196195
2851208465
2874273025
2874273041
2874406193
2873348401
2873180469
3913371957
3913371965
3896603933
3896604953
3896604985
3896998265
3905378681
3922184649
3922708937
3922587081
3914196109
3914129567
3913670911
3913806062
3947024742
3938632551
3938632247
3938698775
3930121751
3925929487
3925928767
2852387631
2856831339
2857748843
2866629083
2866768347
2866638283
2883446219
2883576283
2879312874
2845819882
2847262702
2834679295
2826302975
2822110719
2822102522
2822233594
2906126586
3984062682
3916913114
3916913114
3958602075
3941824857
3941825816
4000541976
3998313752
3998317880
3998318392
3998441272
3998699068
4007026204
4009156109
4009221725
4026387295
3983395167
3966753103
3966753119
3966761343
3966630767
3966630783
2892890111
2892890111
2892890111
2892890111
2825780703
2825911775
2825901567
2825671150
2825679338
2825679338
2825147898
2842130938
2850519547
2884073979
2863134809
2864183385
2862082056
2860901640
2881872137
2873549627
2835792427
2835858986
2903887722
2903887726
2905917822
2942654814
2942785886
2934406014
2951183230
2951740286
2951609215
2918054781
2917990236
2901213148
2893938684
2893938684
2893938172
2893404668
2893404668
2893412860
2893380092
3900014045
3916791199
3915345311
3915378079
3948935359
3948935423
3957324031
3939498333
3939494237
3939430165
2873617941
2874535445
2874469925
2874461991
2874461031
2884749687
2884884823
2874403159
2874403159
2840848759
2840853367
2840845175
2823937367
2823945559
2840722775
2840721791
2840975743
2908215679
2910321023
2910804351
2910669183
2909620575
2909363679
2909404639
2910449119
2919230975
2917133823
2916473343
2907032031
2907031903
2907176319
2873617791
2873617759
2874665343
2874669439
2874526079
2943699327
2952091999
2818522589
2817992189
3891734525
3791075325
3791067133
3774156799
1626671615
1622415870
1620326526
1619343390
545602574
545532942
562850894
596415566
600609999
592288991
588102910
588093695
571316479
571447423
570857581
570857517
570866732
570883116
638516268
638483500
642678060
785005853
786045773
721099597
721099613
719921119
736706527
736704414
703281038
686372766
686372510
686374558
682179230
682433182
683481818
680868602
683945978
675556714
675292523
675293035
2042762857
2072125048
2072059464
4219501128
3665885768
3665865480
3665868808
2592128024
2323758136
2340664360
2340607016
2344770601
2344750381
2345013039
2413234734
2413120062
2413092414
2681519742
2681577086
2683803262
3115685470
3119824462
2842992206
2822020687
2822093391
2822224477
2820586349
2820586349
2820598125
2820664445
3911056477
3948903647
3948903931
3932126719
1784643071
1784625535
1784486013
1792874621
1794971773
1862212733
1857952861
1857961039
784231503
784227663
784288078
737888734
737745374
695942550
691748246
690699670
673783734
679288502
687158966
682964638
682833550
680738510
679554766
947923674
947923546
947923547
952172123
960536409
692164057
1774302680
1774302680
1774304600
1774305112
1765915192
3909204536
3942758936
3942881816
3942817336
3942815272
2852296232
2869084969
2874656557
2843035117
2918532605
2901876157
3833011637
3832749495
3832749495
3765516695
1624320406
1624320150
1620256918
546519254
546388054
563096582
563358726
596917254
601639942
601476119
592170291
592042295
592009591
591944055
592140663
592083815
583958373
583892853
583819093
600637405
600702429
600701437
592304637
592304605
558750175
558889471
558627327
558496255
558455134
554244479
558579071
558513967
566897455
562768703
562653727
562592535
566811399
566876934
566860054
558471446
558471446
558471222
558611510
558611510
541830454
541830454
608804215
608931191
608881509
604666724
621488692
655043092
638200372
776612404
785066532
801713972
663232277
629684037
612919127
613023575
617209559
541645527
537451223
554291159
571199349
575325557
579503477
596285269
596160213
558431903
537447071
537774743
537828023
541507494
1640480166
1669576118
1669576070
1652800898
1925361362
2000857698
1963190834
1946364434
1946304019
1946300112
2084711600
2094144672
1551961264
1568672912
1602235520
243281024
243346560
243477648
243346608
248540384
248573152
248576112
179550464
179484931
179477250
161651474
140753442
136550946
136420914
405839410
940621426
2013308658
1744942802
1745000130
1795339843
1778561555
3926102579
3927151155
3927159345
3996381745
3996381733
4011946533
3982492973
3974171725
3974237385
3975290057
3975296203
1840324858
1844453594
1878265930
1726287946
652677146
652686394
648356906
648295482
648811530
665587722
934023178
866910219
871125275
862835003
929927483
929927483
661492027
661501243
661501305
627939193
627938937
627937912
606974712
607105784
1697624824
1697616632
1697575656
1697542761
1701716329
1709584507
1692864587
1710035018
1709977722
669790330
669986906
649007178
581767242
581767258
581775450
598552666
867119194
866922570
833359946
871108699
837570939
829288827
829403515
829403515
569356635
569226619
569226747
594394617
594395129
662681304
1698673368
1698673368
1698542328
1681756920
1681838824
1681814249
3829277673
3841860843
3854505051
1705907274
1710167114
1743597658
602681466
582758490
582946890
582889546
582824010
599535691
599527515
867962955
872157259
871190875
829378907
829280635
829264251
560836987
560837467
560838489
560838617
560838648
560838392
560837368
539865848
539865848
1680716537
1680863993
1681814250
1681814506
1702245610
1706439914
1740059866
1739927754
1740452042
1996296650
1996370394
1996370170
2011051258
2006852794
2006787242
1469871290
1469870218
1469862283
1474057177
1474057208
1442788216
1433805096
1431724072
1414980648
1947706424
1964880984
1969063256
1977451976
1711048649
1702658777
1697415929
1697485432
1680847480
1680765560
1680745064
1680286312
1684480360
1709641849
1839595531
1839665162
799477786
799290410
799286314
1051993146
1056187402
1056183306
1047265290
929906698
929943899
929943899
929943897
929944441
930059129
930059129
930067321
930083707
930083707
661517179
661517179
627831675
627831643
904655707
904524635
896070523
896045947
661229947
661370107
652981499
654030043
1744418265
1744672473
1735365336
1698607832
1698607688
1698624088
1681879656
1681789544
1685467497
1693856875
1689662539
1693791306
1710501962
636753002
666637418
649932922
648810570
648810570
665587787
934023259
904736859
904753243
904753243
904786267
904786267
929952091
929944443
929928059
661623643
661631835
661631835
661500283
795719035
795719673
795710201
758092505
758100696
1831711480
1831842552
1831777000
1831793384
1835987944
1693348857
1710109145
1701786075
1701655035
1710043498
1743597674
1743597690
653078618
653078602
648884250
649015322
665792522
665595914
900468747
904663387
904679803
367907163
938455387
938455131
938325243
653104635
778933755
779073497
779072217
774877913
791655129
1865331289
1831793241
1831793273
1831760491
1819156971
1827610859
1827606730
1827606730
1827606730
770643194
1034826986
1034826971
934027723
938226123
938217851
904663337
900534331
900673595
904732731
904667163
896282651
896274459
929841435
938250587
1072468315
804098907
762295259
762296313
762165241
762164984
762164984
1831712504
1831711480
1831711448
1831842552
1831768808
1831793385
3961943017
3966137449
3974509689
3970333769
3987141705
3987010937
4024759129
4016337865
4012200905
3995587545
4016558569
4024791531
4024922603
4025971931
4017480923
4026006715
4025982379
4009213339
4009080715
4000692107
3995439835
3999650539
2925982571
2925978475
2934072155
4267844443
4284687711
4269096319
4269087854
3740736622
1593261174
1593259062
1588998166
1320562694
1320554502
246353926
263180358
133006531
99456209
73776305
1155906993
1156027793
1147638931
1147646131
3559235766
3560284326
3564610726
3572936166
3568807910
2494955111
2494889591
2499049087
2490660477
2503227133
2503419901
2641769981
2675377645
3757510141
3757391325
3757405519
3755304719
3755237895
3713360391
3713491735
3713430807
3713483831
3715581030
3724398822
3724468438
3724472454
3724263558
3722036382
3722042559
3445226925
3445156581
3445123684
3715640884
3447273012
3447222836
3446436657
3429724977
3438211843
3438203651
3437676290
3437741330
3439183202
3430733155
3430737251
3443385683
3443516865
3443447249
3716138417
3724531635
3757963187
3757965234
3741177778
2659047410
2658957298
3741082466
3741082466
3741148002
3741086051
3757846885
3715900645
3709611253
3709810901
3711842373
3481147652
1316882692
1325140757
1325149957
1325213189
1316950805
1316950835
1316901171
1333719091
1300156435
1149142083
1157596611
1157074370
1157072834
1149212562
1149089458
1149085618
1149091747
3304955299
3707607459
3724392691
3749559539
3732778098
3732792691
3732268851
3732268849
3732366897
3732352561
3732344624
3732148000
3740548384
3738444848
3738514513
1591153745
1584878679
1601653831
1333742662
1300188247
1307528279
1307393367
1340419415
1341466455
1341601655
1341996775
1342013159
1341513719
1341511622
1299547590
1298499014
1298511318
1281860598
1281865718
1545967574
3693459446
3693592566
3698842614
3707226598
2633325030
3707054566
3698667382
3698665046
3371509266
3367319089
3367253792
1217412384
1223695392
1215306784
1211112464
1211249664
135406592
135459073
156468035
188973907
188846834
188855010
188851811
155428433
188976721
1531021939
1510062691
1510058610
1510193746
4194537042
4194406130
4194416354
4194363106
4198557411
3930186723
3938578913
2864837089
2864771553
2881548531
2847995379
2822829555
2822893555
2822893523
2823028691
2822953937
2890059249
3166883312
3166948688
3158560080
3158527760
4228011776
4229052176
4233311792
4235395633
4235658033
4235527473
4243928369
4243928177
4243919985
3719656561
3753344081
1609981121
1608993985
1583828177
1449614563
1458011299
1459059891
1459043474
1190608258
1324823954
1324823954
1324824050
1333203442
1198863730
1165321330
1165323474
1165454530
1165450434
1165483138
1305861266
1301675442
1301671410
1304293346
1304292963
3455972915
3488470545
3480081936
3480081936
3475887920
1328412464
1328250672
1328250160
1332428081
1332288817
1340677427
1256799281
1256930321
1249598481
1265327377
1265202961
1231648273
1215910417
1216042579
142292562
142163954
150481378
149436898
141105650
142281154
150674498
150944850
150959218
148337746
148235346
147891538
163690322
188843858
172066418
172013154
1245816419
1245949489
1531153969
1526827553
1526770209
1526770273
1510189649
2046991939
2047069778
4194424418
4194367330
4198593890
4206982498
4223882595
4190196979
4173418737
4173426929
1489073392
1547789776
1547922897
1548122561
1548114369
1413892545
1430669761
1363626385
1363626385
1363496369
1371872688
1372001680
299308432
333387152
64820624
58529168
58662320
58539440
57489840
65874352
65879217
49114257
49112211
49144979
49282259
49282259
49109235
40646883
40642785
40643041
23931873
32456673
15671025
11411393
15671235
15482179
15498531
15526179
15595827
15726867
15726867
7264515
7264515
7264515
7297299
7330067
24107283
32495891
32430851
32426755
32492307
32492307
91081523
91094835
90566449
90570704
258461072
258297264
258035120
241270192
249658800
250705328
246543792
246539696
250670560
250670433
200337699
166783266
145861394
145947394
149084690
140746258
136549938
137598482
137466642
152147474
184649298
184651506
155238114
155234018
155233890
457424402
457346563
1531153939
1510055473
1510058545
2046933553
2046926387
2046942819
2046951266
2051145186
2051145202
2059533810
4207015411
4207010291
4207014385
4207276401
4215648625
4215648609
4182112097
4165335921
4165466705
4161198929
4232502097
4232498001
4232564547
4233058115
4233053459
4098835762
4107224354
4108145954
4108129586
4108256530
4032763138
1365185874
1365054834
1373445619
1373576435
1369251057
1369259153
1373600913
1407155329
1406131345
1406000273
1406008721
1397751185
1397740944
1398275472
1398271408
1383558576
1383427505
1383553457
308747409
308624529
308620433
317009073
317009073
317663409
317536433
49035440
65809648
65809889
28058977
28129139
11288371
11304723
15498034
15498018
15498098
32406483
65944513
49160129
57560513
57623889
23917921
7136545
7120161
7189267
7246594
7246594
24024834
24024850
32480018
66042130
99612946
99547394
82794754
216860946
216274738
216294178
216064802
149152306
140767746
157520386
1232176658
1263568610
1245755042
1245816499
1514321603
1514376913
1514244721
1522575905
2067835425
4215384609
4211325489
4195612209
4195612243
4194431731
4194423777
3930112417
3938513313
3938513312
4206948576
4190171632
4165072177
4165199153
4165201201
4165138739
4165130579
4173519299
4173519745
2026000256
2034452096
2030244752
2063799184
2063733200
2069037424
2077556769
970199075
970743859
972842003
972776467
972749827
972807171
1006197779
997751891
993604947
976885203
981079506
987370834
450495826
448401750
448475606
448291222
464057750
464057782
430505382
417922215
417922211
141161651
204076435
204206483
69882755
90863251
132806291
132800147
44781203
48842451
48846545
48886641
40498033
40497969
40498481
57275681
57537841
24040721
24040449
24003601
7298065
32333107
32316723
32448307
24059699
24059443
23926547
23925523
82645267
82776339
82777362
216995090
208608530
208625426
141381394
140889874
149277970
149001522
165778738
165787442
157396786
191999538
189900402
189900402
1262593650
1531033202
1531025011
1531027057
2063645281
2063641184
4194347616
3925912160
3925977713
3926122067
3925988979
3925889634
3925898210
3930092002
3938472162
3938472163
3951096035
3921731825
3905020113
3905138896
3905140180
3896754116
3913464644
3909270340
3909278276
3892496964
3892496964
3892399956
3896526704
3896575856
3896640368
3896644560
3913486800
3921875440
3904967152
3904909472
1753228448
2021665968
2021730448
2021861760
2042837376
2076391825
1531058579
1514281106
1522731186
445712562
445725874
444673170
465661138
465698002
423689586
423690034
188804914
189001234
185794066
185785874
185753362
188964114
222501907
230824979
230820931
230820931
230821059
230902995
231955923
231988563
231988563
232127827
215350643
206962035
206959987
206960115
223736307
223728083
223728083
257250803
190150131
165110771
165114867
164983763
165507923
165508947
165445490
165439858
199027058
199092594
199092562
198531410
198526290
198197522
164741426
1238627106
1237558050
1270981410
1531029042
1530961427
1530961458
1530969699
2051059299
2051124785
4198675969
3926035984
3925970464
3925916192
3925912096
3925998112
3925999137
3925900899
3925964658
3930281330
3930280306
3938570338
3938512995
3934314593
3938508912
3955536212
3913593684
3896882044
3892690556
3892689532
2819078780
2819013244
2819021660
2823211852
2823212868
2823210820
2819015508
2819081073
2824098657
2824098145
2824098145
2832617809
3908982081
3900577105
3900642641
3909031281
3909057649
3909057617
3909057747
3908988099
3925802179
3959413970
3942637010
3942118866
3933665219
3933730755
3931633363
3931500515
3931500515
3931406243
3939851699
3939835283
4208268691
4208268721
4292293777
4292306097
3218433203
3185015987
3180821715
3180850386
4288146514
3751242770
3721819154
3721819155
3707179313
3707179553
3698656801
3698591265
3694921313
3695122369
3695060417
1566516675
1608332739
1608331762
1608463219
1574900595
1574900499
1306342227
1274815859
1274555766
1274624470
1274616262
199035334
198969810
164904402
148140370
143716626
143905074
148025650
1238541090
1262592802
1245816371
1241757267
1514378835
1514246771
1514189411
2051122801
2051260016
2063637088
3942693472
3925912160
3926108784
3926047297
3926056643
3925989107
3925890786
3930092002
3930092002
3938504930
3934310499
3934318707
3951140945
3921781077
3896554325
3896555093
3892428381
3892558429
3892501053
2885868085
2885868309
2890058517
2890124053
2889993493
2890384721
2756101457
2806437329
2923872466
2923872466
3997651154
3859117298
3859035362
3859027042
3805680674
3801494562
3803586848
3870757712
4138079040
4159116096
3563916864
3695119057
3563010790
3699911270
3750243006
3733473934
3733573022
3733627055
3733627068
2656825484
3676020868
3644567428
3678060048
3660234272
3664487968
3668502311
3668500774
2657850406
2670365734
2620049650
2620049794
2624244354
2629474951
2627709680
3166480992
3221007136
3195841808
3191768064
3191776545
2921243425
2921169443
2938077747
2938036739
3994964547
3994960195
3996647457
3999793184
4024959012
3974762532
3974766604
1823089420
1827283464
1827348169
1823021706
1827166858
1823000986
1822984362
1873590442
1861000330
1861128330
1852739786
1848291337
1849339944
3996889132
3996688428
3980127276
3963280188
3967470140
3991587388
4004072041
4004269802
4008466346
3865850030
3878428862
3844997278
3828233374
3831905678
1688615566
1688697503
1689549732
3834968516
3835013124
3847728132
3876962356
3860131892
3994296340
3996516972
4004914926
4022210286
3955034790
3938196134
4210825894
4202445270
3665570822
3672073222
3667911686
3667764227
3655183617
3638470915
3638466818
3640296450
3640295442
3699097634
3693723746
3714662755
3756671729
3756675824
3718861540
3706222324
3693620172
3693947340
3694008456
3694553240
1576495592
2142566121
2125525755
2123428682
2119234378
2115219722
2115417386
2065087530
2033559850
4185848074
4219398474
2067533130
2049708506
2049781994
2049585514
2062168362
4189729066
4173013545
4170719784
3635947084
3635996236
2302185036
2402847708
2401790444
2272864740
2241490340
2241525668
2492109220
2424996263
2424866230
2429066678
2487782550
2483591318
2483788950
3575315542
3745134598
4264175878
4264438534
4268632614
4205390373
4205591060
3686082116
3684049860
3688088484
3661660836
2604696236
2613097164
4253065807
4253195822
4236427054
3168189742
3174534190
3174878254
3040822366
3040769486
3038650830
3160282623
4107023853
4119801293
3582335437
3583384012
3587512660
3587978580
1440489748
1465676052
1465774900
1581167140
1581168180
1581169156
1581157120
1450739985
1451011107
3598491750
3695027190
3695112902
3692970694
3693020854
3697092578
3705413858
3701219426
3703308402
3719955521
3718916096
1340803328
1328048384
1328052496
1311373616
1311501600
507175185
511357185
518750467
518750481
518754417
510361777
388595857
1412022451
1948841122
1949072546
1949268898
1953454759
4105165479
3836205733
3837049493
3854347972
3873219077
3864830741
3793678357
4062007341
4064018479
1899954222
1883118650
1882851594
1894386186
1890191902
816384574
280500878
297279117
311981964
316199308
303792540
35295628
303735180
303734965
303603879
322474214
321701102
288154862
1894706670
1890512622
1890512623
4039028463
4055674606
4145854014
4131161614
4130121230
4113362446
4100865550
3697941038
4243225390
4243114286
4243114030
3103426590
4193946830
4256803981
4290290820
4256735380
4252561588
4248518836
4114219172
3829268908
3829277608
3992858600
3987540536
1840069128
1840212488
1844308488
1869142537
1852372491
1852359178
1852620906
1785692394
1786740906
1784668318
1780346054
1762062151
1746335236
1750259220
3973235236
3968910884
4241507876
4224740893
4198526543
4198529486
4274342126
4270196974
3196733614
3062515855
3063598221
2522543260
2520306076
2537054604
2502615948
2490016444
2494215912
3031076396
3031206461
3035408959
3027020350
3027016510
2917959982
2934475822
2926087214
2921972782
2922250270
2922250253
3190693948
3191677988
4281738468
4243983556
4237696388
4236717952
3162861187
2625961650
2625959586
2643251810
2635874850
2400731666
2369393410
2369397511
3707379975
3703258429
3707263021
3707291695
1549371486
2098960462
2132383822
2117637134
1849458703
1847427151
1845997741
1845928100
1845944485
1845903539
1862402994
1832911522
1832920738
1832920738
1842687730
2108959314
4255394418
4255918402
4256053250
3702410242
3702180866
3702097202
4238910247
3165169444
3181946660
3220743724
3191375460
3189278308
3206264404
3206473285
3172886119
3156102502
2765359334
2761165030
3030321302
3034462342
3034459526
3050978966
3084519062
3069907606
3069784790
3068682791
3068715301
3068716068
3202921508
3060374532
3190471684
3207248900
3156916996
3157957188
3157969617
3162361569
3162271457
3169087329
3170176336
3170831697
3166516561
3164349795
3168560419
3185333606
3218624614
3201855734
3193532662
3193623798
3202008247
3210335365
3210275973
3206065612
4246448588
4011506524
3881737020
3890121533
3856505117
3890002957
3877409805
3977609245
3977756733
3977736237
3910542189
3895599845
3908241061
3901832885
3918867127
3952356023
3952880022
3952879751
3957069959
1809460359
1776168133
1776215237
2023662020
2040377796
1771876661
3919360309
3948717349
3944587047
3927874343
3994991142
3996891686
2856049190
2855947238
2855931334
3212446918
3176989798
3176928358
3170832470
3170513238
4240056662
4240062334
4239974271
3166231516
2646125004
2549655628
2534967308
2520501260
2537181196
2537189580
3040764908
3049185956
3047081639
3046952614
3079442102
3058468502
3054273478
4263301382
4280180998
4248708358
4231932198
4235594023
4241885543
4241820103
4240796103
4291225543
4204176325
4204168132
4271670116
4007440676
3999051044
3927746868
2938026276
2938027300
2938013477
2940125973
2906616391
2906600151
2889823143
2892825510
2901214630
2897021374
2896967870
2898016478
3854379214
4156500174
4160564430
4160562382
4160696542
4160688317
4127130028
4126999468
4118632172
4118271724
4126645884
4124352012
3889475341
3881086221
3881155605
3881219125
3881210917
3977696293
3978215541
3961349333
3961480693
3967703013
3967682279
3976136438
3992803030
4026299094
4026295110
4026397958
4001228038
4001230102
4009736511
4009728815
4009597245
4009528381
3866919965
3862818845
3879596053
3829387333
3829289189
3829297573
3774762661
3769498289
3836738193
3854564033
3854560833
3892176387
3883721523
3860652326
3877396838
3876389334
3876128214
3880455350
3888782502
4154080422
3216653470
3215601038
3182047119
3165601423
3166534367
3166498559
3166480127
3183260415
3183256319
2642191103
3174937183
3174347301
3073151781
3073148196
3073354804
2792335380
2792273924
3866015748
3861814341
3879650373
3879387207
3846160631
3844923759
3849119599
3857317743
3857403759
3857403743
2783532367
2783536975
2775147359
2776330879
3045012079
3053261567
3053262591
3084730335
3084729855
3084729855
3221036542
3221174238
3216861135
3221059535
3187505119
3187537375
3160204799
3160274421
3160404469
3160330743
3160134135
3159947127
3162040183
3162107767
3028025207
3045054295
3078608853
3061694933
3061699063
3061700095
3061798367
3061734879
3061710207
3077956991
3086349599
3086341407
3086340409
3086340377
3086480665
3078092125
3178747261
3174554989
3174393837
3178719229
3178723325
3210167293
3084239741
3084252509
3084248413
3086345565
3044537693
3027686685
3028174621
3028239901
3028106813
3044813359
3044814383
3078371118
3053261614
3049197886
3048882462
2543566862
2543374463
2542320743
2538113125
2517350597
2534074817
2534075841
3574228355
3575275907
3562951059
3573434242
3573430146
3571339138
3570753458
3587473314
3587499490
3612664162
3614761218
3623346438
3623335190
3623337255
3623197991
4127038773
4118740228
4118729988
4114333972
4114104676
4114108900
4116207012
4116256165
4116254645
4116414135
4124802743
4158387863
4158322567
4160419783
4160610631
2541543733
2541543477
2541613349
3044930341
3053318701
3032479293
3032475165
3032084095
3052986351
2516110831
2507719919
3040593119
3040541903
3040537935
3077238071
3068722471
3064519973
3064583220
3203395588
2658103301
2654810133
2637963573
2619220835
2623420130
2627604130
3701279394
2629574562
3703338418
3715953026
3711889794
3744899458
3749085634
3757147618
3757108710
3748718951
3713034535
3713154341
1548881172
1544621828
1548762880
1548955440
475148128
485899680
502400400
519176577
519176577
518144385
246662033
514891681
514894817
519089121
525379942
1064417622
1064481814
1064481062
1047704870
2121305350
2129702662
2129705746
2129901872
2121446448
2117251120
4264988704
4281778676
4248748932
4231986820
4236167831
3971336866
3971283622
3971284966
4239680374
4101251334
4113833990
1966350391
1966546981
1431778341
1440159780
1435965732
345446676
345446660
76881665
10346241
16746243
33456899
58622227
109023346
103649522
103674067
103796947
86986995
338591207
342813351
1420815014
1420663478
1420597894
3584863886
3601642127
3605824159
3605959319
3607016165
3615482853
3581730913
3562824739
3563027507
3581807667
1451101235
1379800067
1379808259
1379808321
1379811665
1400783392
1354715680
1354617441
1352421985
1356620403
1347167798
1426853398
386797062
521018894
534654238
463088686
431501422
414720254
414720206
145240282
149733883
141406715
137343322
138325258
140437770
164554762
1271818250
1322195210
1317887242
1184483146
1184596827
1184596985
1116255144
3263734696
3251147692
3225981868
1078502076
1342808740
3490296484
3490284197
3540697782
3523921606
3527048454
3525979446
3525846054
3538428990
1386751002
1185427722
1202337034
1168776490
1287129385
1289247084
1275628676
1276740740
1276752260
1209639300
1228644740
1513784197
1513785219
2054851523
2063251779
2063313955
1794679847
1786290213
4164476973
4164505645
4164628525
4164564014
3896129838
3896117806
3904506478
2830781150
2864368334
2864299725
3130566348
3134755580
2652426988
2652394220
2654610168
3191415528
3194495208
3064463466
2527593578
2443839610
2427066458
2158635162
2162694282
2154379402
3311991946
3346575497
3338178952
3327693192
3322786728
3339564012
3306660716
3289818884
3291915525
3290868995
1277615410
1277491490
1282697506
1280583970
1305754930
1301688578
1301680385
1305870609
1326780513
1328812531
1328959874
1329493378
254462342
267107238
531348150
1604959230
1604894719
1588109676
1600708908
1562956076
1412124972
1413091692
3560576493
3497671575
3237620615
3250195382
3350948486
3334033030
3332915846
3332952694
3332944422
2259198758
2280169766
2271782178
2267594018
2519370770
2658831619
2656741121
2665128448
2663023168
2683994832
2642117296
2625160864
2618871716
2635615397
3040626853
3175046311
3212737687
3179179207
3179211846
3179146510
3187469630
3187662142
3187645751
3221216343
3195916375
3195850871
3193467093
4263076069
4265292199
4281993127
4252643031
4234819269
4243207885
4104860380
3584570140
3588764444
3573035784
3573106440
3573312267
3573541658
1425992490
1551882602
1568508250
1450017994
1450033294
1449513103
1445326989
1446441132
1446928556
1444831396
1981767844
1968660933
886501637
887014151
1357890070
1357436470
1357442614
1357507382
1357637910
3513374998
4083779670
4084828631
4074413557
3002774500
2998641652
3065619396
3082785780
3053212644
3023832037
3023831654
3023832622
3022925358
3027118638
4104862526
4121442382
4154996942
3601398990
3601375375
3606618253
3596320908
3592335804
3591284204
3592398828
3592398820
3609126741
2539058005
2507555175
2516017511
2516017446
2499147062
2499147542
2497181518
2514347870
2514354046
2514279806
2505364991
2538984701
2538959997
2538952028
2538951036
3075993980
3084379005
3084380029
3050829437
3050823261
3075989069
3075995213
3076519519
3076511743
3076375039
3078406655
3044922623
3045029055
3042933951
3042966975
3045064174
3045062638
3045054334
3053310734
3053318414
3052201246
3052201782
3027101222
3040835190
3040827094
3040691943
3076277734
3084666086
3080471670
3082646599
3082282055
3086410821
3078550597
3057632341
3057108348
3078083932
3078092124
4152194428
4118568301
3042713069
3042787325
3042387903
3050776511
2513905310
2516005534
2499089054
2494890751
2494829295
2494845565
2494587485
2498814812
2498814300
2499269980
2490797148
2490813565
2490878063
2506479743
2540690526
2523653326
3597268190
3597235454
3593023999
3593156095
3727373807
3731842925
3748554365
3588641293
3589620237
3572556365
3572556541
3572611069
4243699117
4258307309
4249917677
4009789485
3994138637
1846716429
1848814604
1847850013
1713836061
1713770543
1714294830
2117992558
2130313646
2092565406
2092571278
4239071886
3702078094
3702078094
3434621518
2360879646
2360880686
2361001518
2411602479
2311006013
2310813485
2310553388
2297974564
2297990416
2289800513
2290005059
2285745250
2285677666
2283572258
3356404802
3389959490
3389958978
3658140481
2589641584
2591639904
2598914400
2674420192
2640932544
2624218752
2632598145
2494186115
2494120610
2494093218
2510874018
2515074214
2502491326
2503535758
2537465038
2537465167
2537467151
3078483263
3078487359
3045055775
2508119839
2508113758
2516502366
2516414815
3581767991
3581767991
4101894455
4102025269
4101755925
4101691413
4235974679
4235835414
4231657526
4282120246
4264103942
4129886414
4134142350
4138345134
4138410669
4138215084
3618126508
3584572125
3559406093
3290971661
3291145997
2218452493
2228801292
2241396516
2257111332
2257246484
2391469317
2391467783
2325406322
2325332646
2331558566
2380825254
2380824742
2372448422
2238222469
2234029188
3291084932
3224971652
1345989060
1345989108
1345989092
272239092
1932148101
847171972
845123972
575451524
1649181156
1649181220
558674468
1612489252
1880990260
1883070996
1883185671
1881809446
1886007598
1890190382
1906904318
1940536334
330185738
313407498
317635595
309110057
310158664
861701576
860652712
860142760
1912913832
1913108137
1980150409
1980146379
1980130047
1983259375
1983193582
2003042534
1961821358
1957562510
1890453646
1890457998
816781710
816584623
820274095
1937023391
1903202763
1903198266
1884393514
1959897130
1958783022
1950394414
1698727998
3880159246
4006249790
4002055023
2929361644
2866332332
3122188940
3138941572
4179108493
4246220445
3977783727
1826171119
1689786479
1706952717
1639843853
1908288524
293409548
276566284
272425237
1344057393
1897443361
1896382497
1900576801
2009773649
1992994369
3863653057
3880430275
3880430274
4011502210
4000885666
3999853734
3995616486
2922971222
3996790854
3996786707
4017759264
4261090336
4237823024
4237841728
4237973184
4242163392
3722069633
3749344915
3749275314
3731645858
2684118434
2549898402
2516470918
2499177671
2499145207
2491217381
2491217397
2491184605
3564991965
3590141423
3590271335
3573494647
3573363511
3564966679
1417483039
1417491263
1417493819
1367292187
1384003851
1384053003
1383045515
1382846347
1449952155
1986823099
1987871659
1994363817
4158563241
4123960041
4116095535
4116111935
4118177343
1462184511
1449601327
1450518591
1450514495
1582762013
1180046341
106827783
117309699
79561235
79299154
79233730
79168194
83428227
83563395
83521985
216723777
225219953
241998113
242006311
241547575
241547534
241219662
241219806
237023342
253792494
472961254
336744678
336728546
349315683
278009411
295045699
45681170
44632594
45619762
45628130
316157859
315125155
331926933
331988924
1405652380
1405717948
1388940732
1389073852
1389344188
1398711724
1399760748
1399826237
1366271519
3513691678
4045848126
4045846070
4112971574
4100126518
4100093750
4100085014
1953649990
1951536327
1951880407
1950708983
1976923253
1943474205
1935085581
1935487247
859578143
861670203
861735467
870259243
870202107
866008987
870069131
870056843
869007801
860635561
869056936
869061544
869072812
870181820
872278972
870706172
862447932
862153021
929261887
895691070
627141950
761359678
761396542
761388350
761396510
1029745950
525450718
524388510
1598393502
1598528670
2144318654
4270568703
4136281388
4137334332
4138384956
4138379832
4138441240
4063201836
4062579245
4062577895
1916207270
1916076198
1937113270
817234070
817238414
817766286
280955534
11471374
11360830
1085057582
1101572650
3517492778
4054364731
4054356505
4054352424
4055401000
4086018600
4069171756
4061901356
4061729317
4063760421
4079747110
1680801838
1684930686
1823349962
749607114
1019095434
1016605066
512293002
378067082
383310986
383291528
385388712
384475560
912957864
912892904
842572632
824877832
808101640
808109833
812369691
807945018
807932202
813179178
811082027
810026795
818417583
818420415
277511871
344653455
361408143
362325903
402170781
383362813
318678653
863954525
863891053
1933414125
1933485805
1933550477
1916580253
1916567725
1919713515
1659536507
3808082975
4076775455
4085099551
4085245247
3011437357
2975789673
3051242089
3034530425
3036631641
3032315519
3031199087
3031198826
3035389162
3035124986
3043709130
3072995530
3577360459
3577618523
4097779001
1948069181
1952398653
2088761727
2113927647
2130689487
2121901519
2117707213
2116714957
2116718908
2116722988
1995088172
1709826092
1692950572
1680351253
1949900853
1949962535
1954218279
1694040611
1689191030
1975464518
2009014982
2008905414
2013068999
2013043143
1954388165
2088605909
2088548469
2088549749
2087491381
2104275765
2137957127
2117002003
4265537825
4265496865
4248777504
4229899056
2086544144
2088636992
2097087424
1961691025
1957170610
1974208946
1991002290
1991071890
1994774662
1994915206
1995945350
1995744150
1995744230
1968481070
1951768878
1947510055
1947526183
1696064565
1729551413
1729551413
1735843121
1735839025
1710673169
1693943043
1685423363
1685426962
1685566258
1698165554
1698030370
1697436515
1702643043
1702645219
1685937633
1694334433
1711233233
1711175873
1702787267
1702886851
1702886867
1710617971
1710618483
1744163603
1734726163
1734865427
1734730291
1731588963
1732007267
1702647267
1702696419
1702698465
1744772593
1727994323
1727936963
1727953347
1727527363
1740111299
1710619971
1693824323
1685435731
1685435187
1681371955
1698161507
1698035555
1698485601
1702647265
1702647265
3850181857
3883867633
3892197841
1744715201
1744207297
1710716865
1710699473
1710568401
1978999505
2004165203
1970741875
1970607905
4109633313
4109180721
4109335825
4105169665
4121934336
1991219729
1991220033
1990958531
1990820034
1982369954
4130906274
4128825506
3877331110
3842957798
1683947234
1692388083
1688193619
1692191299
3830758147
3830820611
3832976659
3849773906
3883393875
3879031666
3849585506
3850109218
4118548770
4101837090
4101845298
4126880018
4256902913
4290390788
4290411012
3668597508
1521146180
1525217732
1512623556
3660104692
4201366245
4210750182
4210729702
3942163110
3933774498
3912807042
3896025730
3894978178
3895172770
3895130531
3966498977
2900941025
2896742625
2951665729
4009158913
4009158147
4009214482
3871199762
3871141922
3875336226
3866910755
3845931107
3828237523
3827977345
1680493441
1684949633
1693338241
1693305475
1689054931
1690103763
1693832515
3841259347
3832936275
1618343795
1635217395
1635205027
1668620195
1668554145
1669084577
1652371872
1652363680
587142132
582881812
581850629
581745157
581745159
585935366
573344518
574524678
557745158
1612611782
1612611782
1681817730
1681838259
1681708193
1685875937
1702637025
1727938001
1727936961
1660304257
1677147009
1639397777
1643460993
552943489
561330065
595015345
855057073
854926067
849613346
312742434
279204658
279225090
283421954
275093762
1895205122
1888913666
1889437954
1905166785
1917756800
1914613888
1983873152
1982824592
1983889568
3879593120
3879562721
3850246641
1744714115
1744714115
1744256387
1677014402
1677013379
1718952851
1719100051
1719136949
1727387237
1722064421
1738841637
1709481477
1701097221
1696902407
1698092311
1698087975
3846097959
3883846755
3850292467
3858683075
3841385795
3832927555
3832910707
3832017779
3827820402
3844466531
3845453155
3850130787
3833419235
1685935331
1702714609
1702845649
1702788289
1744207297
1744272849
1677164497
1677016913
1677014609
1675964947
1650799123
1650799123
577057335
577507877
585896493
581767721
566050345
547109688
814504712
814516552
814517192
269393864
823046856
840872649
1931391695
1931391710
1935455918
1943840166
1641850022
1615757462
3843985558
3827224706
3829321859
3846107299
3850200227
3850137059
3892271555
3892248003
3891785027
3858101587
3858101587
3850232147
4018004755
4013913875
3997128497
4001173281
4001107744
4009303584
4009303584
2931523088
4005264980
3871030996
3870833301
3875027861
1742220183
1700472246
1682579886
1683632558
1692274926
1692336174
1690255678
1706330382
1744611342
2004658445
2004715836
1713277708
1713276492
4011754188
3961164492
3964314293
3973768103
3973636262
3973600482
3833088226
3845998834
3879602370
3879606466
4152240451
4260830481
4260707585
4260707585
3715446545
3748606513
3673109041
3668652643
3669562083
3736602275
3736604323
3484958375
3438074551
3425483662
3693455758
3711413638
2098638022
2132190279
1862775815
1694729223
1694872579
1678091281
1678611505
1678738481
1679737889
1679707169
1679690849
1702825313
1711225201
1979586881
1978538819
1961835267
1957641731
1957641731
1962899203
1962800915
1962799891
1962799891
1954542419
1971180371
1970127859
2003686899
1986909683
1987042803
1987042803
1987009011
1987016947
1986996307
2003777619
359610675
343883043
352270131
352269843
351236627
351236611
351261251
367903315
393070547
376292851
376298995
376438003
376436947
376404467
376404467
393177587
1475340659
1441660771
1424881507
1425925971
1425924931
1417655107
1434441555
1429075219
355327283
355290467
359471457
343883105
352271729
352140625
352130417
352147281
352179025
369087315
364745555
402502995
393061698
393059394
372100178
372103283
925890659
892337507
896524131
904896099
934262643
653243715
653103171
644714563
640520275
640675955
640675939
640643171
644838753
661460833
627908193
636304977
619527697
619543041
615381505
615504385
636475649
628096001
661519361
657314865
640536609
661508195
661508195
628060275
611258483
879695203
879566691
879566435
904732387
904739571
397228755
363805379
498022979
414137027
212810434
212680322
212678274
212677266
212677298
263008946
246215314
246198930
246201011
247241265
247241248
240953632
236759072
220179456
203325440
71188480
71172097
70123569
70123617
82785633
78456801
78407361
78443203
95273667
65901267
57538515
53337587
53303795
57489891
57485667
57489779
32316787
32322929
32323409
66925393
66916945
45962833
45989457
48078673
333224944
1398586336
1398585824
1465694945
3596458738
3729626802
3725447922
3725464258
3729666754
3739103986
3736351074
1587814503
1554004004
1554069508
1280518148
1275275268
201550852
201580544
201498880
67535105
442627
52347203
37667155
41899345
41760085
41760085
41760093
41762175
50167679
50102107
66895707
16562011
16553947
7182238
7311774
7319998
393195966
376418750
376353214
376352919
372158709
390067573
339574048
337393440
337389088
337449488
274596369
282984979
12452115
12517635
28049474
61609026
49103939
49143123
40758611
49110355
65895793
32341361
15564147
8222067
8222067
8254835
25030995
58585427
40857971
40850867
40834483
40836531
41892273
41761201
41696673
49558945
317993893
313807781
312791863
316986159
333755183
275030831
275022639
270894879
271943455
270372623
269455119
269403983
273348559
273348047
274395471
31125839
31027551
31028063
21755739
21755355
4847067
4781561
4847097
4977113
21754825
21754825
56326105
56328155
310082971
310081979
318470330
385645754
385643706
385143194
385339802
519295898
508654506
508588782
508584814
525427502
231924022
215146759
210952455
210874677
210809125
213955876
205561140
218348820
236107012
102151941
106333957
41846541
40535887
40605535
40417119
53016443
87948794
87948730
92143018
92077482
1432124842
1432188346
366956986
362705306
362705311
344945053
345862572
349991340
341058028
338961260
272070428
272070420
270868245
274997045
274996535
275129607
6714631
25051399
56508679
55460694
55301086
63501311
63500783
63493627
331994587
332127707
332133851
323745243
290190665
290042201
289976697
826840553
1934147049
1934212521
1917827513
843816841
843816843
843961275
843854762
843920298
843456938
861282730
869671402
836051434
819208651
818946379
809550089
809599752
809668376
809671992
877898040
877784329
341044489
343069961
276219659
276218683
293069691
292938107
326488410
335532378
318689627
318755323
333312507
324908539
861779323
830453209
830455257
931118553
913292505
1986901243
1982632187
1714196731
3862270186
3862335978
3879137898
3850265194
3841860203
3841794811
3841729195
3841730473
3841736105
3841460393
3841673401
1686108297
1701833865
1730653641
640060681
644263209
1717677096
1717609512
1713414184
3860967480
3861106712
3862097976
4013044520
3983680044
2916221484
2912095845
3079998183
3063155430
2998143910
3015444662
2428242054
2428378246
2428380294
3500041350
3499947430
3495204006
3491011750
3491005606
1879487618
1879483586
1896261058
1900447075
1900451187
1900474227
1900539763
1901522291
1901526387
1909906803
1909904723
1909969235
1641533779
1901552471
1934975991
1934963687
1930763749
1901338021
827669941
811023781
819402213
819204429
817107725
295765775
329434911
312651534
312650510
316901646
853904670
853837118
854884718
1937015023
1880531199
1880535255
1881059543
1881075943
1881044387
1616719265
1641295267
1742020531
1742151571
2010584963
2010461059
2010391446
1995711126
1995777750
1995913206
917856118
917789990
922017078
922529031
922723333
922652693
1996456980
2004714516
1966707796
1950006720
1950269248
1680774993
1684965153
1684834083
3831816995
3844596003
3844601123
3848656163
3848623395
3848631585
3833034033
3858191729
3858193489
3858193489
3858201811
3858234707
3858201939
3858071411
1710571507
1844781011
1878859731
1870610323
1853697939
1853177763
779368355
787813283
782046119
782046135
781734599
798528205
764977869
1022933853
754493727
745052447
1814599687
1680578567
1680522247
1680515079
3844768007
3845046564
2804871460
2809095456
2792192800
2793224992
2801614624
2797426208
2797556240
2814341696
2814211026
2780592034
3028028834
4030466210
4030466210
4047444402
1664497042
1647452550
1660035462
582033799
867242477
815854365
815840013
815835917
811637535
807516430
1881389062
1948425222
1965195270
1965457414
1999028534
1982727014
2004755298
2004624162
4118553382
3564910374
3573300006
3573365038
3569293614
4106213694
4122515918
4156079502
3601367437
3601437116
4134056364
4129862060
4129862052
4146901412
4114526692
3846108644
3850268133
3858726387
3858725331
3858660675
3858758995
3858224467
3858093907
3858102099
3883792211
3883792243
3883791731
3879597555
3845969395
3846001123
3850326499
3850311011
3883865459
3892264275
3892264275
3892263235
4026481107
2113878483
2113879443
2113738626
2105349762
2138387090
2138514098
2130129570
2125812451
2125779939
2125772593
2125774081
2129964288
2121639940
2117515284
2000066560
4113996801
4097215489
4101408083
3830744419
3830752610
3831277411
3831494467
3831486291
3850229603
3850158561
3850126817
3850139107
3850188259
3816766947
3825090035
1677605203
1660893507
1660893441
1677539585
872232193
863843093
863842837
872362549
834613813
815608381
814536255
814520855
277646279
281844103
273652103
823040391
1930337414
1930334342
1981714566
1988006310
2004791778
3883704674
3883704674
3879198995
3845648691
3846033715
3845996835
3850196321
3850311009
3858699617
1744770417
1744770387
1660892483
1660892103
1660892117
855454429
851251933
851194584
850671256
867528408
328526552
315947784
315918665
307599561
305589385
37101707
37101963
37093774
91620254
83243942
76997474
347333410
346063622
77628470
82095142
90483742
103737358
237651983
237635597
170527021
174590509
182988333
178790973
180040197
247075333
247071297
250233681
241877345
258594273
258596337
225032691
225032691
225294834
225294834
225311218
225311218
225311218
225278450
233789938
233798643
233798641
233667568
233700336
225311696
225311056
258857232
225286448
221096240
221096241
221096241
221223217
221219185
225414129
225418993
233815729
1303232179
1303246483
1302950546
1307390642
1307390370
1298936995
1227630819
1232021587
1233004547
159328259
192243715
192242963
191324434
166150914
166676242
166678386
167594979
201152995
190605793
190606769
186475921
186610064
186008017
192366033
225920401
224775569
208009649
207743409
207743921
207863473
207853201
216236689
217154544
231780640
223387680
219193376
204579120
204649985
203872769
216975875
212486674
212421426
229136418
250113138
237515842
237965506
237371586
237109490
178393506
179450786
179511970
194014850
1234233986
1213315986
1209244402
1215535826
1223941842
1224070866
1219359381
1219289764
1241309860
1257824684
1515774380
1511579832
1243145368
1312472280
239003656
124709128
90602252
90573583
6490910
23137582
23072814
6295598
275906574
273858830
273843022
272867918
281064046
281329390
272927146
806127786
269342874
286218378
286144654
21378238
25571758
25302005
26345988
