3043122447
3052549982
3052626654
3052495614
2515555310
2515551726
2515551470
2540752126
2540825807
2540891591
2524112327
2524111303
2540958165
2473611493
2440036583
2435973375
2440176078
2440175950
3547538266
3530634106
3539276602
3539276842
3539731498
3266839578
3266847754
1134046218
1138248714
1104694282
3310967834
3294182682
3428532026
3436844570
3432649242
3432714778
3367514906
3367506730
3370648363
2296927019
2305315691
2305381227
2305390459
2305388411
3387551739
3387549625
3387544473
3379151240
3387523464
3379147160
3379150232
3412827048
3408649129
3408657387
3408653082
3412845834
3454656778
3454660891
3450466617
3450593576
3454792040
3379285480
3379153896
3374959576
3374971720
3375098635
3375099658
3379291402
3383345482
3416899962
3387670890
3387671018
3379155450
3379290586
3387680218
3387549178
3387551722
2313809915
2313924603
2313922395
2313802523
2347352859
2338967833
2347491609
3421200681
3412751401
3412804904
3380172088
3442438472
3442164680
3442164680
1298743752
1298744712
1294564536
1294548200
1260985561
1227561993
1231762699
1240086282
1240080922
1240146458
1231561274
1231557434
1231557482
1240036218
1235964922
3383449594
3383320442
3383320442
3387555706
3379164539
3387548121
3387679177
3383484889
3387548137
3379152361
3374960105
3374963051
3408521530
3408652570
3387647242
3383451914
3383443722
3383476538
3387674985
3387543913
3379155304
3379164520
3379164504
3379164632
3374966233
3375097337
3379291641
3379295705
3387684297
3387686345
3379166713
3379158379
3374964091
3408508234
3412829514
3421217098
3421217258
3387666923
3370881448
3370881208
3370758552
1214887320
1210828728
1277906600
1277823660
1277831868
1278880397
1295707022
3460218246
3327628422
3327505622
3338449206
3334243126
3332997686
3601433124
3601375788
3597182508
3056121388
3190328876
3190459692
3190459880
2905247704
2892664521
2892668491
2888539723
2888351275
2892545577
2892555881
2900948712
2892526504
2892522408
2888328105
2892522925
2758299053
2766948541
2767014077
2767091871
2767087759
2707843470
2724619662
2724618638
2724610958
2724675998
2724472238
2732862958
2799971694
2799967546
2791775498
2792303882
2800561178
2796102698
2796109866
2812919866
2812866651
2812846152
3047793480
3043594824
3039413832
3039420008
3022732840
3022727976
3026926889
3026795595
4108926026
3572042842
2515143706
2548698122
2548759562
3601574922
3601572874
3601441034
3601371659
3735585336
3735589416
3731469096
3660157992
2586412072
3123350568
3123354664
3140139848
3093995083
2833944139
2833878539
2825491993
2825442920
2892556008
2900911784
2900895401
2892511147
2758293418
2758292906
2758294698
2766671022
3030912190
3030977695
3047847053
3081430156
3086672076
3078268173
3073283595
3073031706
3173771834
3173575210
3177740842
3177717034
3119055914
3152740394
2594897978
2594910218
2594775115
2598909147
2590514411
2406030505
3446282425
3437902984
3303685516
3303767436
3303636868
3303636884
1080784788
1076590516
1093362612
1126855665
1110078418
1114530130
1114461558
1114430566
1114413158
1399363686
1382651997
1382725708
1391180812
1382659356
1382658844
1445704220
1445720628
1428890148
1546270245
1550716711
1559103782
1487800630
1491413302
1484007687
1500851463
1263871239
1228944143
1228952382
1228986158
1237368618
1233174314
1249951018
1250202938
1250398266
3398340666
3398340666
3398153274
3402234938
3394849850
3409659962
3376040234
3380248426
3388637050
3388566858
3422057802
3420999755
3412590681
3412656217
3379171673
3379181433
3362400873
3370744425
3370736361
3370777241
3454598793
3454571144
3488125576
3353907896
3337220776
1199137448
1161392808
1094327960
1092229836
1126046540
34937660
36972853
36976917
41358341
41299972
40243200
40243200
36044816
36045872
40308016
124590384
124591920
124591920
91037233
99450417
91062065
91052817
225430291
225151314
225155538
225023474
141144562
141144498
149533107
1223405971
1219211921
1219211920
1219212948
1219229436
1219096188
3366514216
3370692392
3370691880
3630738728
3630741304
3626542616
3626541640
3627659976
4179219160
4179215080
4182496232
4191150569
4224705899
4291683674
4292724058
4150118234
4085106650
4085073562
4067250074
4067233210
4067237034
1382882490
1382356122
1390743690
1403326602
1369837706
1353068682
1081483450
1081368746
1077699822
1081933054
1090050302
1375468622
1475001422
1458218063
1458151516
1592303672
1583931432
1600709416
1567227432
2020277800
2020269608
4167734824
4167602728
4167610920
3915948584
3915944504
4217942552
4219008536
4198071931
4265155178
3732478570
3597207850
1458112554
1122568250
1122704398
1122635790
65671174
32112642
7999490
8003586
8020034
24827074
58428626
40601746
40605842
40482994
41531570
58325234
24770802
7960690
7944243
7944497
16463665
33235504
66790128
66806416
66835072
23824016
6916753
6916755
15567538
15571634
15056562
14988962
1089774306
1107092198
1140630246
1134407654
3264856038
3264986598
3264978390
3264976342
3271078398
2197332477
2464719356
2456330728
2519576936
2536411688
3022950952
3022967320
2955301384
4028961304
3760468536
3760469544
3764657448
3840150568
3856927802
4024765450
3949792330
4214033610
2066549962
2070486250
4188615786
3651760154
3685339146
3685322762
3685462058
3668680746
2594939178
2599133755
3664355865
2586423896
2586415736
2586415720
3123417192
3123351784
3123364072
3106587080
3089778376
3156893384
4230630088
3966356200
3974692584
2762534376
2762536443
2762785226
3840721738
3849081450
3844878954
3878498938
1731015178
1731014986
1735209082
1710044394
1638872234
1638743194
1907170442
1940724874
330161290
333812874
329757066
61256074
1134997914
1135010730
1135535018
1139696106
1131307502
1131030014
1131097342
1130970366
1139349758
1139415246
1139432654
1135246542
3349804127
3353932909
1206444396
1172873580
1290318380
1290383916
1282127404
1282397752
1210441276
1210383916
1478553132
1478553132
1478555436
1496380189
1498525963
1531023642
1522767162
3670252858
3670120506
3670063130
3670321210
3670391866
3671061562
3662565402
3662282762
3393852442
3402250026
3403286058
3415868970
3401123594
3404203274
3404223498
3395874891
3395875193
3396071801
3412775241
3379216713
3362409803
3362331131
3362269611
3425184171
1282096539
1282021257
1156125320
1151873720
1152914088
1090007720
1077419688
1077698216
1892060
1896004
1371908
30852357
64414977
41346049
37151745
37637185
37702673
37622801
36573457
40763667
49222418
66019890
66019890
32371250
82693650
82692626
78367506
78371603
99220241
124315952
103345440
103342368
103346208
241926160
241860608
258650433
157987669
149656156
145460824
145464024
1219205848
1223211768
1223208552
1491658344
1491924584
1483502440
2019844904
2018845496
939860779
956375850
989929786
989933594
977473562
977469498
985728026
1053037658
1069829338
391433370
326470794
326470794
325946506
309298586
49255866
48599466
44430250
1118753690
1119802250
1123742650
1123721706
1123590250
1123591278
1119403102
1186640974
1189782607
1181392972
1315631192
1311404056
1596600376
472518696
405411624
405411368
409865768
418317848
418133512
417604104
410264073
408180251
190078522
180714346
176515434
177023354
178002251
245107017
116983128
107544664
36372572
36307028
36311232
36336065
53113281
53136851
57264626
57268658
57276850
57277874
23722418
32106930
15329714
15333810
11127282
11131250
28047634
27901299
32024033
32023009
23830929
2785665
7046529
7046544
15435152
11130865
1089042147
1088972326
1097362982
1097361966
3241958190
3225213226
3245922618
3248004362
3281752330
3332014858
3334177626
3334058987
3337135080
3328745960
3328741864
3597243880
3609892824
3559575048
3559579144
3559570952
4096632344
4029457976
4029470248
4100769640
3035416555
3052193466
3186411194
3186426538
3178042026
2670408170
2674603050
2682989610
2611686442
2611635226
2611733514
2594938890
3672879115
3668607256
3672867704
3672678888
3660099960
3660103800
3660234856
3727310952
3693755736
3693750856
4234812104
4243278552
4238932728
4238927576
4239169240
4104946424
3035398827
3077346986
3060643498
3190290346
3194447802
3194303898
3211006106
3178561786
3170762986
2631803002
2631541882
2631476314
3751289946
3734598730
3466313929
3468284104
3472486616
3471438072
3463049720
3458912760
1563054808
1546278472
1546259976
1546258952
1483278872
1013721656
1009543721
1009527595
740560250
623119770
660669594
643891354
644952250
642851002
574693546
574824618
851583210
868376810
864215290
864473306
851805402
851746042
843353258
843876522
839747770
839899290
302938266
303724954
324680666
301608666
284913371
279707211
279688713
279688728
296265272
317239084
317234476
308840748
37455933
37406751
37361670
37365782
41560370
66722610
28969523
28974593
28976640
78259712
32141824
23757312
23823104
19628481
23822801
74154899
82412211
82416371
208246389
1277804093
1277803068
1496902184
1530456616
1526262568
1522028344
2075658104
2025330616
2025337769
1559765418
3698861226
3711460522
3742917802
3590972570
1447682186
1456054410
1453039754
1385869450
1386127514
1392435370
1383973034
1362052331
3496875259
3496359131
3513130107
3521518699
3521448315
3521395482
3248777802
3232033370
3232234010
1101985307
1190040075
1181319961
1315471656
1315480616
1315482668
1311288380
1311439900
1311431692
254418180
204344772
204344195
209525666
217852834
79178658
77081522
77279106
79304322
11142850
11142082
11092801
32043344
32092432
23826688
23823104
23822864
23638560
86549029
69969429
69914127
204130827
136956475
417909545
1488518440
1572404712
2109242792
2147024296
2137580968
1463412649
1463412667
1450832826
1448735162
1389220266
1386213546
1386127530
1386127530
1392435354
1384112331
1378730203
1378832633
1378759771
1361458267
1080442138
1088822042
1084688922
1084496442
3232000570
3232033338
3232546362
3282875962
3270480699
1450148665
1449755960
1583920184
1583918140
1579727916
1579924540
1579834380
522849284
489293892
422185952
158014179
229194466
263797490
263727682
246951426
246097410
111805954
132858626
65650946
65634578
65634610
23691574
74158366
74167066
82427707
82427449
216644152
208255512
409509432
405315112
946386472
1014543976
746125032
745076392
627605160
1999191721
2000240571
1987787946
853222570
849289386
849158298
848130186
848294042
315547818
308207786
320259515
288773517
287731149
287714781
287320553
291518831
299907950
283343710
283310926
283360586
283229466
1357165866
1357165866
1403303226
1923454522
1924111929
1991219768
1995283000
1982642744
1445321016
1445349436
371591228
388368404
388372500
388442131
125118962
129380002
127272594
96339586
96339586
78464706
1152225026
1101628690
1101770770
1101766674
3249123378
3249049632
3303584032
3295196132
2489958060
2485820060
2485820060
4096498328
4096515768
4096358056
4029428392
4045681385
3814994410
3814990058
4158928106
4125440218
4126619850
4126554314
3585489098
3584965834
3584894154
3349967050
3349954794
3333013738
3334070506
3334071530
2264427754
2255084794
2271988955
2238354905
2221576665
2229965784
2498466552
2498269944
2498275048
3035148008
3026759272
3022831144
2754453032
2704121384
2703603240
2703533608
2703554088
2736903723
2736867179
2741061498
2791376250
2791378202
2791381018
3068606490
3068602394
3199150106
3199151130
2661954586
3739881482
3672768522
3404337162
1273630730
1235881995
1269505080
1252547688
1256741224
1244200296
170655064
187348168
187347147
153866442
137086154
137043162
137042170
1223375338
1219181162
1219181162
1286156026
1286088330
3433576074
3433566874
3299349179
3303568057
3303666328
3303659192
3303604136
3295211436
3291278252
1143794596
1161096100
1115155428
1123543508
1114897744
1110635712
35836096
36106432
36073664
36073680
2494672
2232769
6423493
14877303
14763567
14738986
14724650
14724650
31504938
316705594
316966970
384141338
1449626635
1986896905
1986830392
4129927208
4129984568
3878327064
3962213912
2888482360
2892667448
2892728872
2888350248
2888625704
2888627752
2888585768
2754368232
2758546344
2775318968
2783774140
2783513788
2783517884
2779462845
2712370359
2712630430
2746115230
2746114510
2749769694
2737252062
2736996302
3810732494
3810601214
4083161262
4087418046
4053929162
4054987978
3518112970
3572706378
3304336410
3299093546
3315940650
3248829738
3350017306
3333166090
3333162074
3337356539
3328724217
3328801976
3328801944
1198224776
1298887560
1282110104
1282372344
1278079608
1278079512
1546450456
472184376
472180280
488941369
489005850
535277834
1604826890
1589090059
1588961048
1320524600
1190517752
1189988856
1114459544
1114572168
1122632073
1122632091
1122644474
1131291118
1097736246
1080963074
1080972290
7263298
15651906
15725762
1097856210
1131410834
1122760082
1123802578
1123798994
1123672051
1122561955
1122561957
1105784228
1089076660
1089197468
1080676796
1076425644
1076687853
1076687727
3223647022
3227902750
3227903754
3236294426
3236297530
3315923754
3332696938
3333286906
3333224891
3337407897
3261908120
3257778328
1110438104
1110335704
1110335512
1110323228
1126572316
1076245300
1076237877
6692373
6430213
14812673
14747137
14685717
98580021
124018471
1181014310
1176934678
1193711622
1198427138
3488515138
3450437973
3450377204
3433607908
2359993076
2359993076
2632627956
2632556268
2624372460
3161238252
3173296744
2904865384
2905906729
2939469433
2938418763
2942611995
2775437882
2775433770
2771239467
2771244907
2771253115
2737656793
2741982169
2741981657
2792165881
2792165819
2808418746
2808419770
2775006362
2917611674
2917611674
3182377098
3165595786
3165469834
2628588698
2628653194
2629701770
2378047625
2377507225
2410996648
2398467049
2389940201
3459485547
3459353387
3325082427
3596675419
3596675529
1449224328
1449278616
1377967272
1344406712
1344406920
270665352
270743176
811623080
820044520
551592936
551596392
551588152
1910617656
1902231065
1898035738
1898052122
1365318202
1398872874
3554745386
3550944298
3617983530
3617983498
3349621834
3350690890
3321877834
3321811786
2281632634
2264916778
2264720170
2264721210
2263670137
3329083640
3329083560
3262109880
3245267336
3228491400
3228452488
1344685704
1344542392
1344546472
1344548520
807415272
807414888
811611179
820064314
820064282
299986954
283210762
283204874
279009562
10705274
27408858
27404682
60975497
61076872
308384136
304189848
304120312
304121320
304136040
308394360
308395384
304190840
304214393
1378021675
1394766122
1365398314
1357274922
1353136922
1353530126
1085225486
1084890062
1101683597
1403704204
1403634072
1382580648
1378386856
1395176424
1932304936
1898750521
1965927963
1952823866
1961212458
1961753131
4243585835
4243586105
4235170825
3697770505
2615640091
2599321658
2600394778
2600363038
2329818398
2329810238
2329810218
2340095018
2298086698
2297044282
2292850442
2292715274
2292715274
2292715274
2296907547
2313684315
2313765211
2313777531
2313937275
2313941355
2305413481
2305410409
2305414505
2305414521
2305555801
2305424713
2305420633
2305419643
2305550683
2305555275
2305556299
2313928539
2313795579
2313794043
2347340185
2339090840
2322313656
3463025064
3463020968
3597247656
3593055384
3593186440
3526032568
1378491560
1395277736
1361716888
1345205896
1357842056
1352925849
1352926137
1352954203
1353113867
1357309194
1080946446
1080885038
1349316398
1357753646
3501045054
3502015774
3585705295
3606742989
3598626509
2519641685
2519711349
2519578405
2523722533
2541548325
2684121909
2675782519
2656908135
2664769383
2664762727
2664762678
2615086102
2581531670
2558399494
2558424070
2564809742
2564596766
3633882159
3649610863
2609427709
2596843772
2588643560
3122300392
3122302456
3126508504
3122310108
2870655996
2904199164
2887746940
2887759229
2887766907
2826950191
2843727407
2877249071
2856275479
2856154375
2860279095
2868667439
2864202799
3937027166
3937037390
3942263814
4198050822
4198051126
4181273954
4164628450
4164892578
4177397394
4173203074
4173221507
4173323905
4173179840
4206668224
4210862080
4198336512
4198470704
3124076576
2872418336
2906054948
2889236780
3960734184
3964933097
3981716458
4007082730
4277603066
4277996250
4276951754
2129211082
1592275918
1575486414
1558774214
1291465158
1291477447
1291739601
217938417
218065393
268396881
251657537
251512145
1332577105
1294828305
1547534597
1547538772
1564257764
1467853284
1459530133
1450609541
3598159767
3597436599
4268544687
4284863214
4284998254
4252852782
4252787246
4261356318
4294840606
4278128702
3741126718
3732681774
1518087214
1513958526
1532897358
1482045774
1489375054
1485115214
1485059550
1485055455
1489248703
1506026413
1506239149
1506210477
1506005685
1505792661
1572905693
1547739997
1547743517
1547746364
1548789804
3696601132
3696670765
3695614309
3712470501
3579234245
4116104069
4149658501
2530658228
2666979252
2667052980
3203461108
3195070196
3211847284
3178275372
3186725420
3182527021
3216016942
3220237862
3207653942
3189824118
3206729702
3206729142
2917549206
2914403462
2897564823
3050599591
3050595823
3084150237
3077842381
3077842381
3039837663
3027442159
3034712550
3034713062
3047312326
2544066374
2548098822
2522931462
2518737206
2518938678
3609351190
3576845570
3564246291
3564320625
3572967377
3572904917
3572892629
3572958132
1442644452
3590123876
3724321852
2138881052
2138872124
2105059596
1836747017
1870313480
1853537304
1782296585
1782141129
1849163913
1849360553
1866072233
1818895017
1823083163
1823152793
750267017
1018702473
884746890
935128714
385655754
373199082
371687531
371490827
908369931
908566553
909093928
338356504
1412061704
1416251912
1424640824
3299346728
3299347496
3299345433
3451396185
2409243131
2375689130
2375680682
2375567018
2379794090
2373752506
2407372430
2407376590
2390533982
2520548717
2520620408
3057232460
3074009612
2805639692
2772077084
2772088380
2805637933
2805485674
2737570922
2737573099
2737703145
2704148588
2699706236
2695499480
4037620360
4038599304
4055377547
2443716010
2481484970
2473115818
3509092538
3492446538
3492450826
3492471306
1344890378
1357475642
1357527339
1357519145
1374292233
1399459080
1400833352
322704856
322707880
303833528
303833496
302265240
302252472
306446761
306512297
315048171
328654971
297181466
296067354
300196122
1373933850
1373999386
1408217098
1475190794
1475122218
1476381738
1471864298
1438312921
1438280584
1442544264
3580381848
3576188600
3576219288
1898677176
1903145897
1710072747
1684841130
1702142699
1695851245
1729201021
1711439924
3859980324
4128400420
4264569892
3190044692
3206949156
3185973796
2644904484
2678458916
2679967236
2679907909
2411472597
2411471205
2247901549
2221818477
2221818589
2154460046
2154324362
2221465770
2238483626
2540538026
2540603610
2519640266
3593447434
3527190538
3526726666
3526881354
3527299274
3615359162
4160618666
4127073194
4108218026
4108319435
4110416463
3573266957
3567827468
1424539140
1349056260
1344811312
1344876832
1412047201
1412047265
1969886625
1923761569
1923761536
1924055168
317030528
309633264
846504236
863281960
1886713385
1618192938
1617996330
1634773802
1677179690
1659275594
1650753547
1647083531
1647083529
1647308841
1663967273
1630413099
1617832747
1626212907
1622084121
3770497544
4043062856
4034672584
3514565576
3521008552
3516854952
3582784168
2492003992
2492243613
2492316335
2497555375
2486497198
2503235486
2536927630
2520654734
2524849038
4139657142
4155981734
4159971238
4118022054
4248568766
2101158602
1965499914
1965320971
1965353241
1978116136
1705424937
1738972489
1877391307
1861595850
1859425994
1858377066
1858386990
4006983726
3849820207
3845557277
3845030924
3845042180
3878613028
3878572076
4001251624
4009624040
3875344312
3883666344
3833346728
3833428664
3841968792
3837250184
3853309641
3886871115
3886870794
3882639466
2771132650
3039764718
3022927270
3157134006
3169716886
4240378582
4240259782
4256967174
3182193159
3215781381
3215255317
4293375797
4280386149
4281434853
4279288565
4278195909
4244645575
4244845303
4244779111
4250079271
4237361199
4103340047
4103356429
3566494733
1419242777
1414982185
1428048425
1396574841
1379535817
1379539337
1920469131
855379131
870057147
836501915
818746203
818811419
835596843
836706859
861742889
861695805
860716893
843341709
843337629
843337149
843320747
843914667
852450730
600825262
600751534
568307199
568698143
828416799
895525653
929079829
924955157
1059299871
2134107711
2131958573
2031225129
2037528617
2040670265
1503795209
1504053513
1504117513
1503658827
1508918251
1498440106
1526784426
1493229994
1493295498
1526789066
1530984394
1505787770
1501575978
1501772587
1501706539
1501763899
1229262106
3374122250
3473473802
3473622282
3473597722
3482035499
3481841001
3481830872
2408088984
2677642668
2677773484
2547748012
2522451116
2518256805
2451279014
2988356774
2990448806
4064207014
4064207358
3795739518
3807257114
1659183627
1659184649
1650925080
1629948424
1881606664
1882069512
1953380873
1957628507
1957648075
1957025419
1957483147
1961657019
4125917609
4155289769
4121797864
3049235689
3053446507
3053381135
3042887198
3042891326
3076421182
3078452798
3069469998
2998686830
2998666287
4076620829
4064036873
4062169096
4078890296
1646192428
1652482620
1677628185
601723337
592232585
588006537
537660569
537659577
537278889
541468331
548799211
614732299
883171851
883171851
884272665
884255273
888580904
1960225561
2010942217
1993117451
918979930
918983962
906399802
2114449450
1040457774
2115903534
1579032622
1516118126
1522140398
1537936838
1487605702
1219305094
1219305118
1285895870
1285912222
1286715023
1286643389
1284546220
3695226284
3422591160
3422656664
3422656728
3573803064
3607455800
3607440440
3611702312
3588100652
3298689580
2224685612
2224751165
3298300639
3298312894
3294134954
3305735866
3339369882
3322587290
3456870554
3457726602
3474762122
3474778570
3443418891
3426640393
2356048392
2359968316
2360001324
2376856356
2411259172
2394466337
2392373281
2396555299
2387315811
2387266802
2400079058
2370706882
2354986690
2354974451
2365525731
2362969825
2362973937
2362977617
2379753473
2412263425
2395482115
2396547091
2392385570
2392456226
2396769314
2396704114
2413546962
2239745922
2222968706
2222939030
2222791590
2220637158
2220637030
2220632374
2371823878
2273193222
2264869895
2264411143
2264402999
2264419621
2197375269
2188986661
2188987253
2214447957
2181012309
2172632021
2155854805
2155724277
2155724213
2155724213
2155722676
2153625524
2170402748
2172491708
2436872124
2436806076
2470359464
2470355112
2469830824
3005670632
3005672569
2972084283
2976278810
2976327994
2984720698
2447841594
2447707402
2447639882
2447709002
2443653754
2175218218
2179732010
2179727930
2179733274
2179737146
2179982894
2179981871
2213319261
2213315277
2179761036
2171372940
2171444668
2435693029
2419046757
2418977143
2435770710
2503929670
2535352134
2539533126
2546864863
2542671615
2543785711
2514239471
2505850862
2237414878
2229026254
2228694222
2223453406
2223322334
2241082590
2408867038
2396290399
2398477655
2398606677
2398614837
2390094117
2406994229
2372293397
2363914007
2363850358
2221162214
2222205926
2354326502
2220177910
2237012294
2278971398
2261867526
2263899159
2263931959
2263995413
2197017604
2197017620
2197015604
2196884516
2197244197
2214025509
2163636519
2163636518
2161638182
2153110310
2153548662
2170329942
2203892695
2203892181
2187172309
2187172036
2187311236
2182593668
2182601940
2182534388
2181494244
2181494636
2185686909
2194008861
2193942813
2194012447
2194098463
2194032927
2194558750
2211405598
2177728062
2160951102
2161057566
2161008398
2162056974
2162122590
2229043182
2229073839
2245842863
2245842877
2220873373
2220848797
2220850845
2350332573
2350332829
2350349245
2350381503
2349985247
2354095439
3453001991
3387990295
3417354557
3421540653
3673199916
3662715948
3658717244
3675445276
3675446620
2031285628
2031285116
2031276924
2063880477
2063917339
2030363675
2013636666
1749530682
1757919290
1753594139
1753742104
1753667096
1757823496
1761935884
1761870396
1761879661
1761881967
692403055
730794294
713956615
713766661
982065924
445182724
432579440
403220192
403218080
403218096
403289776
403681968
403616401
419885699
436654722
436657538
440846338
1591117842
1588889634
1571073058
2091163938
2024055095
2029826573
2021556748
2065600012
2048838348
4196027012
4196010645
4195884967
4208469166
4187758766
4169928874
4170068154
4170080410
3653756062
1539632366
1522838566
3670055990
4208040982
4208112662
4208104511
4208104253
4199712317
2068960796
2063626780
2063606332
2030514980
2013729060
2017792036
2026640676
2026723636
2022701636
2026809924
2026879556
2068750021
2047775431
2047836871
2047132663
2047136229
1795449069
1749312748
1757903340
1757829628
1757830084
1757838020
1749350084
1749349068
1749349021
1808110255
1791989679
1791990702
1791998390
1783429302
1783397558
1846288454
4263456782
4265476126
4282253358
3992344366
3971481126
3969187366
3968114214
3984885534
3951853837
3935076364
4195336204
4196274252
4213051644
4213052908
2032019884
1758276012
1754086303
2022521742
2022452110
2026645390
2021925518
948236990
965202926
982512110
1049470205
1049409748
1044682964
1040505972
1040512124
1040576636
772206684
756462460
752267887
747802158
746621486
746625566
750820110
738232590
671533326
689321230
1796612622
1798709807
1802900015
1811153455
1804862255
1754542349
679748620
679750660
948267268
948234756
944024132
939834052
939915908
939980420
973492869
1040585605
1044775349
1044709861
1053040741
1053089829
1048883247
1719971882
1703197738
1686407194
1686407242
1820690522
1820690778
1824955210
4010189387
3993395788
3994428140
3994432236
2920690348
2933326756
3196389268
3213113220
3213108615
2642683334
2642683366
2374254054
2378435814
2235828694
2227636678
2227571142
2357623238
3448171670
3482299543
3469585557
3462249604
3725958272
3726089408
3726093504
3728190528
2100734976
2083693824
1949472512
1949468208
1947435552
3843084832
3875599136
3863003424
3880173584
3888541696
3856027909
3839233541
1693911647
1693784815
1693727470
1819552430
1819552686
1819544974
1817182406
1825571014
1824526454
1820418083
1820581923
1870831635
1791139842
2059576578
2051186434
2051247634
2046858802
2046879270
4177584678
4164969263
4173813037
4186311788
4219865324
4224059612
4224075973
4224075975
4225203334
3646775686
3646907014
3713929878
2647524022
2676626086
2676499110
2659722982
2659724774
2665233638
2665225471
2665307357
2677394637
3717565644
3721772164
3696733572
3691425684
4245077652
2131146372
2114364032
2114298560
1981146065
1981146339
1696005347
1685506146
1689700466
1689701378
1823788034
2092225554
2088031250
2134828290
4265534978
4265537074
4269723170
3936210467
3952664163
3952668405
3919113940
3919081428
3948494292
3944619364
3944614948
3911058720
3910533408
1750483249
1758524177
1757471237
1757454861
1765843535
1795397198
1795398238
1761843822
3892550446
3896760622
3963870494
3972251662
3973562381
4025892956
4210950492
4202566108
4202567132
4198371325
4202367471
4210629114
4189599962
4172840154
4172870874
4172849370
3097010267
3097010521
3097076349
3092816493
3087569509
3087913509
4161761893
3910088295
3943642615
3931051221
3938792580
3934598292
3934729372
4219876508
2072458444
2038719948
2021680476
2025908095
2025977470
2017588830
2013386366
2013369982
2013503070
4177698062
3947006990
3938551830
3934297398
3938692870
3930502663
3926299141
3926299221
3926897380
3927765988
3927724516
3931635941
3931635941
3932102869
3932037333
1792942327
1809711223
2023621719
2022644997
2022649601
1552887297
478881281
478770757
478737989
478713799
231441863
239764870
505054686
438275542
438144470
957128054
939834222
742698862
746891247
751284685
776384909
773243276
772980893
638730413
638800293
1715496365
1723884973
1740664249
1707175817
1707277192
1742199752
1637142268
1622429437
1626683093
1679893185
1681072787
1681008290
1683187618
1737617634
1720828146
1720877122
1857205250
2128866306
2137061426
1830943011
1818458657
1818638884
1819675172
1836387868
1869877772
1802772941
1851023534
1875141806
1875142078
1841659534
2110092934
2143777462
2139574902
1989497646
1991598125
1990488120
1994735672
2003256328
1966492680
1947619080
1947620872
1946633752
872760841
626286155
626285531
635296218
568326554
559532443
559533531
593088985
592027721
592027705
575250473
575381545
1716105257
1728678953
1733004600
1733200252
1733206012
1863188460
1862541037
3976666799
3892719278
3905302190
3900845798
3900714870
3900718422
4169149766
2038443206
2076189830
1606428038
1572873602
1556184451
478272640
478272640
482580608
474126480
1543675344
1595053312
1983031044
1982244356
1986500116
1986829860
1726783020
3874003500
4008217132
4016605997
3950759915
3948545450
3944359354
3947834554
1800355050
1775119466
1776172142
1771969854
1771832590
1775509775
701817100
725917960
721461560
704751416
704752409
704756249
704813689
1778551673
1778551769
1778877897
1845920201
1846452697
3998130665
3998196201
3998138347
4014922731
3977206395
3964566235
3965590235
3831369613
1683293573
1685389717
1624309937
1892757665
1887446177
1887446177
1921000625
848437379
850554947
312656131
316703538
308323110
841262638
824490538
875477562
1953405722
1954187578
2094582058
1825098234
751324619
743257994
743319434
739124906
739124143
743318447
1842213293
1858392221
1854185628
1854188700
1858906332
1868348172
1870510604
1731701276
1697028637
1680264759
3827748646
3828764134
3830922662
3830792102
3838125970
3854901954
3888591430
4141224454
4139200774
4070846527
4070838316
4087612456
4049882168
4096903240
4094871560
4111632392
4149393672
4141067016
4277251595
4277249562
4277383738
4271084074
4271211050
4275941738
3192754410
3193667839
3122303197
4211777733
3909804229
3893060932
3893247829
1745763885
1749952047
1757755183
1757680427
1757675881
1757688025
1774462153
1808018569
734296201
730134683
730134938
969277322
961478346
957271754
957238858
958287483
962532971
964441389
972300349
955519037
953298973
953294877
952312877
1019227429
1019230503
1010858855
759200103
759232815
792853823
658963743
642184455
642233623
658802487
591695399
553946663
553946663
554011175
554142503
558340903
591899431
591899447
587569927
588090135
588089655
655079719
625715303
633972839
608811463
604621255
605014999
604953575
604437223
625371879
625175287
759376471
792800119
801184055
801201207
801201175
667245574
634149958
634244310
634112486
634124710
1707846546
1741269890
1732815746
1732882322
1733017250
1741594338
3889073875
3888549571
3879919297
3863085009
3808459233
3808434656
3808435360
3808631973
3779280039
3787676839
3783482614
3816947138
3816860482
3817126402
3817118210
3804610066
3796745779
3792615267
2785981905
2803815617
2803813569
2774486161
2759661729
2759797153
3028172513
3028160115
4109700659
4126424627
4155780403
4155517987
4136843315
4136786947
4135771393
4135761217
4064647105
4060387297
4060385185
4077162385
4043737475
4026976723
4027013603
4026805731
4031066081
2958438369
2966896609
2979340275
2979343809
4089735491
4089739331
4089763859
4089830675
4073061747
4064669681
4148559859
4144496595
4148354499
4114794947
4123187411
4106352754
4106283298
4114672931
4114738995
4114865715
4114734899
3040935731
2537881377
2546335521
3083337491
3083267651
3066543683
3066402419
3057944562
3057944050
3074936018
3070676098
3038170242
3021429906
3021286818
3021942498
3026136806
3034390114
3030130227
3030134547
2497474305
2514283776
2548038928
2531177728
3066990912
3067052496
3058471136
3072176352
3038683216
2753475652
3829304388
3829258596
3829267244
3829399084
3829220905
3829138971
3829142299
3829151034
3849590058
3858191722
3887562090
3887460187
3870617545
3870619592
3874785224
3874784760
3883307496
3849777496
3826708809
3759567113
3759481131
3759481131
3763672874
3774285610
3769960202
3774119178
3790892298
3824966938
1677677930
1660383610
1651782475
1651774283
1649873753
1666593641
1633039209
1623601529
1619408217
612709705
613692747
617878987
619976139
611653082
611653594
619018202
619566810
615372506
632076250
665630554
669823322
653111674
644854106
1714401626
1714327643
1714327803
1714327785
1731114216
1697576360
1680765608
1613640360
1617827497
1617827497
1626087099
1621900187
1621899483
547633243
564603931
564601867
597958667
602149193
603395049
601101225
600056745
600590271
592302015
592305567
592305599
592304575
592312751
593357231
595454143
595585279
594536927
594541007
560962015
569359839
569359871
569227503
560838783
556644479
556644415
556775479
556705831
556693607
556677223
556730599
556734951
560863975
565066471
565132023
564927175
564935367
564935367
564935247
565000735
569207327
569207327
569178911
569170719
560847647
560847647
560978719
560978719
560974687
562022751
595450239
595450239
595458543
603847167
587069951
578674143
847091103
847222174
846705054
863220158
829665790
836998654
820155486
820158478
274964494
274849806
270757915
270692633
274862872
275127832
283527736
1374014009
1403841051
1403890186
1391299082
1927841354
1919451898
1919451834
1915458491
1646965227
1646960745
1647013935
1647195167
1663968271
591277103
595338287
597427241
596902953
579147032
579087624
848047368
315382024
307088216
307071944
38571976
34377672
34577880
38714824
47103068
42908700
1116666940
1116698684
1116682301
1187919909
1309555047
1243487079
1262361287
1215240903
1223638726
145587910
145620694
149749750
142467062
135656886
134539198
134541230
402975662
470084270
1006955182
1006959262
889584271
906156687
906165965
838977149
838944557
844187437
860976445
827403327
835790911
834791487
599955519
583178271
583186767
583109983
650153437
641764605
641764605
771988733
771929341
771941629
721560821
688008423
671231335
683805287
679676471
679549447
679488007
947924485
947922437
947922453
964701717
1002450773
448801631
515914079
532879646
499260190
339877646
339883790
272766734
272893758
809768751
809781039
827115375
558729215
558732799
860863999
860858879
860858879
592296447
592165375
575388127
575322575
575323471
642497631
659270783
654945407
621389055
755606783
738899199
738915567
738868463
671747567
675941359
684395247
680200927
680344263
697118277
697052741
697050693
730605133
797713997
801908559
801910559
801913663
667761215
667761215
634329631
567086927
566775631
566773083
566805851
566871515
860476795
860484987
843836923
843820543
860596735
592034301
592022013
600414685
600545743
566933839
667597919
659274815
621519935
621518975
755736703
755688687
755651823
688524527
692718575
701106927
701172447
697253599
697118413
697050765
697049743
697049742
1770792590
2039244430
2043440782
1506672282
3650092730
3650027130
3700153914
3431489035
2358777355
2365068825
2365129321
2360951465
2361082795
2646266283
2679812537
2681963929
2637729208
2637998744
2637998664
2637146632
2637146632
4130317848
4134515240
4142588441
4142560013
3068805167
3085500527
3043492078
4126749934
3573157062
3562671302
3562679751
3562624855
3562563445
3579340117
3579372885
3588027764
3621582293
3603822037
3603822037
3738171381
3738163063
3738163047
3738039655
3730683175
3747460407
3743388951
3709834055
3693016903
3693008711
3697268727
3562927591
3562929639
3588062695
3579794903
3579794631
3579671751
3579670775
3579802103
3588166134
3588166134
3621591030
3755808759
3755704279
3757797319
3757670359
3757604823
3724044287
3724047359
3724407663
3707622245
3707540277
3699160885
3698634533
3625233701
4162234673
4166432785
4166420481
2014678019
2031477779
2031538209
2065088544
4196286688
3929931936
3997043840
4001303424
1862081184
2126260896
2124163747
4270597762
4270596742
3733726086
3755421926
3696623654
1551237182
1417084942
1425289482
1421087496
1435828744
533787144
504406568
1577104920
1593875976
2097195720
2097199864
2143402923
1975622042
1473613194
1467777162
1450037402
3597586586
3597562042
3598606826
3741212970
3753796910
3753407807
3753405727
3717786941
3721938216
3646505257
3674984745
3659256105
1510642027
1510638043
1514709199
3678972111
3645679773
3628775581
3628767391
3695892878
2639940998
2507735686
2482569862
2482635510
2478453478
2477732454
2443989863
2444030308
2448207924
3018625036
2993456140
4130901064
4130912456
4128831736
1981372904
1931086761
1629109935
1612588734
1685463710
619983774
615527582
615519486
902835286
902899718
894511174
810696130
819134418
814993126
1888521894
1888521910
1905298054
1905306245
1401989780
3536961268
3545603812
3547713124
3547123236
3547127588
4092456228
4092441632
4092040225
4066803745
4063657987
4064182531
4146504199
4146505222
1965483526
1965481494
1818659630
3974989870
3975972910
3990674458
1868424202
1864261642
1864302603
1830748201
1816072488
1816012776
1826504360
1822366377
2107316906
1991842490
1454906250
1454929354
1458094090
1449771066
1449845034
1441456682
1420485163
1420550696
1420325416
1425559064
1144523336
1144588744
1143548072
1411917992
1558736056
1572422796
1589297292
1593737612
1584824716
1580380548
1580441940
1580245284
1595974949
2103487783
4235312439
4235378455
4235370295
4235367991
4250042931
3176174131
3175146034
3175113270
4249104950
4249170726
4246548718
4286186670
4294576270
4271507598
4137289871
4136159371
1988663449
1984736441
1981588616
1981653192
1981718728
1981722840
1998499948
1950257964
4097741356
3829330476
3831943741
3857170975
3856975422
3882143018
3866414122
3860121642
3864422410
3864946698
3864947722
3883891722
3849851914
3833148730
2767860586
2763670251
4240065209
4240130696
4237820552
4233630380
3154654956
3155959791
3156180078
4234112238
4284345598
4267697358
4198950030
4207338702
3666257102
3666327023
3670406447
3661921599
3659406605
3661499660
3681174588
2565555304
3098035304
3098039752
2562320072
2560337480
2560341528
2558049832
3090722345
3090722347
3141309482
3154093118
3147542558
3096088670
3091919070
3087724742
3087684038
3088717799
3157923749
3161132965
3186302901
4293598615
4272627078
3736804806
3741005254
3606782406
3615052262
3615191398
3590058342
3587822454
3587766135
3621318007
3537399159
3529010397
3529211101
1381633244
1400505852
3581542908
1954154488
1954154104
1954117496
1950150505
1952247675
1951723354
1951713114
1976010490
1841730542
1841739246
3989220590
3989089399
3980700996
1833347012
1829171956
4010197732
4010230508
3976467196
3959695100
3959712748
2898786348
2895611948
2895611949
2947909902
2930877966
2935136774
3190981158
3190932262
3188769126
3188789349
2920423676
2941658444
2908110604
3052800844
3035565016
3031185899
2964089066
3030711450
3030697098
3035922586
3027611866
3044388954
3077021785
3056509049
3056526716
3057575404
3072286700
3076476589
4115553951
4116606607
3042930319
3084740543
3086864813
3086860797
3086864733
3078615324
4151178013
4117521213
4117520687
4117570862
4117445930
4117436714
4126804282
4126804298
4120512970
4120591818
3617338698
3602665803
3606893385
3604976329
3604779753
3595350697
3574378409
3557788077
3557722301
3561916831
2496302479
3025766351
3025703439
3036520991
2969494063
2968445479
2968287013
2984772965
3546824183
3526048903
3593354375
3594392711
3594387607
3612737718
3589624054
3571773774
3567575566
3567762958
3567757838
3584408126
4155292206
4268277294
3190341226
3190346491
3190346395
3190342585
3211313391
3211383919
3177894974
3177905166
3186287622
3081757751
3064852765
4138594588
4143767836
4135124264
3862480936
3795552296
3795486760
3795486824
3799680120
3797536969
3775451339
3758621130
4027187595
4027187899
4040826603
2964929257
2963815080
2963811256
3030920072
3030967688
2515050889
2548728267
3085599210
3060511786
3072896046
3073162302
3039669510
3022972678
4096713234
3022926371
3158180451
3158180578
3184859058
3214685362
3197973698
3200124098
3200125954
2684046594
2650336039
2650335783
2650304045
2650371596
2683835148
2656592732
2664984940
2661011944
2660947432
2677640424
2509801704
2516093081
2507783307
2537465227
2537464458
2537538218
3074409134
3074315198
3040765374
3044830446
3028044014
3045021902
4118243534
4151766222
4134991311
4143366599
4143432007
4135375199
4152156543
4118569263
4101858607
4110286127
4110023999
4110024479
3036280591
3178878734
3177799454
3207167774
2670427966
2675906366
2640249150
2648445214
2648449310
2627543343
2627621229
2495497597
2495369053
2628569692
2355940092
2351782525
2402229835
2385460810
2322480714
2330932586
2326541418
2326266922
2326266922
2330465306
2347246602
2338874378
2338907402
2305336587
2306578205
2314909532
2314970716
2310581884
2344128124
2347272940
2338966253
2338966126
2339101038
2305472622
2305472750
2573908223
2641075405
2641072076
2641075852
3177819788
3173625484
3173625476
3173628548
3072969380
3072940708
3072924132
3077115108
3085569220
3047828676
3047826500
2510955636
2494250101
2494111095
2494070102
2498289526
2489894694
2489878310
2506655030
2674627863
2666179847
2666179085
2599070223
2590562879
2586331758
2603092718
3106410174
3106477498
3119068330
3098023086
3098023086
3103358109
3093032069
2551965828
2552228292
2552163076
2568940037
2583621173
2680090149
2680124981
2680116773
2679440933
2683570021
2381058023
2238450174
2238454238
2238527710
2238544126
2549086446
2549005567
2549003469
2548999628
2515379916
2624368332
2620169972
2620181092
2620381732
2620292897
2624470306
2632588290
2649373714
2682989618
2397641778
2330659858
2330661890
2330670098
2330539026
2330670086
2331714630
2331731399
2348311005
2314752493
2314748152
2298156489
2297116105
2296979401
2288520043
2305379115
2302369066
2335931403
2335960075
2339106057
2338909961
2338876939
2334678555
2335727226
2333832554
2336907370
2303418474
2311844090
2290860250
2290725374
2291707901
2293808788
2297990804
2288619156
2288748176
2289746608
2365252512
2363220388
2380060068
2380253604
2405353908
2256456068
2252263372
2255157068
2263540044
2263867672
2280448041
2414670889
2372717611
2368522282
2351888442
2356079886
2364465486
2364429150
2355643006
2355675902
2355876607
2372596703
2372593101
2406215117
2389245133
2385042649
2389439737
2389438809
2389275417
2389209624
2389193240
2389259801
2406039339
2380994859
2380994858
2380799338
2381856090
2381870538
2382058442
2310730698
2310796266
2310927338
2315047914
2347549034
2322452842
2322510203
2323555791
2323557837
2336012764
2570886124
2552015468
2556275292
2556405260
3093209660
3109982764
3109524012
3138687532
3138708004
3138703973
3141321575
3107931622
3106817502
3173915870
3173924062
3178183902
3186572510
3182306446
3183355023
3183355023
2583440523
2575051947
2558273775
2558335215
2558397471
2558395407
2574135565
2608734476
3665633572
3663519844
3662471380
3662454916
3661931932
3670322620
3670323132
3666329324
2613493484
2554765036
2550580828
2622931725
2558411023
2566849838
2566657326
2574060846
3647933758
3681160462
3664395534
3689622794
3690472730
1543251242
1541145642
1229456442
1229464586
1229726986
189555978
189789514
198178138
197775739
197710059
189329643
185200874
1225519546
151778714
155973562
164356026
1233771450
1233697723
1300806043
1573756315
1607439771
1464829338
1443857818
3595929018
4132801963
4141714857
4143954360
4134447608
4130253944
3056512057
3056512059
3073271098
3039704378
3039704366
3043890478
3169654062
3165205806
3165208442
2561219338
3634956813
3634895372
3634903580
3366730252
3370401292
1210326540
1227888396
1225991484
1258513775
1258384878
1258323446
1262542294
1271192022
1233501654
1233497559
1234022359
1221443573
1221443319
1212652263
1212652199
3360135927
3645356759
3653606101
3687291509
3686981477
3661815589
2332254006
2333432598
2332367670
2336567142
2407608310
2407734750
2407668926
2407996590
2407794862
2408843406
2279344335
2273134671
2206157151
2205076351
2213474013
2213277381
2213148565
2213054389
2179499429
2171176356
2154534308
2171319764
2167318468
2200874820
2200940372
2200678148
2200681748
2200608020
2167057717
2502600471
2490033943
2490038039
2490365751
2507003701
2448278837
2481837428
2481943636
2481811668
2473414868
2439971061
3492676837
3493729527
3493803487
3498010079
3497879390
3581798238
3615356686
3598571278
3606902558
3606902590
3606869822
3623435567
3757653295
2382050621
2382042429
2365261116
2365264180
2365399348
2365333876
2377917940
3451666420
3483123637
3483118517
3469491127
3460766182
3323399542
1175784758
1175731478
1175725318
51717382
324283671
324283687
319569189
319626551
319642823
319081605
855951493
855935381
860195221
860199325
868727229
868727743
868658175
331525119
331591519
398569439
398696446
398691838
390249919
390311359
390180255
390184349
390307229
390257036
323156956
324434717
293018413
292882733
811940157
812067103
812002590
812072222
811935038
810890542
809770302
827067678
827116895
827100565
827164093
860722620
860721596
860721596
869118396
1908913853
1908915901
1908915903
1883679422
1950788350
4098289390
4116115438
4118179182
4294323327
4293344351
4293803087
3756932167
3748085078
3714397494
3697635638
3698684214
3707064598
3707007282
3700711795
3700746224
3700944880
3705076720
3612789680
3593948048
3728694145
1585347969
1450137031
1449476599
1449947622
1449419110
2003050855
2003051839
929312063
929311007
929380671
930429245
930561341
938874653
938677017
937431321
937439513
904139067
837042491
837042475
837042475
828719931
828850971
829375259
862934811
594368283
594370331
594312475
594312459
602799371
569236747
569201995
569201995
570249563
561992155
561992187
561869307
559804795
559796603
559796603
559796603
559805819
561902971
561902939
905950539
905951051
905951067
904770555
627938299
762155995
762163673
762164697
770684345
1844428200
1835974056
1831777784
1831769560
1697550680
1697558824
1731109161
1731113001
1714336809
1718531113
1718592553
1718473753
1714405385
1714339929
1714340203
1852764523
1869542763
1836053866
1819270522
1819278622
1819278622
1819147647
1835654527
1852397055
1718179325
1718186431
1718179775
1718310847
1726701471
3874454431
3891215007
1710176927
1739537119
1722759759
1726950927
1726817807
1853695758
1853629718
2120033590
2120025126
2128544822
2128479558
2141075270
1537160774
1505720022
1488578246
1488578247
1488512709
1486411669
1490605548
1482216941
1480123885
1480123885
2017193437
2017111887
2021302095
4168863695
4235781789
4235813789
4101731260
4110096044
4107865772
4040695468
4056427196
4056427167
4082839198
3531292590
3546809582
3555459134
3521912846
3253477386
3232506890
3299095582
3299105854
3433159998
3450068286
3382811967
2313195324
2303758140
2302779132
2302781116
2302781116
2303174332
2303174332
2298986156
2299502252
2601499372
2605689452
2605623852
2588849708
2596983081
2598027307
2598223914
2589737018
2587639930
2587450490
3644410106
3694807498
4231715530
4238011018
4237860490
4239950474
4260921994
4286091914
4284195578
4246381547
4231701803
2904226159
2937768302
2937669726
3195563102
3195540798
4277863902
4252641166
4235865742
4235865734
4103745206
4103941543
4120646820
4153672868
4071903364
1916072068
1394905156
1344439044
1881317892
1881317948
1885442861
4033132844
4033133357
4041521711
4125919754
3061615114
3059600906
3059664394
3067793690
2526699566
3065733230
3082354815
3053015261
3027981528
4231679384
4097502136
4097551096
4114332408
3881483100
3860376860
1713153037
1713143823
1713274907
1713299823
3860783599
3860784623
3864982959
3863862695
4006137319
3985131494
3968485062
3973718606
3095012878
3089710654
3089639982
3093834286
3102222382
3098020974
3115122893
2579460236
2579292300
2576130188
2579800492
2638521764
2667884452
2668015540
2634457044
2500233044
3038694933
3040702015
3044879935
4118625087
4085062463
4085062974
4085062686
4085062686
1943868478
1675431998
1675366430
1641828638
1632157982
1627967806
554206590
554206574
554470766
558746479
558750335
558751325
554563421
1632367085
1632297197
1640751277
1636409533
1905104029
1905102221
4052520845
4056783757
4056858509
3511611293
2437869005
2538532189
2472439069
2472504636
2474601788
2482908957
2478769997
2478638941
3556513773
3556521455
3512481262
3512546558
3512669406
1365054718
1393302654
1930172542
856426974
839785926
843984342
860824982
860624286
827065758
558648734
558685662
558681182
558749758
554559550
589162543
559802671
559937855
559872831
567270239
567135199
567135135
567269791
558881175
558750103
558725527
827161535
827293631
835616767
869167101
870313981
312273789
316471669
316447029
308124437
308255239
39762439
35565079
37678599
35585539
52350723
6180291
5129683
5177555
13570259
5189715
13578259
13578291
14626867
10301731
27076403
43986695
46012935
46074382
50088462
49076746
40672090
40672122
40671738
49126618
45069466
112177306
246132890
246067353
247115960
184201640
154837480
138129896
406558060
404403516
941270332
941336364
941139756
676900652
676899181
676899181
671726077
688634365
688634237
726308221
726308207
734695791
726373759
726203775
722004350
688454014
688650607
1745542639
1749735405
1758118829
1753989564
1753798044
1841849740
1833443724
1866998173
1867199419
1850348458
1724519146
1725563434
1723795002
1740380698
1639725578
1622965002
817678602
815565066
867994826
851215498
851017866
855277723
846917816
840622248
840573096
857350376
805970408
810158056
810225405
818679455
818683582
835475134
869053086
852276158
583833534
583833534
579638783
597472284
547206172
545169420
539926540
539927612
1680796716
1680272428
1814485804
745949741
685132303
700856839
734473735
725954071
709109286
725885238
725885238
734998582
713953590
713953662
982331742
982263262
2056023242
1519151242
1518942362
1586051258
1586051242
1451957163
1452956344
1455148680
313033352
317227672
308851704
841527352
841592888
841655320
858450972
808081468
539642165
539646517
543869495
549112359
545819175
545823271
596151095
575178839
570984535
571054167
571144407
587884789
554330597
541735909
550116069
545856213
545798853
549994439
550002615
550002087
550002086
600366006
579459510
579598775
583661975
575207559
575240327
554317973
537541109
541732725
541732405
550190645
545865269
545798693
545798709
562575925
600316437
600316759
591993815
558455767
567008215
566942711
562805687
566868887
566802819
600350099
592027057
592166069
554417301
554413205
554363061
554318005
554318261
559561637
567945893
599403173
599341813
565976661
833363463
833435397
816703237
820832021
820815733
283951092
275553972
293374644
291359412
1407175348
1409211316
1408166900
1391390709
1391437141
1391437111
3555569975
3555504423
3555505446
1366097206
1365834006
1349064982
1349126454
1349130534
1886009638
1911171350
1902849031
1399333895
1395400725
321679573
321700244
326926772
298615716
1372357284
1368162981
1368233717
1407170103
1408214839
3555700023
3547244839
3513706550
3513702422
3513665878
3513654742
3522051478
3522112950
1375289270
1375287223
1365850039
1366046615
1399600965
325859093
325859125
325875493
862774565
862846263
862846071
862772471
862768311
291275957
291472821
291406773
1365156533
1367320292
1408214772
1408085588
1408018956
1408019229
1408219933
1936636701
4050557213
4050554173
4050623791
4084055599
4067276350
4067275326
4063015454
4063023646
4064133694
4062004782
4061988139
4065266731
4073587737
4073591881
4073607369
4091433161
1906241753
1891610873
1891479801
1894749323
1894751371
1886312586
1882192090
1882159338
1345075434
1345071338
1382821738
1391400506
1391399451
1391407629
1391391244
1391391244
1928245836
1945014908
820876796
812487900
808227928
539856921
539856955
539866154
539880490
539814186
544013098
552459050
552589578
560848138
594399306
590205130
590344446
560918702
1634628014
1626297766
1626298274
1626297315
1626305523
1626174161
1626169937
1626169937
1672442481
1659860821
1659862469
1659730373
1651334109
1651334077
1651276729
1651342233
1634672521
1617894793
1634678219
1634546651
1642869487
1911304943
1911304935
1912349415
1895572163
1893544577
1892487809
1892488833
1372331649
1405950641
1389181601
1390226081
1390226097
1390160563
316414642
308027046
308027046
324284342
326446998
326446486
321928598
287337926
287370567
291548423
861973781
862240055
325359926
325949494
325965878
24074358
24000630
1097734518
1089342326
1085147990
3249479190
3249352214
3249286678
3282840342
2209184534
2209106231
2213300533
2213300533
2213378341
2213374245
2213374245
2213370149
2213366053
2213366069
2213501237
2213534005
2213402917
2213386549
2213394805
2205006197
2205129205
2205129141
2204998071
2205006775
2205133749
2188360373
2452593333
2452589236
3526335156
4063148724
4063144404
4063144132
4063193157
4063111255
1898850550
1882077430
1886263526
3501066990
3501132526
3501005406
3249285710
3249285646
3282840078
3266066974
3282893695
3283020253
3286940109
3274410180
3240660180
3240660180
3240868932
3274351940
3286934812
3282806588
3282810668
3249379132
3245180220
3492781372
3492789548
3492789564
3492723997
4029590797
4029589277
4029675309
4030723885
4097791341
4097787389
