1952266421
1964865781
1428061381
353825988
353812544
353869840
875934000
875933984
875926304
620074528
630689316
1737992981
1855433543
1850194374
1845803478
1845812670
1863599534
1695875502
1679102382
1691628014
1687433710
1689724790
1958094358
1974873622
2008489478
1992244743
1388134149
1391727877
307496261
306512324
54858196
21303716
29366180
12597221
8404837
8486503
12842807
29550342
21144326
1094882054
1128497942
1128366886
1388352294
1388353398
1384420983
1384496741
1405533933
1460051708
4144406492
4110855644
4110857436
4148663532
4148462828
3880550892
3880563196
3876386172
3876582909
3842926063
3847185902
3847038438
4107081190
4107142582
4103477126
4103485062
4103542406
4107540406
1976839606
1968450806
2002021622
2002121847
1997919239
1998049287
2000084997
1966518533
1970700549
1979155733
1977063197
1968631581
2001169181
1996765997
1996765807
1967472367
1975977727
902039519
818164703
817963999
1908552189
1405506525
1388692429
1388626892
1388615388
331388668
331398893
1363197549
1363193399
1346485798
1346557798
1413666150
1413670102
1413670086
1413662150
1430472086
1438865334
1439135671
2005235111
2005161381
2009357749
1985244612
1981115844
924312820
924251237
926404629
926404613
892719111
892715063
892682535
896877351
905433655
903276063
899081759
2106979903
2111092351
2111092699
2094380507
2094958043
2086639003
2086450585
1947514297
1964357545
2000066537
1983301625
1982252313
1986393117
1994712127
1994781743
1995427887
1986949141
2003722501
1970160149
1953382961
4100850225
4100915763
4100261491
4108650227
4106041330
4105643922
2008366978
1996242834
1987846034
1983716818
1983856086
1985822134
1985767334
2010933158
2010440638
1976889742
1976877454
1430569150
3578249390
4124501222
4124486758
4256606565
4255558420
4259756548
4259682820
4251229700
3174400532
3175060276
3158286628
2889654564
2889670689
2889872417
2893995299
2910768418
2944290610
3212775251
3212263363
3178506177
3178505697
3186885985
3186951393
3187086801
3052806593
3086361537
2549494465
2550072003
2512209859
3585892342
3590089190
3590089190
3615258982
3594082582
3594149126
3610931458
3716096259
1549611283
1549603121
1549685105
1558107089
1574883281
1591712145
1526512065
3665603009
3732715969
3732774225
3747455349
4250771812
4236087652
4236112357
4235780581
3162235877
3162142709
3161082581
3161147991
3161016950
3186384486
3186124390
3219678038
3219865934
3220914398
3220787422
3187233014
3187274982
3162039527
3162041599
4235848909
4235984205
4252695901
4286487917
4269710701
4001072477
4000945420
4000879884
3999895868
4000035116
3995722028
3995689260
3995672868
4012519893
3980007415
3967684262
3976137382
3970763446
2897173126
2897215174
3165650758
3182223687
3187466519
4286374183
4280049957
4280033639
4280230375
4250797542
4250799590
4242409910
4242410382
4240071630
4240175054
4256739279
3988563789
3988555068
4017915176
3946095656
3946095656
3912279064
3910313000
3943879976
3943876456
3942860777
3942860777
3947055083
3956524783
3956393850
3956332314
4022396702
4022363406
4013974798
4009765918
4009835583
3976404015
3846308967
3850503655
3833726935
3833988807
3850851974
4119127942
4119123350
4156851350
4278551686
4278637702
4278641879
4278643959
4279660023
4015419391
3990251231
3990320863
4258550527
4241781503
4241761005
3184796669
3184993277
3184931677
4292285213
4294398748
4260721416
4260685064
4260687160
4239767848
4244605305
4261382619
4015885770
3994321098
3996156106
4012933338
4013076586
3979534698
3960660783
3897648685
3897585277
3913314141
3956506461
4023541213
4002563551
4002629086
4006826462
4275532286
3067437438
3067437375
3084149053
3050594621
4101316925
4101461309
4101392181
4101424951
4104111991
4102868982
4107063238
4098743686
4094672278
4111463862
4245611990
4280213958
4280185286
3983950803
3992274913
3992221665
3971246052
3988023252
4258522052
4291982276
4266808260
4262659908
3188725605
3195025253
3203671405
3216258413
3216463181
3217020239
3221210575
3218965982
3218903534
3218907630
3176964606
2908730330
2906559355
2906583931
2906060569
2939642633
2938578713
2938582824
2942571881
2947812713
2914323673
2914467035
4256656603
4261275082
3992965582
3992949214
3992949086
3992826142
3984368446
3963134766
3979993902
3980026686
4013831950
3879607759
3879668207
3874752685
4155772077
4155837629
4120327309
1972838861
1972708173
1435968015
1436492335
1469920047
1474110269
1474109725
1465872733
1465897437
1465684381
2002565049
1969010619
1998358427
1998360475
2000522939
2000328443
2003478107
2003494491
2003494491
4151043707
4150912491
4150842603
3865625835
3866738905
3866800201
3866796297
3866800904
3883643708
3882726189
3878532393
3846157609
3846167833
3846163737
3850324281
3850046843
3840607723
3840606715
3840479674
3840414138
3836219818
3836228010
4104730027
4121455099
4125682123
4117294027
4113296079
4113217103
4096426574
4100620878
4109075054
3052114926
2813175278
2796399975
2800596245
2792223493
3056464388
3056431644
3056554796
3073315116
3043755053
3031239725
3031316511
3031050271
3165334623
3183222111
3187409999
2675770447
3749655645
3715511679
3715507583
3713410847
3713480478
1565812510
2102421342
2102421342
2098298206
2097176031
1023430135
1027626229
1027666165
2101604437
2101604372
2097405973
2097389845
2084747061
2093128309
1552124503
1484905027
1484913218
1489076034
1480668530
1480790371
1480786147
1481781731
1557279665
1574049664
1606505088
1589699200
1589682832
1585489584
1589876656
1589745633
3594557283
3595609378
3593579570
3592600626
3609376802
3576088626
4096182274
3564035074
3707684098
3707715889
2646373156
2683056420
2657886996
2657690140
2657756716
2616866348
2579174973
2560315963
3636000538
3635977498
2583201851
2591590425
2587600921
4198213640
4198211593
4198080585
4197990859
4163502826
4163764970
4167963370
4177401578
4173081578
4170721515
3649579192
3666356360
3666569352
3670666376
2596840840
2596836248
2676528057
2643178153
2644161195
2627383979
2358888111
2381893294
2235059950
2671259358
2670208990
2674418798
2682806382
2649309294
2649408718
2649683150
2490297549
3576495564
3577597884
3611221980
3611226076
3592283644
3594118653
3598443645
3615155229
3615159325
3615216925
3590053149
3590053693
3590049597
3573516093
2499663677
2491216477
2491208413
2489111293
2489152252
2514450092
2514443949
2547847167
2522615678
2524470590
2524544062
2523526174
2531910670
2532041742
2533094430
3724133854
3705259919
3699038092
3699034044
2625520548
3698282916
3694490100
3694490452
3694424852
3698599460
1550854692
1559243555
1559443795
1280710850
1297505474
1331052738
1314308290
1316405250
1316471042
1333637410
1341956898
3455888931
3456101921
3455777281
3447376645
3476671813
3749201381
3757602277
3753472501
3753505773
3619218413
3623416751
3612923823
3608774079
3608909215
3608851615
3608867983
3579573455
3565024735
3565123039
3565041535
3565107070
3573491502
3623692078
3271373615
3267171135
3267170583
3271299359
3271307535
3269201951
3269268510
3244170506
3227392266
2153646858
2155809306
2164005690
2159816490
2159812922
2157719867
2174226729
2174222633
2211975464
2202538280
2202555688
2202621304
2202654077
2202916349
2169363949
2169363949
2169110015
2169241087
2169239007
3242849719
3226067383
3226198423
3226460567
1078981015
1141896599
1141341589
1141337477
67336581
67272133
67267909
67298561
67281153
67215617
67150129
67150113
71350049
88252165
1178769923
1187154498
1188203330
3260385618
3260402962
3260871714
3269324838
2191515686
2191450151
2191454229
2193526864
2193392736
2197587168
2188149985
2272105699
2238616803
2221847778
2221925618
2221929682
2221858258
2221923955
2221801059
2498623203
2431186643
2431182547
2431182759
2447965607
2439575973
2456410549
2452347284
2452314500
2452321732
2452251076
2452513749
2469290997
2440917991
2430358262
2426159814
2426230495
2426400495
2430462701
2424077037
2419870669
2168273741
2206148943
2189371678
2197765422
2197751086
2193424686
2192376126
2209157438
2209161534
2175542567
2175536423
2180779319
2212252983
2204060951
2204097911
2212485494
2203974014
2203908607
2203900383
2203950559
2204106207
2170551775
2170551773
2153774559
2153774975
2153774975
2153774975
2170552159
2169498959
2203056479
2186148349
2186074605
2186074589
2202917196
2169494860
2152658764
2148463484
2148447084
2148381676
2165084637
2211230157
2190253519
3532495103
2999949550
2987309166
2987309167
2987309071
2987308047
2953752847
2953753359
3020878655
3156153135
3208384878
3191615846
3203150054
3199014119
3199015415
2644974021
2628205509
2363898437
2229680645
2224437765
2223320583
2223251990
2240045670
2190259174
2190246310
2211217830
2160951734
2152300951
2153626519
2149432213
2151545749
2151643991
2168339207
2185115910
2189305094
2193514566
2193617111
2193412263
2191298981
2191298981
2194441125
2181862308
2198705068
2151609304
2150560584
2150525768
2150558664
2431642616
3502025640
3502025128
3550251449
3537666185
2455535753
2452918521
2989924459
2988875819
3006180649
2955848217
2960054809
2700073529
2695756345
2695751224
2695422521
2699580025
2959606507
2972188907
2955411562
2955419882
2955486458
2960010394
2975737995
2983094665
3012446856
2995735176
2458872456
2463852232
2549834328
2548777577
2510881403
2443715306
3521651434
3513258474
4045948138
4045950202
4079641739
4079674569
4079673544
4083937352
4050382856
3513509640
3496671752
3505052216
3505375785
3500657195
3500510014
3500449046
1352966150
1357164562
1348972578
1361486050
3542524082
3526283394
3526247554
1378749570
1378748850
1383013026
1387076258
1387017890
1403790067
1403265601
1101013552
1088430624
1075839776
1075922736
1143099136
1144250112
70314752
208858625
208862723
208848386
1277316610
1164381714
1164775186
3345815858
3337435170
3270322210
2192389394
2192429378
2192409474
2259518354
2259456418
2259464611
2259464355
2264700069
2255788469
2251798933
2251733397
2250701303
2250701175
2250403127
2254595127
2263049239
2262921239
2279719943
2246231045
2229452053
2229713717
2230684181
2222295573
2239728149
2239618677
2273113855
2273105391
2273071341
2239619245
2231297205
2231297173
2499722645
2491190708
2490666413
2507513245
2541141453
2520165631
3054807151
3054807087
3055003711
3054939423
2987834631
3004628247
2975323447
3021408022
3021866758
3021865782
3026072422
3036492130
3031958882
2495352307
2493258195
2492742467
2219063811
2349144579
2370181635
2391160322
2391024130
2391073138
2391060706
2391048419
2277819619
2236401906
2237516018
2239678834
2273245554
2256431378
2256464130
2255414530
2263798019
2263859539
2280445283
2238502373
2221722085
2221787637
2221825013
2238659575
2238462839
2372681335
2356081271
2365497983
2365563519
2364318303
2364317657
2623835097
2489616856
2502265336
3039271288
3073816584
2805380104
2786500616
2786500648
2786500713
2788607085
2788609261
2789165285
2725190103
2725132759
2725133142
2725190486
3002022646
3002022902
2981051350
2427403142
2427394695
2427394693
2427206277
2158770836
2158762644
2180782772
2189179540
2182359956
3256105396
3258325429
3274058133
3240504773
1080503749
1084583365
1084554709
1084554725
1101315557
1097113063
1076202983
1076338166
1076279622
1097247054
1097312606
1097202014
1126693198
1130821966
3278265614
3244719390
3244808510
3227901486
3227819566
3236729398
3232543238
3232084483
3231818545
2158014752
2162200608
2166393892
2250409988
2250434564
2251483136
3308416768
3304470016
3304456752
3439133219
3439067698
1283265314
1277973538
1278005282
1277620290
1327952070
170082502
169935046
170987766
169022958
1314074350
1321283306
1318087370
3465923275
3468020427
3468528347
2394728186
2394743418
2394473002
2392343082
2392535850
2258182186
2262327338
2262356014
2264498222
2197520598
2213249487
2179565453
2154401676
2150210444
2418784668
2435496092
2470099124
2468014261
2466933939
2466981042
2437559714
2429159074
2424964850
2424970818
2430217730
2163944962
2162765314
2175364642
2208890147
2477300775
2477294631
2481487957
2456326341
2470088836
2467987604
2434433444
3020588452
3020660148
3020601732
3021646212
3155864516
3175017301
3178163733
3211752965
3194819079
3190632967
3206816311
3174311719
3161734439
2633238567
2629044263
2643920983
2391213383
2391023943
2391024071
2391023846
2391036070
2391065766
2261568674
2244775330
2220866962
2220273042
2222436242
2217844114
2215742930
2232602051
2266164675
2253843907
2262232515
2262596065
2264680929
2256030565
2272873255
2272992023
2255097607
2255105798
2280204054
2281186598
2247623974
2247625766
2163936559
2163809599
2162705693
2162999645
2171437532
2171572684
2172563864
2172629400
2149430712
2149366184
2149366200
2148383160
2215557512
2232330633
2270161290
2261152714
2256991178
2392257402
2396447530
2531058474
2522670442
2531058830
3600655501
3533677708
3529301132
3526904972
1379486876
1396316348
1345990588
1346268830
1349414622
1353469534
279735070
296544542
330086430
313506940
313439596
1391431804
1378652252
1378713676
841915404
858695692
825145372
829265949
594524287
577681519
577748079
577609849
573419577
590336057
590332989
589810749
589810733
589809967
560453999
560462335
543676895
544197599
544197599
544070655
543550463
543534079
543533951
543529773
543529261
543467837
539339071
539355439
543676719
543673135
544033599
544152383
544160575
544021311
544021295
544018415
552404925
548213436
548344508
1622004412
1637127832
1669642952
1652857608
1657047308
1645066255
1662953502
1631497262
3762217006
3828248623
3828219951
2758738413
2758608293
2767003620
2762809060
2762804980
3049070293
3049078341
3046911559
2510040663
2510044726
2510102326
2174492470
2177636118
2177635095
2177700639
2177708829
2211279625
2211241801
2211219929
2202831355
2198636971
2181863611
2450365595
2450109579
2454369419
2999628171
2999628203
3008082539
3003888175
2971316767
3038421515
3038503435
2702992171
2736591146
2805926954
2805925931
2772387899
2709411851
3791583307
3787389835
3787427467
3820848779
3804009403
3797471659
4061712555
4078686379
2973397167
4030341359
4033486910
4041941270
4037617430
4037750286
4037750302
4054392366
4066903599
4066907931
4067975497
1650192712
1658569032
1675593160
1640861144
1615640984
1611446712
1627691960
1662291896
1662355385
1649574825
1666380715
1666441643
1630560683
1613848747
1618142379
1626530923
1621279803
1637994507
1633705995
1629512714
1629889566
1613111086
3764784686
3773763302
3836563190
3837578950
3837591110
3854409223
2814361348
2814223620
3070075924
2788790324
2788806708
2922975524
2923368292
2927495844
2935949988
2948139685
3182955190
3187162758
2646221446
2650481030
2628268262
2494300198
2494324758
2225922054
2225972231
2225449988
2229778708
2217184036
2233961044
2201389764
2184638085
3268831159
3537133990
3260301478
2198884599
2167420119
3224515781
3224530373
3226627397
3230854933
3230723877
3249602343
3249853747
3316958514
3320234274
2238108018
2221363570
2221240691
3307692371
3307630915
2233878275
2267956995
2272099859
2280450615
2280450615
2280974887
2281041461
2264358677
2264221460
2262042420
2262041388
2253665068
2262049644
2262049773
2274849215
2241786294
2275201446
2279379110
2268890278
2268900502
3340739790
3307119630
3223233551
1346282765
1434369289
1467919113
1451080511
3594296110
3592194862
3592193390
3590902270
3592212938
4150182346
1962853322
4106146763
4240372712
4239715688
4103399720
3839158568
3826575640
3843351816
1695830792
1880359449
1880424986
1612071546
1618411114
1639885802
1740417514
3871124618
4139548810
4143939721
4131295369
4148080780
4112441804
3156091885
3156158445
3170643567
3166448238
3166453486
3031375822
3048027534
2544636298
2549895642
2541515243
3581682153
3564904824
3560711452
3560914204
3560839484
3560839484
3497855284
3497285956
3547725252
3530987396
3606479492
3601236660
2528613088
3065492193
3065357027
3065291746
3076825954
2787422566
2787410278
2788607310
2787305294
2921489679
2925613353
2942326057
2917160235
2900389147
2762074395
2763127163
2763116027
2784019930
2758820234
2754625930
2754679179
2755015161
2755011944
2784373032
2812705064
2795919640
2795958024
2797396808
2801578696
2818343627
2780201642
2784409514
2759109550
2771688366
2770639342
2704793038
2738254286
3811975630
3811586478
3811652014
1668486318
1643184302
1642397886
1621561566
1889939470
817242374
280375047
280292101
1354017536
1354533632
1354730240
1906219776
1937675968
4131295936
3861807744
3995501299
3995505378
3995308642
2921375330
2939219810
2905665382
2888855422
2886762494
2903578590
3981513119
4015071629
4023394460
3989909692
3969062076
3969064093
3969005709
3969001615
3834800526
4103268750
4122189262
4159733838
4147167262
4146118686
4146163758
4281475374
4260503854
4256302894
4153870127
4153738845
4153751245
3621727881
3621674905
3755822488
3755755912
3747368072
3608474760
3610616281
3711345513
4252410413
4124488237
4119959101
3851525407
3885078591
3998332975
3994069039
3994336287
3994456079
4011229455
3979526959
3979543151
3962569455
3962573549
3964666537
3973055401
3838910457
3834722681
4105255193
3031636232
2494773512
2511677704
2259955464
2259997448
2192933448
2190967480
2459796393
2459734954
2531038126
3058997166
3071588270
2803218350
2805446526
2771825934
2771823886
2770513215
3877809195
4012112937
4012104745
3996239161
4000367977
4017213417
4016295657
3982741499
3982544891
3982553051
4016106879
4016239999
3982673247
3983721567
1836186711
1836117111
1836181735
1869871335
1852033398
1860422015
1860553087
1717696895
1717693279
1717824351
1700973343
1684261719
1685572951
1685454167
1685384703
1685188095
1692916221
1709689853
1744292861
1735777245
1719003869
1718872799
3883137631
3882995583
4016098687
4016110719
4016104959
3982648831
3965875159
1818378839
1818706551
1818509687
1818522997
1826647101
1826842685
1877362973
1860585741
1726404873
1718085961
3865373529
3865377769
3873753833
3873820393
3890530011
3882145499
3882148699
3882345322
3882283370
3849770350
3849837694
3849645183
3832834303
3831986431
3831908607
1642483167
1642548735
1634033150
1634036735
1633905503
1642298143
1676921631
3822373151
3813995549
3797214557
3797410297
3866547961
3874934521
3891776249
3855731449
3830512345
3829428169
3829425241
3830543483
3964755035
3975506043
3992414443
3992381931
3991337979
3974549195
3974612683
3975529035
3967087179
3979665947
3979862574
4013355823
4016457535
3999614299
3999550555
4016331002
4024785146
3991362046
3991296990
3992353742
3992420302
3925108190
3958662654
3958846974
3941991639
4017489031
4015469719
4017431735
1878271141
1874146725
1737823669
1704269204
1708404164
1683237189
1679043329
1612065569
1618352673
1622542865
1623068163
1639712323
1671173827
1938556659
1921844963
1925535458
1942251250
1942283974
1673848646
1673899830
1673899319
1665510677
1665514773
1632099604
1627913492
1611099476
1611103740
537337340
537333244
558238205
566626815
595987966
596058078
579086302
583280606
591685582
591718366
591788030
591777791
600100863
600624639
869137919
835708285
835708285
835708765
835702557
835571517
869130109
1942879581
1942449501
1933995485
1397194239
1464163759
1430617519
1439032766
1434842526
1350948254
1367732638
1367716271
1405456813
1398116780
1377149848
1393682376
1395781320
1898179288
1898084985
1902254715
1910704858
1910524874
1910560202
1910624474
1910620378
1642315834
1633800234
560063787
555772731
589310748
589310732
589503261
555883821
635572524
614859052
614727949
614785295
631538063
896381375
896381629
896382653
896384701
1953349308
1949153980
1965931452
1965997516
4118740300
3581602941
3590061117
3752588671
3752588638
3752445278
3756573022
3756574078
2657736046
2674521454
2675960878
2675893278
2675893263
2675897615
2550126367
2550134367
2547869406
2547873526
2547864486
2547859887
2513780909
2507428077
2490712153
2486654217
2486663960
2486528573
2503240239
2507434814
2281490702
2210219278
2482913542
2180923846
2180936118
2164187554
2159993249
2428364193
2449274288
2474427792
2452213120
2452344272
2452290848
2453400352
2457398048
2482531089
2446883349
2447072821
2430488103
2426361383
2493380390
2510087462
2510083430
2549925222
2541536374
2541536630
2507142646
2490299894
2424231862
2424209047
2422172549
2422041476
2421964180
2422019508
2422145168
2434666628
2440966596
2440982836
2448387877
2439801623
2171562759
2171501319
2206189831
2273070359
2262592823
2262770967
2258505989
2258501941
2258568037
2258375525
2257852005
2278839909
2245285413
2245285431
2228614967
2231215398
2231215398
2231156070
2222754934
2222753879
2218756311
2233383109
2539563205
2521737413
2517605461
2518582389
2518610039
2518605927
2524901735
2541180391
2507476455
2490644983
2486975479
2487041015
2491292663
2516467399
2510168647
2543067655
2543071767
2513703487
2220110399
2220176191
2220300091
2228689259
2228558185
2222266457
2222856521
2235451723
2251250507
2255246923
2263634635
2260554490
2260693994
2258493930
2258411950
2258411694
2262610094
2256045247
2256047359
2252048863
2251991517
2251991373
2268784973
2235173133
2235178255
2235180383
2514364271
2510165871
2442921966
2157713142
2160883414
2160980694
2160980694
2160390871
2153042663
2169816551
2203569397
2203515093
2203510977
2169792721
2169785553
2220250961
2222350929
2231247411
2365395507
2365333009
2365336337
2356951344
2356943136
2403276849
2386443265
2384335873
2384068609
2315784243
2319983907
2324180259
2324179751
2341157671
2374900519
2374831911
2240548135
2240564583
2178731365
2180812245
2238482901
2238552533
2238561205
2238692343
2238692327
2238692343
2238708727
2238642935
2221833047
2222881619
2222946675
2231369203
2231233971
2246950290
2280496531
2255458195
2188287635
2188287619
2184035219
2183969761
2200812321
2167384881
2167336449
2154753537
2154753537
2164186929
2163787233
2155398305
2153563297
2422068401
2422109585
2438882693
3508432839
3541904342
3525057398
3524729686
3524671942
1393966534
1394021574
1095049414
1086660822
1086591222
3229615350
3229682978
3229751586
3229624610
2224040738
2245016323
2257727235
2257740547
2256687363
2256654627
2256590115
2256588067
2193673571
2203372519
2170538967
2170551255
2170518487
2170518519
2170452309
2170485077
2170485061
2178809157
2212298069
2279398887
2281478631
2281542886
2272120998
2406338742
2372882879
2372825499
2356081547
2355541643
2355604121
2355407545
3425483705
3442260473
3476007112
3460278344
3460146184
3460141064
3460173849
2251960333
2251960327
2243572263
2224759331
2224563747
2157448743
2157710887
2157709927
2161920759
2170309623
2170518519
2169993719
2169977303
2169977303
2168928599
2169469303
2177726839
2177661303
2211223895
2211297750
2212346878
2271067118
2256378863
2256378367
2390595837
2390726749
3661610060
3660297284
3660166228
1512829012
1529484532
1479425268
1479420353
1479944899
1492585026
3635874386
3365345874
3363842562
2373987842
2390761986
2390762018
2256557923
2189444967
2193903463
2202323943
2170407893
2169362901
2169502165
2165307861
2165307863
2165307863
2169498071
2169334231
2177661383
2173520343
2173524471
2244966887
2412739046
2413656550
2405267959
2340256247
2340290007
2340158869
2340157333
2339092380
2284565396
2285483412
2285485445
2283400133
2283367173
2283629079
2283743798
2283682358
2333481734
2328246022
2390958342
2390773810
2390806563
2256590115
2256850279
2193919335
2203356007
2203569143
2203581399
2202500055
2202500039
2168945111
2168944871
2177329407
2177202399
2177227231
2177210847
2244852223
2245900797
2256386429
2390604157
2390595676
2390595676
3664616540
3660297332
3660297316
1512763492
1513762932
1480209621
1480468935
1480469186
1492585154
1488390722
3365341762
3363912258
2290101762
2407540242
2390762034
2390766374
2256557927
2189479271
2193936231
2203896695
2170407925
2170543093
2170551287
2170518487
2169436615
2169420247
2177875447
2177678759
2177668519
2177667509
2178789781
2178790805
2440934549
2435685556
2469239980
2989333692
2989405340
4064194764
4064207068
3795739117
3812505069
3812564415
3783203774
4060023454
4055763598
4127136462
3589618382
3589551630
3589550654
1421292334
1420767550
1168908766
1202479500
1185195436
3336869292
3593766052
3591681172
1443274884
1446421700
1965204484
1965203460
1969389591
1965211670
891297838
1998659630
1965428778
1965425962
1952844346
1962281546
1958103626
901249611
2008344395
1995759947
1985765643
1465794843
1423856427
1419661867
1421787690
1958527594
4108113898
4108119515
4107045371
4119824555
2010097849
1984931213
1981703053
1981166221
1983251193
1982202601
1919353385
1944331049
552871721
544482569
808725769
813051209
822070761
817679771
866962571
850234506
854492299
308708491
321168553
1361355241
1361437049
1361498648
3521561144
3517342252
3550817836
3618383405
3601605437
3601605423
3619553839
3600434158
3621450734
2539172334
2534978798
2520299758
2654775498
2654771530
2659044170
2547927626
2514095726
2497324782
2493133486
2241528238
2209874095
2193096877
2193146036
3270021252
3525877892
3542988052
3492788500
3492718852
4029589508
1882171396
1882110980
1882107908
4029579524
4117676324
4116562277
4116473189
4124372269
4291094831
4274317326
4136556558
4141796358
4141793350
4133408982
4130951590
4130951598
4113176478
1948924558
1953118878
1961695934
1961703086
1961636799
1958490525
1961112008
1889800984
1889825320
1889855016
1956948504
1961142792
1969531400
1986308619
1986444042
845585610
841253002
841760954
842928314
842412219
859185341
825631148
811999908
547428005
614473383
614495838
614510094
614510094
619035662
879475774
875150398
875281438
2083167254
2083166246
1814800418
1814747362
1818942370
1824184995
1839877808
2125074048
2129332096
4264038785
4264305043
1580020194
1596924706
1559179822
1554973242
1554585098
1554524682
1286089227
1286122249
1298704857
1327139209
3726282632
3740959624
3736765320
3737026984
3606872492
3608977764
3575423009
3024075795
3023026179
4096698642
4100892963
3769555811
3819883137
3803057792
4142599808
4129886096
1982602656
1714171296
1713646756
1701260524
614602012
748754188
748695309
748695303
1017130551
1017187863
501243863
535883702
516988854
516005270
516005278
517183902
517192158
385006046
379759967
921087261
1994898461
1986303039
1449442366
3597121838
3613833518
3559312174
3559263806
2486044190
2498691870
2494247790
2495248302
2495205293
2495142796
2506680972
2502466180
2502527892
2502598624
2506794864
2540413456
2540483072
2469196288
2469225041
3543036387
3542484130
2472936610
2984709298
2967932050
3504807122
3496308034
3513052422
3554995990
3555065142
3538181431
3605296447
3613664381
3622184189
3588623581
3572894941
3570867673
3573363995
3572266298
3571999534
3567837998
3584676654
3622359355
1466462491
1462247705
1462436121
1428823304
1412057864
1416284680
1441434328
1441565592
1399631240
1395438984
1378648201
1382973881
1936388537
1902780841
1902782377
1903043503
1903109038
1911382958
1944970206
1944425246
1944367422
1944888638
1676454975
1672264765
1642903596
1634597932
4046337325
4046336557
4113170991
4113170990
4114547262
4118545950
4110158670
3566733518
3566803134
3566876830
1436166287
1169829005
1207641484
1194869692
1194861484
1194861484
54011812
53159332
305014196
308684245
308626903
325121399
325103973
325104437
291549981
291616541
828489533
828422969
828422969
325188409
325319019
325254651
1935840731
1935835610
1936949594
1944420666
4075664698
3534531899
3601377577
3605768509
3597326620
3593199452
4151013368
3026878376
3035291564
3031059884
3031158188
2490158948
2485945873
3559695873
3559190019
3492048403
3492093474
3492154402
3546553570
3529968802
3529903234
1382418562
1382434946
1390856578
1927789218
1944103651
1906354723
1642377011
1642374407
1642893367
1617735719
1617489975
1613459495
3760856103
3777632423
3777628581
3814328983
3804957317
4069066373
4069331589
4087231172
3551945228
3551519260
3551323692
3534531112
3534531385
3601643835
2531965243
2653596474
2653587210
2670363274
3156918922
3161113482
3035283886
3035153582
3035160751
3027820967
3021497229
4095369869
4095354572
4097781308
4096732965
4109247789
4104585533
4054122764
4054077708
4058314504
4050971416
4082432296
3537160236
3533031469
3535195149
2461450255
2457264207
2450841726
3541528814
3508420838
3495871894
3500068230
3500099974
3515644326
3553388966
3524029862
3524162966
3525210502
1381897095
1398027141
1364468157
1347707309
1884743581
1893125005
1892797341
1892715519
1884335854
1632675438
3813777978
3794907914
3794830090
3794835258
3794923050
3811732010
3811711535
3778416189
3781560093
3773571453
3769377005
3852996797
4121624717
4122673293
2010644879
1934099391
1364080383
1367223899
1366174425
1373907929
1373907419
1407466715
1105667274
1148260554
1146163278
1146311734
1156732198
1151487270
1151687986
1336173586
1320055043
250220801
174720768
174720512
191513200
158036704
141353568
138191716
404005356
402956680
419801224
453224600
503494808
503486617
373475469
373447821
382861451
316735898
836830122
836788906
836821742
870376046
845262342
845195782
841005574
304135014
304123366
304272886
308461654
300040514
279363842
1353109778
1353163555
1357166369
1357687584
1349298992
1345239312
1345239361
1345231233
1429112193
1462550961
1446797733
1446274021
1987322156
1995924780
1994750252
1995266328
1928161289
1928161609
1936484811
1936029130
1902625050
1885782330
1952903995
1680204587
1680138793
1684318761
1692576297
1693551353
1824557705
1832946315
1862305675
1863696842
1849085978
1852220459
4004422703
4005536813
4005491717
4267700229
4262228231
2114482550
4262076902
4229571494
4235855750
4243196806
4104719238
1957251510
1957288374
1957489030
1907158151
1935990917
1915121796
4080402820
4080140964
4045611684
4032832228
3768590948
3768591933
4053822991
4087409439
4070623278
3538245694
3529988126
3529989151
3555089421
3521535237
2512281413
2494958199
2497972839
2216978982
2216718118
2216825606
2502046534
2515739590
3585089958
2511365542
2544958887
2527350183
2457095055
3258207117
3257682317
3257804943
3257805007
3287166165
3232629876
3232629844
3227923716
3224325892
3224161796
3228363268
1101851156
1135475285
1118762823
1118729191
1114428391
1110229357
1445761321
1462079801
1462156552
371697928
908437768
912308248
912300041
908114955
1982104590
1999077470
1948685550
4234604014
4242960382
3706072902
3706064582
3564439238
3623096934
3619430950
3600556582
3619431268
3585872252
3585873356
3581725900
3577515468
1430171036
1461627292
1461627292
1444710813
1448380815
1985973646
2011073950
4158039486
4118194159
4109805423
4126058021
4125994532
4159483412
4151111172
4146888213
4146994727
4147054310
4247716326
4243521766
4239327334
4239278166
3719225415
3589139527
3580651589
3576227941
1429993959
3581574119
3588890566
3522037702
3517843270
3253536599
2179739431
2171348527
2170823215
3252957727
3233035023
3233038621
3231039529
3233255464
3237329960
3492120616
3559295256
3609631496
4129724680
4129724873
4129590731
4130111898
4130116026
4265604010
3074302634
3074302638
3086885542
3082036966
3048479074
2511616050
2515806210
2239113218
2246453506
2242249986
2242250514
2275684658
2276730146
2410947938
2415676642
2405223590
2373831094
2372917654
2372843958
2372844534
2372643830
2334764023
2334767575
2334767557
2319034820
2323163588
2321132876
2329656636
2331686188
2415571244
2380955948
2372632876
2356057405
2355993662
2352785454
2350688366
2349779198
2635004110
2634442894
2533779854
2546355903
2542159533
2542142100
2642825860
2643813060
2650039012
2356421348
2356421349
2351178359
2351178094
2351240302
2352285806
2352355398
2350262342
2353424454
2361845830
2378627142
2378583302
2403729670
2395406598
2392204083
2392220467
2258072355
2258420003
2258420003
2281473507
2231141795
2231273393
2230230961
2230106545
2221709489
2217531569
2267371665
2250643587
2250646658
2250646402
2263245538
2275926754
2544154343
2527369847
2531564037
2523170820
3592796164
3593382916
3593382916
1982768132
1982768212
1982790900
1999559860
892224949
880755103
880087967
1953833887
1953575867
1953723131
1961066107
1688332859
1822485051
1822468667
1822468635
2090904843
2111894539
2116047963
4264624347
4264690921
4281472489
4252370664
4239853292
4239202012
3702339276
3567789773
3567805149
3584615103
3618153390
3338174958
3325658350
3594226790
3543042134
3509491782
3492735430
3492211159
1416518581
1433276293
1434324869
1467877253
1467421589
1466180069
1432625509
1432363303
1440964919
1474515207
1457574151
1457577991
1189142551
1185116223
3316792639
3300014911
3232893503
3232909855
3233271327
3233072703
3233055455
3247735695
3284436877
3276259229
3339033069
3322190309
3323312487
3591826455
3592348742
3596542150
3596611798
3328098438
3340648582
3307095170
3424603570
2363490017
2629822049
2629625380
2629625396
2360141588
2360141109
2230113319
2221687846
2217543014
2217609190
2218673830
2222870178
2499792514
2516381569
2281483648
2270995648
2518521024
3592324100
3594421508
3594429700
3597657381
3547132967
3522028582
4050576430
4147070046
4130276430
4131001678
4131026495
4143707693
4155036205
4104671756
4041745933
3496685261
3497742015
3497610159
3506194862
4043078822
3086771334
3070226566
3064385670
3064377734
2527569254
2548360743
2539974181
2535751461
2502190372
2674290996
3219542052
3181891620
3164983588
3165120293
3099036663
3098839974
3111422374
3140782262
3124025478
4195773574
4195509382
3927073254
3939909990
4004986926
4005299214
4008453134
4260111630
4243222255
4239007469
4239001260
3701999236
3697815172
3694929892
3695105056
3697726497
3722875907
4259755010
2112072706
2145560578
2145564674
2145814531
4284910673
4263888033
4129554593
4129567141
1982280357
1987262116
1991322276
1989159588
1989160580
1940989572
1358111620
1358164356
1357164996
1357160741
1357161765
1894034727
1893959982
1893906734
1952643390
1952868630
1948653846
1948648758
1948648230
1948451622
1411584830
368120639
529532735
511760645
511764740
515943684
515940612
516137740
508736012
506888712
490635784
338594392
875268840
1953073320
1957464232
1957464232
1978445960
4146372744
4129722760
4045820824
4029027000
4041621165
4038011823
4037814702
4037814462
4054592654
1919692942
1916670382
1916679086
1919840942
1919935166
1919722062
4075070991
4083461645
4079001119
4045512223
4028874303
4029087294
4033246766
4037416238
4037423142
3500605478
2426683430
2431434802
3493643267
3491531779
3490682881
3490625793
3546192193
4074676161
4068124609
3526030209
3526214016
3593453984
3598602724
3619643748
3585941796
4122767653
3053217061
3044830527
3028278591
3028207966
4108241358
4108311438
4108316302
4118771342
4147987102
4146856639
4130079661
4130083244
4068221100
1929127084
1654402204
1922837901
1943805343
836575167
813574063
812528318
812058270
811861711
811919311
300199757
291806557
292009237
283555093
283555605
275169045
275233335
275053095
291789414
308681714
308690418
308690162
317592822
317527254
317469911
317466103
334246239
284045645
15610635
7288603
7092027
7092011
6567739
6583611
6648091
6418699
14807307
14782731
14912779
6461755
6732074
2467886
19184654
321750030
305037390
306086030
306090118
309236102
317625271
326005671
359474149
275522532
272368420
272380716
276571948
284962348
279719468
279784968
28059145
44828425
40682779
40748347
49126714
66033978
91003178
24946990
58500590
41714062
41910662
40538502
1181389190
1181413762
1181413810
1131065778
3232478194
3232342562
3232539362
3232540578
3232541605
3232541092
3245132204
3274589596
3274597260
3241075596
3241058636
3492192524
1344580924
1357162812
1352706335
1889573662
1944230670
1986174734
1982235918
4130832446
4128755758
4262944814
4263452782
4265484374
3745386694
3724411894
3703440102
3703374502
3703313078
3703333511
3567052421
3567036085
3588011428
3608446396
3591800204
3593897356
3592867276
1445384188
1378155373
1927572265
1923170075
1927356235
845159883
861943195
291648953
283251129
283247001
283312537
283128221
283124217
283436523
811902315
811894059
828675386
828740922
828879130
904900890
1441771802
1441771578
1433399354
1433302330
1416510762
1424895274
1425673194
1425742779
1425678219
285097865
293539725
289211788
20784636
20919788
24981868
57946413
41210141
48529677
317162773
316980517
308587813
310158373
306085893
303988741
35581959
1978383
4067534
2756094
275499694
280988334
815569582
849132239
847817551
853120013
907644941
909746204
908763229
908763261
892264551
1009664355
2083455971
1814902497
1826893344
4104399392
4105513696
4037479056
4037413504
1889939072
1349453440
1366099601
1374488226
1403794854
1940137126
1940143278
1935948990
858008714
321334474
321138122
325328347
291790331
291855707
300375387
300277113
300285307
291894650
291880250
291880254
325434686
325432638
333820214
333820214
870822206
870822175
870749196
870759436
862365724
857843836
857798908
858011804
824580492
807800717
811991743
816186031
547689135
564409007
832840447
832841679
870591949
333733245
333831549
333831549
333831549
333839743
325451135
325582207
325582207
325582207
325451135
291896671
275232607
275157855
275157789
283480893
283423037
283423029
275102741
275232789
271038485
271022133
287717845
53361031
49159815
44958342
45023894
44827302
49030062
316941294
325329262
291795210
6770955
6812443
6668091
6601531
6667067
6667065
57129241
40343821
40277773
40272653
40272717
40256509
35988391
57025447
6696327
15075719
15075478
15534262
14956646
14952750
14970158
1080884526
1101591850
1084797230
1151971645
1151971612
1151963444
3299389732
3433604896
3455818528
2382019360
2239413024
3342580576
3275655857
3543059073
3543025283
3543007874
3555590834
1403847074
1370235046
1357652134
1349263590
1344544774
1344545799
1076112645
1080490276
1088863012
1088858900
3232152068
3517357573
3550905862
3534194246
3534062054
2464256230
2522984550
2518918182
2518918198
2518852902
3059918118
3068376358
3068261414
3064000567
3068194839
3059762183
3059811383
3055748134
2519073126
2541163238
2515997414
2498040502
2493846166
2426674823
2427198085
2158779268
2171394500
2200762820
2184096196
2185145988
2189354628
2197739236
2197570272
2195473377
2195476963
2212257891
2169298978
2153563170
2151599187
2150558145
2150279617
2154494592
2154482304
2171275905
2238256851
2238263859
2246578722
2380795939
2380800035
2410161187
2393515011
2393521219
2393524419
2330577827
3396909731
3457723047
3474501295
3474567053
3458183053
3393039757
3393031615
3460205806
2385951854
2390141966
2415060230
2364733206
2363946534
2229718567
2230308596
2230116020
2246864564
2255255188
2256389780
2255471012
2272248036
2507130084
3496339557
3496339527
3492243783
3492232135
1361451463
1361450375
1361457589
1366450356
1366479348
1366540628
1373684996
1407232021
1138800695
1138800678
3269568566
3269683414
3277995206
3244431302
3252814582
3248620262
3315602150
2241864439
2241881687
2246106917
2246363436
2229573676
2229774652
2221259036
2217582348
2238690828
2280628748
2259592728
2259599149
2259589423
2263665006
2268907886
2386348350
2386451742
2389603598
2397987086
2393530430
2398642222
2323128446
2285375878
2285505927
2289752453
2566580612
3631851956
3627604404
2552023428
2602411396
3658916804
3665207812
3665216052
3660842533
3660850725
3665045293
3686151471
3686155311
3652601062
3720102102
3715911878
3443061959
3443123396
3441355972
3474909252
3476973572
3745406212
3723412996
3316564500
2242363965
2376372799
2377425450
2650076714
2668940010
2634336938
2635529130
2673273786
2681661834
2616541578
2608087946
2603877306
2603885290
3644138282
3648332094
3701941294
3701963878
3701853414
3718565014
3723795591
3730088071
3456606343
3457593543
3457609799
1463169039
1428557853
1412306217
3496938281
3496942121
3505310233
3505031753
3572021833
3622350409
3597173257
3605561915
3601699371
3601834539
3337511215
3329167399
3324772386
3324772450
3459134562
3459130451
3471713603
3466995201
1319521792
1319472640
3479481312
3441732576
3424955300
2355555204
2363935364
3433549493
3366278821
3635689135
3639878382
3639878254
3631490638
3697749358
3445886062
3441691886
3476360326
3476513926
3440895110
3445089414
1284894086
1283840950
3297958838
3300064674
3319985122
3353527126
3353514758
3353514758
3344993590
3311442215
3294672935
2221193251
2355607571
2372320259
2372313090
2386379010
2386367282
2386174482
2390372882
2410283554
2376663843
2360082721
2360094756
2292986884
3372026884
3363760388
3361646852
3356928788
3359087364
3359018757
3359015745
3375796929
3411518145
3419906769
3402081009
3402097377
3393550051
3393464290
3393531366
3460766806
2388068422
2404715606
2404846678
2405397590
2279600454
2275390406
2260702150
2260571030
2264699815
2255263653
2255263653
2255486885
2255417319
2389601783
2389669367
2389651829
2398695796
2398692348
2415408124
3354933164
3312992172
3308788136
3309115836
3577637016
1461642376
1461641352
1464656265
1170530745
1153753577
3292909868
3288517932
3289532724
3289467140
3295701764
3300125461
3484872455
2393293062
2326167814
2326168054
2331283942
2337580518
2333404646
2298866630
2332388294
3405867909
3389079220
3657643668
1510101636
1526977412
1526846388
1509987748
1514185892
1577100452
1577300180
1577299973
1578348549
1580377095
1462955271
1411538294
1416765414
1957836470
1957823166
1957839551
1974485947
4125147515
3609242667
3592464441
3609257995
3575703819
2502056714
2422606362
2426798650
2159477306
2157249050
2157777774
2157720046
2157715686
2159804583
2205941911
2185105542
3258585230
3256505742
3255467914
1107946314
1124653834
1138285339
1106835737
1102817544
1101702216
1105977480
1199104168
1194914216
1461248424
1460265896
1426704041
1426345599
1564560958
1569917470
1302538782
1302555950
3483856174
3420808238
3388765214
3376956422
2294928726
2290871798
2290871287
2291747797
2293844308
2310756692
2344241429
2331659525
2331657541
2323268983
2335720806
2302201830
2285431798
2285398726
2297982662
2293788358
2377774067
2409271715
2409267633
2408284577
2412545184
2399439008
2266007968
2534574464
2536671680
2519906560
3591612672
4128287776
4128284708
4262519142
3193053670
3193311662
3195470254
3027109814
3035236230
2632597190
2628401671
3702077981
3702008381
3702008349
3702008637
3722982717
3647684671
3678322719
3677782045
3642065244
3640692188
3640691420
3674254044
3678448332
3687038604
2680328844
2680345245
2647671471
2498757034
2499234986
2495015086
3048646814
3069683854
3069290638
2788341902
3996292558
3996291598
3995238942
3978359598
3961529134
3961528606
3961599014
3961658406
3902933286
3919710502
3952089351
4202719237
3129010180
2592140292
2650959876
2635207636
2618688180
2631795364
2627614373
3700698798
3702799022
3698592174
3577034938
3610388618
3608570058
1463217226
1463723018
1475319050
1441572137
1441571117
1475125564
3614028604
3614147452
3610941420
3594510189
4133375785
4083027241
2013138217
1442719547
1424959259
1953326603
1953363485
1412286013
1412291901
1412225151
1412226262
1428702342
1193936006
1160646790
1160646790
1303261878
3484299878
3467458086
3467394583
3467176453
3332958820
3324554732
2385036476
2369388685
2356810126
2361005966
2361003694
2361141998
2355898926
2351708990
2406229262
2397987087
2393825549
2393698604
2410448172
2407303020
2402848620
2402911836
2273287884
3355356812
3320834748
3312315311
3307555246
3308603566
3306376378
3338858634
3338903690
1459724490
1464967498
1402053978
1404153195
1403500905
1403493368
3550855128
3547178952
3509514952
3509503816
3509505897
3509504297
1361332587
1365518667
1399073225
1927688648
870449608
870449528
828506409
824385577
807411771
807431179
539011082
539072793
543333176
838306328
869632520
852328968
315593224
303006220
302600740
21504551
4796706
1082789922
1082789922
1086985314
1088043206
8005766
57338246
40483717
49122181
313493909
318080444
846504364
840212908
1645519528
1644470952
1711768233
1711440559
1845675007
1846693998
1850876974
1852844078
1869621294
2096310286
1022502158
1022501134
888279882
886244298
349176491
343938729
343961257
1417915016
1887607432
1887472264
1887734440
1888784040
4036277961
3587670607
3610673694
4147556918
4146520614
4281328418
4285030690
4289229858
4289283106
2125070338
1525293058
1512775682
1529556995
423231607
406458341
1488603877
2092616405
2091563716
1537784708
1525188740
3660350620
3660349612
3727610029
3731780525
3602784943
3602784935
3619431078
3585614758
3589809078
3573490062
3565040542
3229549466
3224646234
3223666202
1076115978
1080322570
1084549898
1151589131
1151748361
1302743304
1340999688
1311378488
1312490984
1245188536
1255674761
1318589066
1318589098
1320739754
1333322670
1329107374
1327273390
1310565830
246787271
246523972
1319352372
1176746020
1176668212
3592587524
3592859396
1462150660
1952888324
4238771716
4239361733
4239230630
4175796134
3089135014
3089118630
3089112494
3945938422
3958516550
3952355910
1771318094
1754540382
1755281534
1761533006
2027847694
2044366855
2069667845
4196179972
3658260516
3742135332
3708752940
3691909420
3570283052
3567125228
3567125145
3502114442
1354500746
1354558122
1396484522
1379702954
1379309722
3526792330
1378123785
1378123784
1378132008
1445224488
3609665576
3571851563
3567658538
3567664682
3567717098
3568570026
3505655466
3245657994
3277258122
1138158729
1398074760
1393846716
1393843628
1396100508
1395053516
1361224268
1902359069
1977659967
1977922111
3567564318
3567631910
3701795366
3702352422
3723442718
3714858782
3749526638
3672052974
3669886062
2679506014
2679593999
3488902221
3478449229
3474241884
3479023100
1607446444
1607458732
1590022044
1582694356
1578546660
1580381412
1578357857
1578124293
1578116101
1311845444
1295129040
1551006164
1554143940
1554173636
1555154644
1552986727
3434128166
3367018790
3362843686
3424671782
3424651302
3426158614
3442879758
3751158286
3734434319
3737043528
3602679496
3606612920
3594033576
3591936440
3592010120
4127960456
4128220552
3863380409
3871519659
3868369839
3872564206
3880903982
3878970630
4147405830
4112801798
4096143398
3840807983
3836610029
3837725117
4122745740
4057479820
4091030156
1935489676
1935416972
1897334413
1899102909
1932661679
1935749549
870327781
853552325
853567559
853604423
316922198
1390599446
1390608150
1113781766
1130493462
1092679190
1096865334
3500275510
3500588342
3500588053
3500587236
3500972196
3513551012
3542650004
3526010244
3526271876
3526271684
4062622284
4083585596
4091975212
4091869757
4091865887
4083444090
4083309034
4079098282
4083289530
4049797530
4041421198
1893933967
1893802911
1893738421
1885349861
1885355511
1885421043
1893940727
1910652375
1944139222
845182294
845213990
845213990
853643582
870420750
1935914255
1902229789
1898035516
3777345836
3777468732
3777403404
3810966028
2737735372
2703131276
2703147676
2705199805
2708279983
2707698342
2741249446
2724474022
2732661910
2728606870
4070714566
4070714438
4070729734
4070795270
1386244358
1403087686
1407664087
1407598055
1365652647
1365644455
1361446039
1361452229
1365257669
325085655
333511157
333560157
1935915340
1935915340
1935907084
4049837852
3781400092
3764557372
3764500012
2690694700
2690692644
2690684452
2686554663
2686485030
2686501414
2753577250
2758082610
2758083602
3026531346
3026527250
4100334610
4109246466
4108984326
1437204486
1605043526
1588281157
1588149068
182987596
174615388
170453464
171469256
238554248
240648616
249037224
1322931112
1339749032
1608229544
1574478504
1574478504
1570550460
1570750444
1469557615
1469360942
3622869806
3610499886
3542224750
3542484558
3542484686
4079364031
4079318445
4076107197
4071912845
1924448461
1387717085
1404494141
3517374765
3504759085
3496439081
3496417337
3496413195
1357322250
1358379018
1370962202
1408568586
1450656522
1446429386
1983287962
1980871598
1728095150
1728090558
654344591
637636815
654417997
654417981
1694737709
1694690604
1694660908
3847440684
3855644972
3888348472
3888192856
3888121800
3850634888
3850784410
4119223978
4253429422
4253298606
4250154430
3709080718
3709215882
3692178826
1544694186
2094082990
2109766542
2140188366
2123408974
2123412300
2123411740
2123411756
2117111852
4281434148
4231169044
4231193616
2083679505
2083665203
2083915554
2096497442
2090140390
2090271430
2107577030
2111776454
1574797015
1574731495
1574726317
1474063293
3612896653
3623378317
3606595021
3606660317
3539693631
3538575423
3538673711
4071223341
4072190253
4070093101
4086862143
4090016039
4077428967
4043866278
4044079270
4044013750
4027205014
1883918230
1892571798
1888381638
4035865286
3500042823
3567054659
3573343553
3565154625
3565109699
3577676243
3527350259
3531489123
3531480675
3539929651
3535601457
4072203569
4072186160
4072452132
4072448036
4068253804
4129067244
4144809189
1963920631
2098071751
2081294806
2085489191
2089692711
2090739221
2090804741
2040276551
1536812999
1531490263
1514712487
1514712487
1514712485
1581825509
2118818852
2118818852
4158297140
4154098948
3851059972
3851064069
3850998309
3842547239
3842546471
3876096295
3876555055
3809445903
3808922639
3775300623
3842155567
3842172207
3959680815
3964784431
3983657853
3983657853
3983924085
3982883701
3982884823
3966066679
3831848951
3831977907
3831977906
3831985042
3831985554
3974462866
3974461906
3974592978
3970365906
3971410243
3987990529
4019315729
3880837121
3876638737
3860054389
3860002149
3860069221
3866352631
3866221559
3807730677
3807731605
3824506772
2742367124
2742892468
2743023540
2751274676
2750225076
2746030773
2813164533
2813164821
2728783109
2795824149
2817286199
2808897591
2771202102
2771329078
2888184166
3961915366
3966635710
3975089814
4239671190
2025138127
2025136589
2041849164
1502887693
1507142411
1230449418
1264003902
1262824238
1245978426
1254376266
1254417226
1250730891
1250730425
1267708076
1267578028
1250736300
1321531556
1309034660
1309034900
1175866949
104219139
37110278
18903638
14738166
14873030
14860366
15876303
7356655
1056809
1057065
319824681
332664361
295029371
278248186
278182554
282376842
276077450
276076426
284459914
300909530
334397725
309260565
321806373
321266721
1395600419
1399729443
1392410386
1386141186
1384433170
1405388322
1405912866
1372097826
1355385894
1351268406
3515541557
3549063184
3553241152
3528145776
1380519652
1376325348
1393100516
1934112500
1900818133
827080165
827071719
822876279
856521799
856554567
843951559
575520215
583900669
575442429
592223676
1661836732
1661975996
1628353964
1896788908
1900983212
1934619565
1934586799
1933996462
1933976046
1909859438
1372922910
1358375946
1358310410
1358310415
1089875213
1156005389
1151602207
1151671839
77936134
82080262
73765702
1147634630
1147306882
1164085122
1206095763
1189320115
1180804515
1176609203
1445048723
1445052867
3592618339
3609395489
3588302117
3567267108
3567335717
2510502151
2259097862
2263289094
2254900550
3328643014
3330213542
3338610342
3334283942
3350012855
3349967252
3349447092
3345252516
3609231532
3609243884
3743460652
3743525149
4280396063
2103556895
2112027422
2103606030
4251336463
4251846445
4251845101
4294644140
4290331068
1857843596
1859943836
2115791260
2132552669
2132753279
1832288047
1815537455
1828115263
1689682746
1706332475
1704235465
1737788616
1725212808
638970008
655829176
588654776
554839464
1628585896
1641154473
1672484825
1655711561
1923147016
1923129608
1923264776
1939968264
1373683993
3500230442
3501352746
3568462378
3568462634
2499099434
2641631546
2390505738
2389468426
3467272458
3467273035
3400025032
3388498872
3363555004
3359295388
3695114140
1547691444
1547019684
1544856804
1544858868
1409395925
1426320581
356776387
1464236931
1448491667
1448491683
1180049057
1182664593
1191051713
1185808577
1135099988
1101845860
1101833572
1369802612
3517285860
3521418468
3508833516
3508832364
2972166220
2971838796
2971838988
3009591852
3009582628
2994127412
2994061876
2733425197
2733425455
2997663790
2997139518
2997286942
2993055758
3055880255
3072786655
4112920719
4096140175
4104520362
1957036714
1957965498
1957965482
1962157738
1412703674
1429495882
1463149578
1463659530
360556810
363706665
363830056
367627068
342658316
338490636
876531980
891212092
1964962596
2002174773
1985409541
852947461
844481077
308069933
844910381
840436201
840435881
840571033
913975435
393881739
350891146
481174922
480646026
481559118
481608254
415035950
415015470
146581030
1219799846
1219865366
3372067606
3374290294
3675161014
3662578111
4203651549
4203065853
3951868920
3951868264
3956062248
4011624488
4013787176
3879111688
3996557320
3996573704
3996569640
1861108201
4004316078
4008452006
4008452007
4000070311
2943303317
3169730181
3031316164
4105123420
4104922876
4105987727
4106022542
4106005146
4126976938
4147939498
4080831642
4081038474
4148094158
4147536078
1966482638
1965174254
1977757294
1973566062
1974602350
2142244423
2142250565
1475371781
1467175188
1467044116
1429214508
1963994156
1963993132
889272620
889338140
893533453
936523533
869274380
869270300
869270380
868239341
834750441
298047417
298053017
281144735
281079711
272744351
272736158
281382846
298175934
331861406
324455823
324463695
863169551
862055485
861990189
862250285
862446908
862351644
862208317
863242029
827606829
835143471
818288511
348530655
348465118
340014495
340008863
205742015
214134717
214040468
213946260
214077316
1556266884
1556260740
1573103556
1585489397
1585685750
1585624278
1589825782
1577140454
3725594862
3725660654
3746718446
3721553630
1568886478
1434734159
1438964301
1464134413
1465380108
1461089292
1444286472
1446383624
1463222552
