627964279
627964279
627964279
627964279
627964279
627964279
627964279
627964279
627964279
627964279
627964279
627964279
627964279
627964279
627964279
627964279
627964279
627964279
627964279
627964279
627964279
627964279
627964279
627964279
627964279
627964279
627964279
627964279
627964279
627964279
627964279
627964279
627964279
627964279
627964279
627964279
627964279
627964279
627964279
627964279
627964279
627964279
627964279
627964279
627964279
627964279
627964279
627964279
627964279
627964279
627964279
627964279
627964279
627964279
627964279
627964279
627964279
627964279
627964279
627964279
627964279
627947895
762165623
1030601143
493730231
258849207
1332591030
1332591542
3479550646
3487955638
2409970230
2376153654
2376153655
2376218919
2376218663
2376083495
2376075287
2380531719
2380597335
2372225367
2372753751
2372786551
2372794743
2372794743
2372794743
2372794743
2372794743
2372794743
2372794743
2372794743
2372794743
2372778359
2238559605
2238558709
2238558717
2238559225
2372776697
2372776697
2238562041
2238561017
2267921145
2536356601
2536487337
2536487065
3056579721
3190730889
3207524747
3173937819
2640982702
2640978662
2649499362
2649496162
2649495666
2376874002
2410100754
2410035202
2411083779
2411079683
2377526529
2377584401
2377387553
2377436707
2381618727
2381627175
2415173486
2406321662
2406320639
2674694335
2674759869
2670041245
2670181260
2636642957
2636528285
2637576943
2637576942
2641768046
2611227950
2611231822
2594495566
2595003470
2599193615
2607384589
2569701708
2552934092
2552934108
2620123816
2619964088
2636847772
2654612412
2656709036
2664966316
2526546084
2528910484
2545819844
2226004288
2158895697
2162950707
2154054162
2154094098
2154141970
2212870162
2196215826
2196215826
2263336978
2254657539
2254650371
2267160583
2237800726
2221024038
2229477926
2225092134
2225085222
2225093430
2225092870
2279884807
2263140421
2254866885
2254871429
2255396741
2255404983
2196553383
2171378343
2154601207
2154273495
2150103557
2149972501
2149903141
2155342117
2180442405
2180344117
2180274951
2172390151
2205944662
2168265574
2172598630
2172532838
2180913383
2176792789
2180790468
2212296836
2195503492
2195569588
2188680100
2188745636
2188745653
2204613557
2171010999
2154229687
2154229686
2155281846
2172120502
2171925686
2171917558
2171964502
2167909382
2148968710
2148985094
2153179398
2161564438
2177321766
2211908406
2195066374
2189301255
2189366039
2197567269
2214344037
2180791652
2180790500
2164021492
2180815348
2171902452
2170919925
2239216509
2507652989
2541205375
2538975358
3075846398
3071643882
3038105850
3038073082
3021347067
3157670123
3157666539
3103140443
2562071115
2578914890
2646356554
2646368842
2679935691
2678624747
2679684265
2683877800
3208154040
3191442056
3189485192
2921046984
2920980824
2920980521
2788872239
2805859374
2775977262
2759207190
3026598166
3160738614
3169585958
3166506791
3216981809
3200073041
3200051649
2662901889
2658970755
2654964883
2518582403
3609104514
4095664262
4094091590
4098106150
4099155502
4094963243
3021216299
2958445083
2960579083
2967243467
2694613903
3046936462
3080553358
3063583390
3063591598
3070075629
3191449380
3190549268
3190520064
3190520096
3190435108
3203015990
3135906054
3204063686
3220902070
3170369702
3166175398
2629447814
2627347855
2627416012
2358848204
2358782524
2363234876
2229025340
2229025321
2244225833
2256811307
2256994315
2190868491
2190745643
2259955759
2264666223
2281488623
2246869495
2221905335
2221905847
2221783989
2221783701
2221775509
2217720469
2469378805
2452536053
2990456773
2990450117
3057557717
3055526117
2789183717
2810167535
2759737771
2754495178
2754493130
2754558714
2754374634
2758568938
2779540474
2813293130
2796450314
2817454601
2775118345
2758336808
2758338600
2892515372
2892646444
2901039181
3186250829
3219787983
3194945738
3190686154
3194881646
2548701806
3081255470
3082316334
3063474698
3063457546
3063456009
3063590988
3063841004
2791145708
2788984036
2805763300
2769742052
2752965093
2685828070
2692102838
2700221078
2700090294
2700098278
2712939183
2763336444
2763468508
2713009676
3019652613
3010217990
2993453094
2993448998
3060545574
3078572086
3051276566
3047087686
3047091781
3032280644
3036475076
3044855476
3078213540
3057311140
3057269157
3057199533
3057133741
2990287021
2457811183
2508068927
2498103311
2493918479
2493918734
2493769230
2493554222
2494598702
2631175726
2640087534
2640021718
2640021638
2635839638
2637725071
2637704654
2637901774
2485796463
2498378351
2510949101
2443709437
2477537668
2460772740
2197346436
2189002884
2182842516
2182847637
2199621111
2166015238
2149208838
2155487750
2159683110
2226732582
2226658087
2361133861
2382108941
2373724429
2407487757
2371538188
2378858956
2643112332
2647163308
3171451821
3104342700
3105392284
3105402508
2837031565
2872687341
2939918893
2939870764
2938786604
2804547892
2817397012
2813198620
2814312508
3049001277
3044813915
3040618619
2503608570
2507802826
2444908682
2444949643
2478348683
2527638923
2527633833
2527633833
2528878760
2528817320
2524954875
2519482750
2519466790
2535851558
2485528102
3026593318
3030800150
3030898630
3165953478
3163863429
3167009180
3171195340
3187972444
2921244972
2921245484
2923342380
2923363884
2944325148
2894063116
2893932060
2892813868
2892777004
2758561316
2758560293
2758593333
2775374711
2775374711
2775374199
2909665783
2909665782
2842524150
2876078526
2876062142
2876062142
2875799998
2875800766
2884320446
2913680574
3182050494
3182050462
3182044318
3183158414
2516133006
2505649294
2539203727
2539334815
3615107261
3615111325
3614115981
3609934029
3509464077
3509468429
3224255759
3227989310
3236181294
3303306542
3299135807
3299311901
3300294932
3298133268
3297027348
3716460532
2660084212
2664405492
2655684820
2517272788
2517272932
2518396452
3040536085
3023757831
3022676486
3026867766
4121445862
4139533478
4139517094
3069969558
3055165574
3055428742
2535335326
3558739646
3571321563
3569162763
3569101322
3567528458
3617910334
2527372590
2528018478
2527952942
2523430943
2519302159
2519367759
2486875215
2486873293
3021646301
3021519849
3155749480
2887313960
2891968040
2896155192
2895495992
3029651736
3033800712
3021221896
3021213033
2484997103
2618952423
2627341031
2627279573
2629320385
2360881859
2411209411
2397708867
2397713218
2326397250
2326352182
2326324334
2326325486
2330499307
2385021083
3459946635
3325802635
3325605257
3611067273
3560342153
1414963865
3570836200
4107772520
4099187240
4101023272
4096834073
4046584331
4044413451
3008743995
3009071915
3008089385
3083453480
2815000600
2811990072
2946211880
4021854235
4290289674
4279803950
4246335598
4228449390
4228778238
4228258302
3960875710
1821772430
1840667278
1874239118
4003958478
4003760078
4009013358
4266958894
4266958895
3188023343
3204849711
3172864111
3156083687
3036283621
3031040741
3032023788
4105704188
3566743176
3570936457
3290049162
3290311306
3307088826
3306958250
1194602682
1207173322
1169506314
1203212314
1203024937
1453631532
1453631524
1445242932
1982760964
2116976644
4264198144
4264198464
4264198864
4247417568
4230558368
4230558624
4243329952
4104913825
4104918945
4104993443
4104989334
4105988758
4097092534
4146366902
4129462406
4062355654
1646432518
1646309942
1646305831
1647321639
1664098861
1613903597
1613897644
3768977576
3835955368
3836741801
4105181257
4119865355
3616860426
3619008026
3619660346
3082461482
3082461482
3082453290
3086516779
3052963337
2770905608
2770971208
2754341624
3022678761
3022719914
3023898794
2958822554
2961511626
2961649674
2475040778
2476089370
2545311802
2545344539
2545263625
2662639640
2666825768
2654242856
2520225880
2520157256
2453045449
4080455883
4030091722
4100330410
3030783658
3031243690
3032226282
2514237930
2673617354
2655921866
2387214922
2408186494
2408190590
2374644350
2374509175
2358781927
2375560615
2308713911
2308763071
2312960429
2304018861
2302970332
2370079068
2370153276
2371332668
2371337756
2673315340
2673708557
2656943935
2656938087
2656938086
2652735591
3189623830
3055449095
3055477007
3083792927
3045999215
3028618991
3032760062
2484345566
2485079718
2503886502
2508158878
2539153294
2673377231
2541410767
2541418719
2549803239
2549770469
2482714693
2482581573
2474127437
2440638703
2440704495
2432578285
2432643821
2430369519
2437741295
2471295695
2194442957
2194442957
2190383051
2261705546
2278449418
2237556030
2355043630
2363304238
2363436350
2363299134
2365325614
2365325630
2365337934
2365334598
2365355127
2356993509
2357065189
2382297045
2414773957
2398064261
2397411973
2388978653
2388978671
2384755695
2384739182
2389587550
2406359630
2414764894
2280416110
2280452463
2246873197
2246869068
2246934536
2221768776
2171571576
2435815800
2469374424
2470357976
2450955000
3524721369
3524720585
3544629519
3512127502
2421616694
2421449766
2420386850
2420907106
3495825314
3520994978
2476611202
2461926019
2461860483
2197557937
2197567139
2189192483
2189191207
2474403902
2449336334
2428418318
2428419599
2495528511
2512164397
2625406509
2621216373
2620950005
2621148388
2619078880
2623273200
2627402192
2644142832
2667195984
2390369793
2385121795
2389381382
2393387046
2393382958
2410419242
2376879322
2381105290
2382137482
2373818763
2407512203
2407509131
2407502987
2403194075
2403300475
2403275835
2369664059
2369662762
2365468202
2361277994
2294025755
2310802955
2310802955
2314755593
2339960697
2340018041
2340020089
2340290553
2340282329
2315112447
2315230703
2306846191
2306714863
2340273389
2320995548
2321003972
2320999876
2591932356
2587729876
2587729644
2587353068
2570510317
3090610669
3094800893
3117869461
3112200583
3217059207
3208670662
3204539862
3171055078
3158753766
3033940838
4107748183
4107593159
4106544581
4098155973
4110806231
4110896358
4094053606
4047916534
4056344022
4085671878
4135943630
4135878095
4141100493
3595841004
3613212652
4116645868
4116579324
4108284748
3570688844
3570721117
3561288181
3561485781
4098293205
4098293244
4115069948
4157078524
4156947164
4141144796
4132503132
4132497116
3859919485
3876688493
3847336815
3847328623
2807075823
2790306655
2789257805
2722149965
2719063933
2735987053
2708928876
2692151660
2717309821
2750865229
2734151181
2725569293
2725535871
2725519470
2724467822
3815113838
3764781566
3764781774
3764785806
1625630670
1621370094
1622424810
1622412410
1637145674
1641327626
1666682635
1666616841
1645645323
1645714971
1646050923
3795625451
3799814377
3864363257
3881222393
3830903021
2757157229
2759255847
2767675175
2767486758
2767482678
2784259862
2776000278
2809548758
2810105543
2810105735
2815809429
2798970276
3871662508
3863240924
3876868300
3877049853
3843440045
3830853551
3839238079
3839235983
3839635919
3858522591
3858096463
4159107087
4160199711
4294228014
4294223918
4269058078
4264998926
3996556559
3996549901
2927018588
2935931628
2950451948
2916886252
2891919084
2891845340
2891845332
2891715221
2902205095
2901680558
2897485998
2897232110
3163606254
3167783006
3158353934
3103828238
3125914383
3125984015
3134387485
3134345501
3126199100
3109945965
3092128495
3101303454
3101373374
4174918058
4174906538
4216851674
4195952650
4212796426
3646581771
1549460745
1556788745
1557104153
2093778521
4232613593
4232888297
4232883689
4250838251
4267610363
4262887627
3189166155
3189174351
3054910975
3057008367
3061259951
3002336939
2981888699
4038857355
4038931099
4038927291
4038861227
4034666667
3493643497
4030511129
4030572552
4030572808
4029135368
3018230280
2997258760
3001452041
2465612347
2465665642
3059032746
3084853930
3049136558
3166437550
3182167206
3047967895
2539944069
2536859845
3592890629
3592628997
1461923333
1969366823
1977749799
1978794287
1439694862
1413488651
335552539
269545499
269798410
276154634
16746762
12486986
12487114
12492170
1105655182
1130811598
1097252942
1080463670
3229005094
3235227430
3251939111
3281299201
3264644608
3265167936
3265184400
2197668512
2196271776
2196267940
2197320108
2474144172
3508036073
3506987339
3507024139
3507196681
3490627353
3490625849
2958997785
2957871881
2982972169
2982976073
3016537801
2991436489
3059651289
3059651305
3061773033
3070157549
3070059239
3019665063
3011260327
3011254695
3007056038
2976712886
2960002198
2969441414
2969448582
2969460806
2968313911
2959925303
2418840583
2418322437
2418469125
2422655493
2448869893
2480295479
2479179367
2462328293
2462327157
2454135109
2480288085
2480275773
2442527037
2241270047
2242917407
2278569018
2270180410
2266002746
2232939834
2220293914
2497104458
2492959306
2513738458
2647964410
2652155610
2654245578
2654454474
2671137482
2669032170
2639405802
2639274346
2630892654
2629843198
3653253326
3653445838
3686935758
3686935774
3678549246
3645051358
3376501519
1212216071
1212216085
1212195605
1220587796
3628178708
3628185876
3628251428
3624049524
2571279044
2588056260
2588051141
2588115653
2587984597
3124793957
3141575525
3099632480
3099832096
3158477600
3158477632
3171016640
3187933120
3054688192
3054684036
3058911140
2991654884
2991666660
3008701940
3017024612
3017028708
3012822076
2996110429
2996253791
2459382910
2459327742
2459327966
2463391190
2470763990
2470763990
2466643159
2437408085
2420565333
2428954453
2428950085
2160510467
2178270034
2211763042
2186605026
2186605026
2455564774
2455690742
2474564038
2441018311
2441018181
2440034885
2439900757
2435638005
2418861031
2418864615
2423767525
2432091573
2430492612
2430557124
2430369652
2438758180
2438755620
2424071476
2424268084
2432595253
2432106295
2446712630
2471808370
2454504946
2454504690
2454573234
2454712722
2454647698
2471424962
2471424966
2446320086
2446189046
2445669614
2513754350
2513819902
2507602398
2507598798
2541223759
2541016591
2541024013
2541548316
2508157740
2507043116
2490265980
2499703133
2499760639
3036464622
3034371566
3025993134
3023890846
3023960462
2487212934
2490289799
2448314053
2478708548
2478650676
2464949540
2464949284
2196513828
2196644900
2192446756
2192446757
2192311605
2209091381
2209877303
2214332727
2205944119
2206030135
2272229687
2246998391
2247097687
2246966615
2280429015
2272105975
2238551551
2238553534
2238692286
2238692286
2238708694
2238708694
2238413142
2238347606
2238344534
2271896918
2280351095
2280256887
2414462327
2380914007
2381094231
2372705398
2372705526
2372908534
2372838806
2406395286
2406399894
2406399623
2407438983
2402655127
2671033239
2637540855
2637669879
2635522391
2622939399
2622939911
2622906899
2622952979
2622754595
2622757217
2623289445
2648447205
2682195157
2664307909
2660120004
2664375748
2395743572
2412539236
2370600224
2353806644
2362392372
2362390048
2362381857
2408515107
2391742227
2391621427
2328632610
2329693475
2320813091
2336535607
2302911511
2294527255
2554565975
2554435415
2554439415
2567022295
2600582878
3137519326
3120742046
3120754367
3137503166
3137568190
3107993790
3099596990
3095410942
3095477470
2558672086
2558670150
2562855174
2571240214
2571174198
2303726886
2344625446
2323917846
2323917830
2323915782
2324107543
2328838525
2337030621
2303513049
2303517145
2303503833
3360537081
3360668635
2286861278
2282666974
2282658766
2282674062
2299445646
2338243022
2329854150
2325667926
2325635378
2325488931
2329683235
2321298723
2337538407
2304115173
3386261989
3368542612
3368345988
3359683468
3355479964
3623914140
3623991948
3624315528
4161186440
4211518088
4194482888
4195531355
4195483194
4195373626
4264825370
4269019690
4290539562
3165384746
3165290537
3165359164
3165161540
3156781892
3156781764
2906372820
2805643860
2786762260
2788852228
2722005508
2721509892
2808603172
2816800357
2816794469
2774814055
2808367487
2808421758
2808495478
2800100626
2800165170
2799964210
2791575602
3865317430
3874435126
3891146814
1689156622
1823401998
2096019527
2096072903
2095618215
1835571375
1848415405
3861680269
3861819532
3861836700
3861828260
3857666724
3835958948
2762224293
2762220197
2766414557
2757763967
2757767471
3831565359
3856861215
3886217231
3869763598
1990502414
1994696718
2121044998
2118025222
2117763142
2117767250
2066404322
2032846563
1751899889
1751775985
1760164576
3924360160
3924425200
3983276992
2909461184
2892749504
2889481824
2889412192
2892557920
2900945444
2917714471
2796308518
2800486438
2791573543
2787383349
2787515444
2753969156
2758683908
2762882757
2762815159
2762479270
2762497702
3031977638
3029913222
3024678534
2483611266
2483810978
3557446258
3558482178
3560580098
1412967426
2000185378
1919535138
1919584258
1919584258
1659799555
1726713344
4004090384
4016607760
3962090004
3962135092
2888376932
2821460709
2821461926
2829845926
2829587630
3098098874
3098032314
2562209930
2578982986
2339956746
2604312842
2603329801
3144268552
3127420424
2871563784
2871559736
2871756520
2871703208
2871715500
2838066847
2837983886
2838111150
2825527726
2829713646
2896756990
3165204574
4238876681
3702008840
3429378056
1277757464
1294600204
1193941260
1194207500
120343814
132940086
132677750
95060050
367702083
367697987
392863809
913022032
1982569584
1714000992
1714263264
3861885152
3878598560
3828282016
3828109984
2758546080
2762216100
2762224300
2762224367
2766417502
2766416150
2762369046
3886376982
3869567030
3873888262
4000242694
1848565766
1848561666
1848279075
1848283489
1852428769
1877594593
1818906819
1814769794
2083336322
2083331234
2083265506
2095856226
2091661858
2108439074
2125019699
2125030913
1588191488
1592377344
506052640
506130544
522907728
1546318064
2083258080
2095700704
2091489956
3836578436
3836713604
3836713604
2808911492
2787939012
2787939060
2791617252
2800018149
2800018407
2808372711
2775023071
2758211551
2758207487
2766600191
2766470655
2758072831
2774813183
2707773823
2707848574
2716216670
2716213598
2707759450
2707698042
2707751034
2707883134
2716731518
2779650174
2813278238
3887867910
4158396430
4149020686
4132052430
4148834694
3587847046
3583652278
3585806502
3718787238
4238894263
3718833285
1609086348
1462474748
1143707444
1143715344
1412411136
1412344112
1412864288
1412864305
1412864019
1417066786
1463725634
4130255490
4134175362
4134240947
4138439329
2796141984
2797124000
2799217572
2790828764
2803673608
2803809800
2805368360
2704705064
2774787624
2783051565
2783038253
2774649661
2774588221
2774924061
2808609557
2816993589
2816801077
2808400247
2808400247
2804238711
2774949207
2774954455
2783322583
2783257086
2783195642
2774798842
2758086778
2758152282
3840293914
3840288826
4104595514
1956911130
1420630026
1420766222
78585870
82710606
82706759
74335175
91144534
124687718
116374758
1190115555
1458547089
1458547073
1449967232
3597439636
3592721076
4129788596
4129723028
3055727285
3072504485
2774591393
2766203299
2766203111
2766260343
2758007125
2774724357
2770529797
2770595333
2774658596
2774585124
2757807908
2757873460
2758008325
2757880581
2757815093
2774596389
2774584101
2774616885
2808303381
2808246021
2816667413
2782986021
2782972197
2782972199
2774587703
2808609047
2808539415
2816929047
2816961847
2816761143
2774795639
2774795638
2774994226
2774931730
2816882706
2800166962
2799986738
2800023666
2791753938
2792266881
2809044352
2775488128
2758710912
2754059952
2758074016
2758082208
2758078177
2766467047
2766536191
2774953439
2774886910
2774591934
2774649342
2816723454
2799885790
2791473118
2791467462
2791532630
2799724646
2799716454
2791640310
2774932630
2758157446
2767070598
2762894726
2762756006
2762787749
2762263461
2774858740
2770659908
2804410884
2804149764
2808213036
2816525868
2816525869
2808205117
2774794047
2774657343
2774587693
2757806397
2757871933
2774728477
2774724109
2774724109
2808146733
2808138543
2808400175
2774911359
2775047519
2774986591
2774986575
2774920575
2774858095
2774845823
2808465759
2808600925
2808543517
2783373597
2783440189
2783239485
2716126589
2707738109
2707807743
2707881431
2741430679
2749884823
2749651383
2741258678
2707687922
2691120626
2691055058
2758159810
3034982850
3034982610
3034912882
3051620434
2548504594
2531671042
2531664898
3601212482
3601736770
3354352834
3320700146
3517700338
3500923330
3500890561
3504954304
3521673568
1399351584
1933339936
4078759200
3810323748
3809252660
3775694140
3779444076
3779436268
3787755228
3779365580
2701429388
2701499020
2735127212
2735123180
2739318764
2740313900
2748829485
2750610965
2742218261
2741103413
2808146725
2808400167
2774845759
2774915455
2774982495
2774989663
2783374207
2783243135
2783234431
2808400255
2741360959
2741500191
2741430559
2716264735
2716166463
2716076415
2707687806
2707753470
2741377526
2741386710
2749775058
2733063378
4071898194
4073994322
3532470354
1385043970
1116616706
1116616706
42870786
47847427
56236035
56301587
22748434
22764882
14409666
14409618
16498578
16498066
16759698
16620434
1090362258
1090502547
1090500529
1089320864
1106028448
1374463904
1399107232
1399630496
4079790752
4079266788
4083526116
4083661156
3815153460
2741474828
2737157644
2737090060
2737090092
2703538732
2707724844
2691009068
2707934764
2703674892
2707877389
2707746349
2749681453
2816788775
2783234423
2774911319
2774989655
2774985559
2775051127
2774849895
2774845751
2774845759
2774916383
2808577375
2816894303
2816958847
2816741759
2808349178
2774794746
2774995322
2774937978
2783327258
2783323226
3856999514
3856950362
3856958538
3857026122
1709546570
1701165130
1696970826
1831319626
1831246058
1831255274
1864806522
1864806650
4012306538
4012306538
4016500842
4016460138
4016468586
4016517882
2909217530
2909090554
2950960874
2951487226
2934709242
2930530650
2930735451
2930702601
2930370824
2930306312
2884167432
2871763800
2871718744
2871972856
2838419432
2839336365
2843497901
2843049133
2876734621
2876732637
2935379165
2935387612
2931195356
2947902844
2914282852
2901798780
2901925724
2901790300
2893411932
2891310716
2759190125
2759089901
2759610095
2691450799
2691434415
2691499967
2691643327
2691657115
2716690879
2716629247
2750171199
2749647127
2742384902
2742513410
3010864642
3011389202
4135466274
4134407266
3731754098
3740145874
3739892930
3739892866
1592405122
1206529155
1172911507
1156138387
1424870801
1424350609
1424472208
1424210064
4041320672
4041255264
4041255456
3764432432
3761286677
3761354261
3761492519
3761308270
3761505262
3782476270
3790868730
3790939338
3824510027
3822447641
2748615720
2744485928
2748689160
2750720520
2738137608
2738195976
2738327080
2738325032
2776073769
2774909801
2774913897
2774987641
2774984569
2783438825
2783239657
2783235565
2774846975
2808479231
2808544735
2816933343
2816993791
2816801151
2774849919
2774915455
2775046527
2808535391
2816933207
2816993751
2816797175
2808379895
2808368630
2808434166
2816890326
2816898518
2783341778
2816863474
2808412274
2808924210
2951727154
2951649298
2951653379
2943266561
2939072001
2905509376
2905460273
2906441313
2906407907
2893812195
2910589347
2909540535
3983290559
3848810671
3840413865
3836419305
3836361176
3837409992
3854199496
2780359240
2780342984
2818092744
2809955912
2805760584
2804712040
2804781672
2804920936
2775573353
2775569385
2909754347
2942784490
2942793194
2950987246
2800503038
2800568542
2793363550
2801694746
2801690635
2797530191
2797495311
2935841823
3176948783
3160355902
3156082974
3160277534
3168666170
3164407338
2627477034
2627484458
2627483674
2377648186
2377713690
2310608970
2377657418
2382111818
2382180427
2382188763
2381697273
2245382617
2236978649
2236986841
2237529593
2233335289
2233432571
2232121691
2232105291
2236299595
2378905866
2378907418
2374973210
2374857563
2374816635
2311377915
2311369723
2346037739
2337641963
2337642923
2338298283
2333841627
2302392523
2302392523
2369518795
2373641675
2373641691
2382030827
2382362603
2380126185
2245383785
2245383785
2245391913
2237003321
2270527000
2236955160
2169846584
2170370345
2166167849
2169444649
2169182235
2177571851
2173244683
2173244763
2173181295
2177654127
2177714543
2169358703
2170411391
2203965781
2203973957
2170412357
2170412372
2170543484
2170543469
2170550637
2170419565
2169371005
2169502047
2169502031
2169370974
2211314526
2211315550
2211051486
2211049982
2211050990
2269771242
2270952938
2405169626
2405038538
2405034442
2405001562
2338027866
2340123978
2340155722
2340152139
2340021083
2338972539
2338977785
2338969081
2338971129
2338970073
2339101129
2334915019
2301360587
2301361498
2305553738
2288759242
3387527626
3387527611
2347348393
2347347368
2330574248
2389285304
2389282184
2385223560
2385229704
2385163672
2385159672
2267737388
2234149933
2221549631
2221549854
2231245078
2229145398
2157252150
2156140086
2156140094
2156140335
2173964079
2178682159
2180778303
2180778303
2172393791
2170362143
2178750735
2178750749
2178767165
2178767148
2170378540
2170411380
2170411348
2170411348
2170411381
2169362791
2169363814
2169372014
2211315198
2211052030
2278160894
2278160894
2405038558
2407135690
2340026826
2339989834
2340120906
2306566474
2306567515
2305551707
2305419083
2313811931
2313811963
2338953211
2338953211
2339085787
2323226073
2323234265
2323380697
2338060763
2333866459
2333800923
2300242379
2304437706
2287594954
2287597018
2295985627
2296116731
2312893929
2314980840
3380202988
3413727732
3396950484
3395885392
3397065008
3464113968
3459919664
3476696880
3443144449
3308914435
2218411778
2162837250
2158708498
2158714675
2175367969
2175302433
2175302432
2180807456
2178734948
2178734972
2178785116
2178791420
2203957228
2189277165
2189271013
2189269475
2187172083
2187303154
2183108722
2183116914
2183034962
2199795778
2149460034
2216573250
2224687938
2361072242
2360941154
2360883810
2293774946
2295885414
2287513190
2304288590
2306385871
2340136397
2322179548
2322180572
2322181076
3395922628
3391728324
3391879888
3391756880
3391758147
3391755586
3374986322
3366585426
3366650946
3366650946
3366523974
3366465910
3366478830
2296964075
2296948201
2305334777
3379272184
3379280088
3396057304
3396057160
1248565272
1248566552
1315616008
1311416604
1312530796
1312535012
3325722816
3308945857
3292185026
3223929330
3236631522
3232379750
3232379694
2158700351
2158571051
2158504491
2158504491
2162953003
2155613035
2168195915
2166119755
2170516811
2177888571
2177888553
2177757483
2177757483
2177749371
2177880426
2177757546
2211313002
2211307374
2211307518
2211053566
2278292974
2404120062
2405037530
2405037514
2337930698
2337926602
2340023754
2340156747
2340155739
2339103707
2339103689
2338972617
2338977225
2338979273
2338978265
2334775769
2334742875
2334882123
2305523018
2314957130
2310689610
2311050106
2308821866
2308755819
2312409579
2345972203
2338174441
2338174201
2338045176
2304490744
2302409944
2302409944
2306567512
2306502488
2313825048
2376804921
2377853483
2381912875
2245529387
2245723947
2178565979
2178664411
2178520989
2180548541
2214105004
2196279204
2187958692
2188220596
2185214132
3258956948
3258449044
3275158748
3223778588
3223773980
3223774741
3227807255
3236195894
3227793970
3228834338
3235711538
3231648274
3230535442
3248096514
3248099330
3350884354
3337286659
3458849811
3458833746
3391789122
3391797314
3391814722
3395974210
3412799570
3479777394
3320526258
3299557026
3249240738
3249076901
1101590180
1105781420
1139323308
1126731960
1076400280
1076490280
1076490280
1076589608
2845992
2780715
11165210
11161098
11144715
96095755
230312523
1341848027
1315564907
1315487087
1315471727
1315541470
3463098830
3328876934
3345654662
3354059442
2229957298
2225746610
2225800882
2225934242
2158763362
2159291426
2163484710
2180261942
2213817663
2213838141
2213825852
2214380892
2214429116
2180874684
3229454764
3225261476
3223305696
3240081760
3272587569
3255613699
3255609602
3268130818
3263861762
3268063234
3335172162
2529866946
2648349938
2631506082
2564397475
2555943845
3088620197
3088629477
3088623333
2819351269
2819614311
2823614311
2828838950
2828830758
2845624374
2873941062
2869716038
2869830854
3944624094
3944615662
4026470126
3987476078
4255913582
4239139358
3569099533
3568836876
3300401420
1155012428
1079516116
1075338204
1075370372
1075566980
17484164
34261445
39503175
47890695
1117344567
1116238630
1120428838
1120494374
3259655970
3268146978
3280520994
2173224802
2173224546
2156760802
2173615842
2173632115
2177825617
2206194001
2206194032
2206202192
2204104816
2203875424
2203875424
2181838944
2198617200
2198805584
2198805840
2202475345
2177309555
2172983910
2172984934
2173009766
2172677990
2206264694
2206518646
2277885302
2261619198
2387448318
2388496858
2384040394
2384180682
2384178635
2338040779
2338040777
2304490121
2306522761
2306518665
2306533273
2340021689
2323185081
2323250361
2323217561
2319129819
2319137882
2335847706
2289705738
2298094090
2293899802
2293764650
2297971563
2296956907
2296962537
2313738729
3447323128
3447453912
3447388504
3313203544
3312155928
3312008472
3312008568
3308994408
3290120172
3290111980
3288928253
3293384629
3297054647
3313569527
2239974966
2239979046
2244180774
2235689782
2269178646
2277632278
2256664854
2256788790
2189661478
2193720677
2202045932
2203356572
2165672332
2166327692
2165283292
2165291484
2165291356
2165225757
2446241055
3549342767
4086279215
4086147119
4090279981
3808988205
3876162671
3843720431
3977954543
2906273007
2839165167
3946453759
3958053599
3953728253
4222171837
4222171807
4188548750
3114854030
3115886254
3120072110
3111685310
3107761294
4179405838
4179471374
4215234574
4215152654
4215152686
2034115370
2024407594
2024407595
4238872280
3702008520
3702024908
3572034252
3291003596
3307977420
3274358732
3257567052
3257581900
3261731101
3262787879
3269009447
3284672806
3246924134
3230404966
3230405478
2156662630
2156661622
2152680311
2165242695
2182019335
2183036165
2195673541
3332264389
3332264340
3332338084
3348951460
3344495013
3339243941
1174966695
1174966711
1124708503
1191818383
1158195343
1142483086
1144645838
1142577358
3294255374
3315224078
3281650190
3281584654
3266863662
3333972526
2260226858
2281227050
2239251227
2404994377
2402909129
2369346504
2369510361
2369452953
2369514379
2373578123
2381895050
2365178266
2365182122
2298048682
2289787114
2306548010
2340036906
2340036922
2348426042
2331714362
2331604795
2347290427
2347289401
2347272569
2305333753
2372507864
3446380760
3312180440
3312180440
3312155896
3295356392
3295290860
3426363308
3426365092
3441114788
3444121252
3448508081
3447983793
3447720691
3451997026
3439557410
2399398674
2399268098
2399268102
2395072774
2256648470
2256648215
2189531173
2206324772
2210515236
2168834324
2166081812
2165029172
2169225012
2169225013
2177474407
2177600486
2442107814
2441977254
2446105782
2471269527
3540553877
4077613245
4078579885
4078579881
1933194219
1899640362
1887054346
1891117582
1891117582
1891150350
1956223502
4120611598
4288318734
4270489870
4203389006
3134103630
3125715071
3138163823
3138155631
3105629678
3172872175
3172867813
3187543777
3166244576
3166183376
2629316032
2495098240
2495098240
2247765376
2239397760
3344629632
3339313059
3339509666
3339503014
3343697342
3352163790
3352225035
3343805709
3310705964
3241496364
3225376300
3237925404
3233645068
3233579532
3502081549
3497957933
3544099117
3527256109
3525158941
3529346061
1377533965
1377485005
3524935839
3575263407
3558482606
3571333806
3566013102
2491681470
2491693710
2223254222
2240030542
2240095070
2374443630
2374435438
2375287534
2408847086
2408869566
2413095870
2404698523
2400537547
2335657931
2302101259
2302113547
3375719194
3375637306
3377735450
3386191130
3381094714
3381098810
2311391258
2303002634
2338129930
2338266122
2337743882
2346131466
2342400314
2308903722
2312983083
2312688235
2312689273
2314772441
2306382809
2373556696
3429480792
3429611608
3295393880
3291192664
3291207004
3291215316
3292226996
3290129824
3289066912
3423280544
3452504481
3465415569
3464891025
3464633041
3468851809
2386587169
2399202867
2332077842
2336271618
2327948562
2323758130
2323747878
2390790182
2390806574
2411843951
2236075881
2219821784
2215365320
2216266440
2215221976
2219555704
2546706521
2542511115
3062607882
3066658874
3058532394
3054272558
3055124590
3206205550
3208261870
4013568234
3946460138
3917092602
3920314074
3920182010
3953736410
3954764491
3954747977
3921193544
3925387336
3912799432
3912798424
3946418424
3946483944
3946500328
3929682155
3929682026
3929675114
3950645114
3958049402
3920304730
4239071834
4238948938
3567794763
3567791688
3500682824
3253218888
3244842840
3241762168
3241770364
3273358716
3255450108
3255515644
3255384567
3259501462
3263761330
3264155314
3264159394
3264159410
3314450050
3301898115
3301881729
3294536064
3296506352
3292308772
3292310820
3291261740
3291261740
3292310316
3291802412
3293866812
2244434204
2273461597
2189557887
2189557870
2189623654
2260735270
2277518626
2277584674
2277584178
2411801906
2411797778
2378243346
2370241810
2282635522
3356115267
3357163841
3357167937
3359306689
3359309763
3358260162
3362438082
3387668930
3421092306
3404241362
3400045814
3400052982
3404239079
3404239087
2331554031
2323161199
2323178607
2319017071
2319082619
2323281243
3397015129
3405405945
3405372137
3422091961
3422091913
3413891465
3413892232
3376141464
3374937272
1210659004
1210721724
1214916532
1214918308
149630628
141377204
136658564
137584260
137604804
405909060
941665844
673234469
677423919
686860335
686864431
691050557
724606013
1764865085
1762898973
1762825517
1762828077
1761775149
3896887845
3905211189
3896834837
3913608965
3909480212
3943165740
3948399916
3948267820
4017474364
4018133788
2944399932
2919094844
2919090749
2909788701
2909665823
2909593471
2909589375
2909593471
2909658495
2909657471
2943220095
2943220095
2943220095
2943220086
2943351294
4017093118
3983538686
3983538686
3916429822
3916298750
3916429822
3916429822
3916429566
3916429534
3924682974
3924682975
3959421149
3959355485
3959355772
3934255420
3934124860
3950902076
4018010684
3984579132
3984579101
3966622333
3966552703
3899443839
2842483583
2842483583
2876012927
2876078423
2876078422
2876201334
3916397046
3916397046
3924785654
3907475958
3907476438
3925179350
3923012566
3921996246
3947162070
3947227606
3947362806
3947354614
3955743223
2848455127
2839935445
2839931285
3913808309
3922188724
3922188724
3913808820
3913808860
3913677788
3946969596
4015118717
4015114557
4017342781
4017346879
4017355071
4017355071
3983792446
3983657278
3983657278
3983661374
3983665470
3983800606
3916679454
3925068063
1769175351
1766943029
1766946837
1750431765
1767340149
1767340149
1769359477
1777748053
1810319445
1793579093
1793579093
1793579349
1793579861
1785199189
1785199189
1785166421
1785166455
1785559671
1793948279
1793948487
1794079183
3958307279
1802435023
1802500575
1802501119
1768807423
1777204223
1760426494
1760426462
1761474782
1753218127
1753182287
1753174143
1753026667
1751920747
1759785065
1760370040
3958315864
3941538520
3941292760
3937000152
3938319064
3938234056
3952911049
2844566218
2823791338
2819076970
2818937194
2819083626
2819029354
2835872126
2874661214
2857884511
2857885535
2866271967
2866140895
2866148351
2882925567
2840945499
2824302938
2824303962
2824291706
2824297946
3897916890
3897832922
3897832922
3897897434
3906285786
3906408666
3906426074
3906436298
3905317323
3905415643
3922062299
3955604427
3938818955
3930437515
3926168459
2852488139
2853683695
2853359983
2874405159
2882916647
2851600177
2843209489
2876767505
2876752177
2876588337
2876592433
2876592437
2843038013
2824303421
2824304505
3897912185
3897850233
3906230649
3906849241
3909081545
3909016009
3925792201
3917467853
3950891231
3950891247
3934253294
3934183782
3934188391
3934179891
3932025395
3931432503
3931434559
2859789163
2860271979
2868660601
2868725849
2868869337
2860477641
2860474569
2860503513
2885599721
2881405931
2847921903
2831023870
2835213302
2826759158
2822564342
3896375670
3913152630
3913283711
3917437023
3950991453
1769961565
1769433213
1802983485
1802983452
1786215452
1786215708
1786084636
1786083708
1786215292
1786190428
1786190429
1792498269
1792498525
1792376797
1788341711
1809247695
1775697870
1750588366
1750584270
1750453246
1750465518
1750395886
1750395758
1750461295
1750464895
1750584653
1750422621
3897839725
3897847917
3897847915
3898037609
3916847993
3958786776
3958852312
3937786616
3935369848
3934318152
3934316360
3951093067
3955484010
3909272938
3892563050
3892563178
2818755834
3892792798
3914816990
2841083870
2849468158
2883026686
2882920190
2877685502
2877615870
2848255583
2848255581
2839932765
2840067964
2839924604
2836746044
2836749661
2836753757
3914693981
3914824799
3913776255
3922156798
3922681310
3922622942
3922717150
3922586078
3922524638
3956074958
3956141534
2881879517
2881869277
2873619964
2873351652
2873347556
2873348068
2873351124
2881612757
2848058321
2839674321
2839674227
2839770407
3913499943
3913499927
3913495815
3913494303
3909299007
3913620287
3913620287
1774520703
1770785247
1754012111
1754033359
1775035853
1775019469
1775088093
1774629357
1766298997
1765836613
1795198789
1795329895
3942820719
3942886255
3942771583
3942906735
3930512239
2856765951
2856713695
2857168127
2856639743
2865028351
2881945087
2881943535
2877736686
2848442110
2848249855
2840919551
2824134143
2819739135
2821900767
2836592991
3914590557
3948017949
3948013853
3946965273
3947093273
3930283288
3930283292
3930275100
1782660412
1782660396
1783827756
1792216893
1788022621
1787960911
1788243791
1788276687
1805113806
1775737038
1750571214
1748474079
1748475391
1748484079
1750577135
3897931503
3897931501
3897950187
3900047355
3895844859
3895844859
3895582379
3899686570
3899686570
3899686842
3897588699
2849008089
2882594905
2882656281
2866273304
2866211864
2866277640
2866146585
2866276155
2866272042
2874658602
2870464362
2836909434
2836745726
2840939998
2840952030
2883022334
2883026302
2880953727
2948586847
2948595549
2919067485
2900193117
2891808765
2891808761
2891406328
2891402232
2887076313
3960822744
3965058040
3980918492
4022730461
4022658765
3997493197
3997494749
3998022893
3998079213
3931097197
3956197693
3956210205
3948867101
3948412445
3948216109
2874473773
2874461221
2874396021
2882722133
2881678165
2881678039
2873223895
2839603927
2839604214
2822883702
2822884727
2822888791
2822892629
2818633077
2818825589
3897719653
3914750829
3916778367
3925625342
3925629406
3959290334
3959422302
3959418206
3948932446
3914198366
3913608670
3913600478
3913797118
3913698799
3913633023
3947199711
3947982047
3956436222
3956464890
3956492410
4023613790
4022545742
4022546254
3888328287
3854769773
3855683309
3771797244
3771801564
1624259932
1624520829
1619277885
1619344397
562326799
562883854
567051534
558675278
554482782
588094686
588225790
571381870
570857583
570869807
575068205
575133757
574979100
574979100
575634460
642677772
642661645
1045052749
1045045069
1004228189
1006325501
1002034879
968488599
955900807
947512198
947508126
679204542
679214766
687569582
687422202
685255290
685255530
684470059
676080937
676082985
1766602536
2043229736
2039160424
2038980184
4220059464
3666652488
3666656584
3666721864
2593102968
2593111144
2609888360
2609814637
2345061485
2412137583
2403798127
2403667311
2403665263
2638698351
2648101502
2643890782
3164058334
3162810078
3167002574
2906949982
2902759770
2835855706
2819004698
2819004730
3892751675
3892767803
3892702267
3910138939
3914255722
1800359290
1783461210
1783457243
3930399995
3930526957
3930524925
4007009757
4007534556
1721700188
1721699925
1721450069
1721446215
1721445703
2140749254
2111389126
2086352342
2082149782
1008669062
940376966
939787230
675550206
675551070
684142155
684075531
684010041
680274473
680275497
680273497
684471881
684470873
684488569
701298683
734903801
734903785
734903801
734901721
1808381385
1783215561
1778956251
1778958315
1796063211
3943604075
3943610219
3909531499
3909539691
3896690543
3896725487
3964735469
3964734973
3830521333
3830659541
1683175893
1624455639
1624324183
1620121655
546379799
562506759
562375683
562834435
596380931
596118787
596133891
600332293
591923205
587729237
571152757
575290213
600455781
596196085
596122327
600595415
600628183
592223191
558743511
567263223
550486007
550354903
550279639
537696727
537778647
537860439
554318711
554318631
592063015
596257319
596196115
562567939
562584899
545840451
541695298
541834578
537631218
537631218
537630834
541833570
550156643
550218083
541715283
537623107
537541187
537541185
554318433
592124513
579541857
579549521
579546433
579415361
579353923
851992035
868769250
541613538
541612530
541678002
550050738
550181842
583670721
583678784
583674624
852110592
852045104
583544096
583539748
583535653
600639797
600652063
600598879
601721175
560840055
560840181
560840117
560840117
560840117
560839095
560839095
556087735
556087735
589642167
589642167
564542887
564280743
564145543
564145607
568359239
568449367
560060759
560060759
560331135
828766591
828898175
828636031
828504959
828504927
828504926
828635998
837024606
836991359
836991359
836991359
836860285
828733821
862288253
862026077
862189917
862173519
862174559
601994623
568430975
568430975
560050559
828486015
824294783
824293439
857864317
841185405
841365597
841365981
845560287
870718943
832968655
816255951
816133839
816068343
816070375
820281063
820281191
837058407
837091175
837091191
820312439
820312439
828766583
828766583
862453079
862369095
862369095
325514567
325451127
291830119
291830119
291895671
287800663
291665159
291697927
283309831
283368215
283179815
283179815
274791207
291766031
325251343
308474191
375574991
376496623
390115819
364941801
348229945
349289753
275888393
274966793
283285771
300321547
333879819
333809163
334283275
334430747
292434731
288235819
288301099
288170027
326052907
334379211
335415691
329042843
864848571
834962059
809538187
810595017
828551801
828547881
857907561
859024489
858908921
856815805
844355743
852679055
852643211
854737291
854000011
308748703
308748463
325525679
291709415
828449255
820010855
820017767
836794982
836795254
870545670
929201414
929192966
392299526
358618151
895496487
887104039
887304742
883062294
882994694
887155230
349231487
366008831
366049501
357984461
360086988
291947908
829851540
871403428
1943056037
1925222071
1925426887
1985195590
1983098390
1998695958
1998683670
4146150966
4117044774
3584826414
3567780910
3567845422
2628452414
2632663054
3295207437
3295191244
3304632204
1157343884
1157282460
1077578396
1127926412
1379598221
1379594382
1378799774
1378271486
1395114198
1394925654
287597622
287597879
275182341
1357288197
1353090820
1890028852
4037327140
4058294564
4083526196
4066754068
4062679556
4062614021
4062593551
4079944238
4079751726
4046206254
4033611878
1621887222
1891506374
1889417414
815670342
277749766
13504518
30298375
48161044
48226684
1190979948
1182582828
1176291564
1180555692
1201564556
1184786316
1186734735
1320419978
1319502762
1323512750
1311794094
1311826862
238157254
254848262
87076102
86031382
73448471
73446407
73629766
91390150
357741782
390239702
390239686
391290182
123899654
1181208118
1189472822
1189444126
1189349950
1190399534
3472631342
3472630318
3435078446
3435028750
3435053510
3435102359
3434913956
3439111332
3424430240
3441277072
3728652480
3594434816
3594424064
3593387568
1445848612
1915647860
1915639765
1936607189
1886258161
1894515169
1894523185
1894522901
821829693
813441069
272378923
272369690
1346242826
1348389386
1352567370
1421774538
1438155466
4122509898
4088955514
4072256491
3602555883
3598364650
3610931182
3610930598
3577369767
3023787173
3027846304
3036204256
3036212656
3034099072
3025845888
4150183552
4133372608
3061719681
3061064418
4143194850
4143194722
4125885222
4042001718
4042008902
4037814471
1890330829
1894525132
1395336396
322568520
322851336
306169352
305434155
844401194
575969834
1649785146
1658829882
1658827834
3797849114
4128214346
4144926154
4094590810
3020303902
2483957294
2497586990
2493261102
2492994926
2495161838
2495091869
3568833932
3317187980
3307766156
3307835804
3309024668
3575358860
3557664140
1409658316
1409387852
3561130301
3570571567
3562203431
3698535702
2624792334
2641498654
3679584814
3667001898
3666936362
3667141386
3399297290
3416012857
3422091496
3375925400
1227394184
1227464840
1261346952
1226219656
403087496
402825704
402826729
407038827
1480641322
1598159626
1522726666
1522725642
1532117770
1527777050
1225002794
3359976234
3376884522
3418828586
3398378250
3398120202
3398041930
3399074283
3399004584
3422068904
3409480860
3375930764
3409555340
3678121676
3644567236
3678053956
3659442037
3662061943
3662057558
3678584918
3674307670
3640867126
3628215094
3628481078
3628468774
3637317167
3637252669
3649843485
1502089228
1535705196
1539833964
1506288892
1221078492
1221159901
1221295597
1229618687
1225415070
1226557838
1259985294
3394894238
3398171022
3398167950
3398034862
3399022446
3417851694
3421062687
3417046541
3416976332
3484133868
2414393772
2406254764
2401012876
2401215884
3340740236
3323375260
3323440788
3336039044
3331717762
3266836898
3270891682
3275081954
2166803458
2150016006
3223760134
3236343302
3232082438
3232538150
2175579942
2544423206
2549661743
2404925641
2369335496
3424330185
3357158857
3356109291
1212819946
1212811498
1212680346
1212807306
1481221514
1482203531
1498980745
2069410216
2048492972
2052699564
2048632252
2050663876
2049630660
2049586116
2133725925
2100171495
1814889190
1827406766
1690055098
616046810
884482249
884487240
346565640
15215624
2799880
53132552
304782088
841648904
590252825
593792363
660909418
627343834
624001498
789742010
1041424874
2115117530
2131898734
2102533486
2022713638
2022714150
2022981382
2039750918
2074042631
1536847877
1524256789
1578696749
1578631213
504900841
505097209
375077529
379198107
1452935818
1184385690
1184417418
3327693258
3324551178
3291127818
3567952651
3567952424
3568284204
3568076332
3702293796
3703078956
3713585388
3642437865
3642368171
2031760554
2031754154
2065361579
1788521177
1788394056
1788389896
1792583944
1780000008
1780134152
1780122383
1780400654
1780351550
1780089830
1798832550
1761083814
1755840934
1756246414
2025726861
2023564172
1485057352
1556359464
1279535148
205531148
72509708
72506637
5391629
7667991
24400343
58708421
58627525
310281668
310282164
310351860
318617588
316515604
316454164
1942787109
1930208291
1896657954
4044263714
4027487010
4111397602
4284412642
3195949698
4264186498
4268412546
3941194658
3936925922
3936925730
3936921638
2863179837
2860099596
2872814604
3946490892
3946492956
3946480684
3928674148
3932868196
3941191396
3953773300
3924417268
2825452116
2821253716
2821220660
2839025701
2877044979
4001179810
4001249698
4001237426
4009692082
1841109906
1823423362
1823346562
1823346562
1957639554
1956914631
887383383
879011077
879011085
895792140
1952824381
1948490799
1966250030
4111636542
3776351038
3808856638
3796802110
3806235167
3801777676
2728036220
2730148324
2725802404
2721587380
2990023844
2990153124
2990149604
2961051380
2964733637
2964729414
3031838210
3031780658
3032239398
2627267878
2644044822
2673409286
2652503822
2652568846
2652563726
3122309166
3137058862
3132655933
3131615692
3198723468
4268290188
4129833100
4113170604
4029284516
1882064036
1885736357
1622548391
548682470
548678582
835987846
860892294
856711303
855756935
822247887
809665103
813871626
546484763
552648491
540059947
607168825
607295753
621972249
928155161
1045612041
773015307
1848952075
1847956778
1861135466
1856939242
1857005018
1877770699
1816036299
1815524041
1681302125
1681351213
1681138213
1681138213
1680880175
1613758763
1626341419
1621360681
1671694377
582371353
580818953
579643401
579635529
571247051
554472586
538939546
539381946
539373738
539373742
544354534
821178850
814883395
813905411
276899330
276833794
276899330
75715074
92766786
126191298
110397058
110403218
112565650
114400434
1188142258
1178657954
1191191715
1140924640
71446880
72487456
80876064
80937488
74650112
74519040
90378752
90641920
90642193
233117459
232851219
233129811
234182483
234218835
234186099
234186099
225793329
225789233
225793329
90535217
91715377
100095825
99964755
100005715
90568563
90559859
90559859
91084147
91084147
91084147
91084147
91092339
91223411
91223411
91223411
24114547
23983603
23983603
23983603
57521651
57521651
57652723
57652691
57652723
57652723
57521395
57521395
57521395
53458131
53474771
53476851
57671667
67107827
49674707
41286099
39190003
34977267
34976243
38122467
46511075
314941859
314877091
860142755
855939251
856066177
587630785
1661377345
1661385265
1662496289
1662299681
3809781281
3809780257
3809858083
3809985267
3776304098
2689914274
2689916322
2689915299
2698303907
2698377651
2715150837
2750938069
2734161733
2724722437
2724586245
2724590369
2724582177
2724582689
2791693617
2808479025
2808609073
2775046449
2774980881
2774980947
2775046515
2774915443
2774915889
2774924081
2774854449
2774854449
2808478513
2808466225
2774911249
2774915377
2774915379
2774915443
2774923635
2774923635
2775439735
2808994167
2808994167
2809002359
2809002359
2809002359
2809002359
2809133399
2775578967
2775578967
2775447927
2775447927
2775439731
2775439735
2775448049
2775579121
2775579121
2775579089
2775546321
2775546321
2775546353
2775546353
2783934963
2783919603
2783395218
2783395218
2783393170
2767598738
3841340562
3975560338
3971426450
3971430546
3969333458
3985782978
2140284994
2056465410
2060529411
2060527105
2051094049
2051020321
2067803683
2067803687
994061927
1002454903
1002520439
998252375
998251335
465582935
465648471
465649239
465649223
197148487
197148487
188776311
188841319
197228903
197228919
163674455
163674487
163674487
155285879
155285847
188840279
188840279
197359991
197359991
197228919
188840311
155286391
155286391
155286391
155286359
155319159
155318647
155318647
155318647
155449687
155449687
155449687
189004151
188873079
189004151
189004151
189004151
189004279
188873207
155318775
155318775
155318775
155318775
163707383
163707383
155449815
189004279
188938743
188938743
189004247
188873175
188873207
188873207
188840311
188840311
155318615
163839319
197393783
197377397
1270988277
1262599669
1262599669
1262599669
1262599669
1262730708
3410214356
3661807060
3728916436
3737305072
3737305056
3737305056
3754073968
3712147265
3561151809
3561119057
3562163235
3564588131
3581234273
3581367361
3344306369
3344314817
3351720387
3318167507
3311216611
3311150819
3311149665
3319608080
3315536644
3349091076
3348968204
3348969240
3353103144
3353135912
3319118715
3319049146
3319049130
3346827194
3476849050
3459088794
3728445850
3726291354
3726287354
3747258734
3747325239
2642128183
3715870055
3714817511
3715728855
2650330503
2545481111
2545608103
2533029285
2540422565
2536097189
2502477301
2485974999
2490363727
2494492495
2494488079
2498578999
2506903079
2536247079
2519471927
2523865367
2532122902
2544705814
2511302934
2512286006
2516567398
2514339319
2505950679
2505889237
2501705181
2500722637
2635003597
3708745421
3708712669
3714023295
3713809919
3713805823
3713871319
3755359703
3621131735
1473712599
1473581527
1439961559
1171533911
1163224343
1431692597
1431682357
1432206709
1465694677
1465761221
1465552260
1582990724
1599768448
1595593616
1564242917
2100852455
2087200743
1969956711
1969831414
1969757654
2137537734
2137533654
2145938678
2147081462
2113928566
1979708758
1442813190
1441629958
1442682647
1434318647
1568470823
1602088743
1568599847
1576984375
3707494167
3707371287
3706320663
3714700567
3715745079
3749302387
3749306451
3732566359
3732559175
3749338950
3623575414
3590143718
3590143974
3583844343
3588034461
3621520797
3621524892
3615257020
3612631484
3612663980
3612734716
3614692472
3614497853
3613453597
3345017119
3319922463
3571908383
3571906335
3568223038
3568026414
3585659182
2511925615
2516120959
2373512575
2235070782
2233014558
3307079950
3306823502
3319411662
3231253214
1083773950
1083708325
1083710884
1146648928
1159244064
1195087920
1178441728
104705024
37659649
377389059
373194755
507151363
506102835
455855139
455826531
422198371
426454371
434716259
417930835
418086467
955907667
951697011
951697107
431599043
435924161
456901825
456738001
455806179
422263970
942485154
2029268642
2025135778
1485913730
1485926018
1484844674
1484828306
1505800099
3678447011
3724644819
3724726723
3724693955
3746973123
3757966833
3586067937
3585940704
1421614308
1425812900
1360800188
1360866236
1360932540
1398683292
323949197
332137357
332940189
291034077
276542239
275357479
275290662
1349036582
1349032722
1366269186
1366203651
1433306371
3576596291
3577628354
3611178626
3615364834
3623695074
3619431267
1471947047
1471942949
1302081581
1289494540
1276978180
1277038644
1142771732
1144803588
70829316
83480324
96389956
129932100
128891203
246331714
246264162
241999970
255631458
255754578
255762882
255501250
221940675
225151474
