3588405637
3623008709
3623021893
2549149973
2549215543
2541187366
2549511718
2549495334
2549421606
2549878310
2281444902
2258122294
2392341815
2409126967
2409155639
2375601207
2381880373
2365308261
2365243251
2356846291
2625216243
2620952289
2635631329
2635717329
2535156673
2535074768
2522491248
2530872689
2530872657
2530807123
2549878130
2549959026
2248014194
2245917042
2228812627
2228804177
2237200981
2371414548
2404973076
2675571508
2683959589
2683952421
2548620647
2548618710
2540303542
2506740918
2507920534
2507832502
2507831478
2507897015
2537281685
2537225364
2537219200
2537219141
2503663621
2503910405
3581846791
3581935158
3581925926
3613325879
2673241847
2656526263
2680423861
2680436125
3712234909
3695523765
3561430967
3569434534
3587272614
2647713782
2681251142
2523964678
2524165382
2536740098
2507380530
2507515441
2499274288
2633457204
2624916004
2624850468
2637433124
2675312935
2617116726
2612927766
2310874390
2310546726
2310550822
2310538534
2314732758
2314753222
2306396311
2407121079
2407235733
2407178373
2371595397
3310987444
3342440612
3342567604
3342506116
3610945668
3610946692
3608843716
3541734212
3510546965
3514667557
3523057189
2447218213
2984099381
3051203125
3046943284
3046947372
3030161965
3034352175
3162279470
2906508846
2939156014
2938893870
2921907758
2922956590
2927119655
2952289589
2952338709
2910403397
3178769223
3176671607
3176740967
3185117286
3046836470
2509838550
2509838582
2512062711
2545622231
2281401543
2415656069
2415647877
2407259541
2407365013
2405263765
2401204405
2367584421
2366012565
2366012549
2298936453
2571562181
2571283925
2579541853
2579541533
2579541532
2571147836
2571213340
2638453372
2634545900
2635553516
2673692332
2673811388
2682205612
2683901421
2683831791
2548565374
2548593950
2515070270
2515139694
2548686078
2548825310
2548677790
2540280990
2540408222
2536168847
2536439181
2536435085
3006196189
3006197212
2993614037
3002068181
3002070229
2993517815
2451862774
2469672190
2436701310
2424180030
2432567854
2427324982
2427271702
2494048774
2225614359
2229812787
2229798433
2230079281
2230275361
2364328225
2355939633
2351728897
2351278339
2385947395
2323033603
2323566083
2331921937
2397654625
2397600481
2397600737
2397592032
2414402016
2414393824
2675489232
2684070388
3220876132
3086658404
3086585397
3077082647
3072888439
3005782902
3005864294
3005880550
3073251558
3073259751
3077453943
3081648157
3081378077
3081444125
2544384525
2544381453
2280155653
2271803927
2238237223
2372455015
2372524903
2372524919
2305383255
2305644887
2305391063
2305391063
2305392119
2313811431
2313810359
2372661663
2372661663
2406053023
2406049946
2406049946
2406164670
2406168830
2401900638
2406103054
2372805646
2381193486
2376999198
2360095087
2360099311
2364326311
2364313015
2355469205
3425024917
3425024981
3441924549
1328724165
1309863109
1308812485
503570629
520351829
520212855
486592871
490795815
499213111
499607319
495347479
495343135
1557024351
1296518879
1296326335
1296334495
1304780699
1334271387
1334148507
1585737147
1589919163
516175353
507848045
525807933
523383613
523383101
521351469
521171245
520151357
524345693
524325343
532715519
394303407
394313647
360955311
1434630591
1401076151
1405263287
1396940181
1396809623
1396936343
1396952759
1363335063
1364391831
1364387223
1349772791
1349582055
270556391
270851255
824573079
862446807
862376151
845660631
845648215
845652791
845652798
862433087
1935997727
1902435101
1902435132
1885788988
1961032476
1961030924
4108570892
3588354332
3580982068
3580961317
3612419623
2278768166
2277710370
2206272034
2206272290
2206276898
2206204982
2206204950
2189427735
2189427763
2189689889
2189692193
2193902945
2194459633
2186140657
2203056625
2170468817
2153692625
2153692625
2162146769
2162015667
2155723954
2155658402
2155658402
2154601634
2221907378
2222898562
2222898562
2235477378
2269031875
2403315155
2386536641
2386032833
2383804624
3726080112
3675662448
3675467248
3675469808
3674416756
3674350165
3686998645
3682629367
3682625238
3682627350
3418388790
3401668902
2386761766
2386762038
2395093270
2390898950
2390892294
2390822678
2273316663
2239773479
2227374885
2227309333
2223115077
2155941188
2160348532
2177158628
2211761636
2186582500
2186582501
2253765109
2253892093
2252843445
2404826549
2371263927
2354503063
2354511765
3428047765
3423820437
3422812821
1275329205
1275330517
1275307973
1291887045
1593876943
1598075871
1602262015
1568715759
1568912367
1434628975
1422045545
3569522025
3561217337
3510884697
3510798425
3511060697
3512113609
3554516361
3556545931
3556544907
3531575771
4068381183
4131303535
4131364911
4131382335
4131283999
4131283999
4135466047
4286514559
4235659263
4243982047
3706914558
3702589182
2626688750
2630889070
2362453790
2362453262
2379230478
2375105854
2375163710
2240945974
2274546999
2274477351
2190508325
2197061685
2197062676
2197064756
2188741748
2252331252
2252216817
2252283361
2403213223
2369664679
3436586646
3432398471
3430948487
1287658199
1275071477
1275091925
1275129285
1275110725
201368899
88118611
71341426
79738226
1153678706
1086504050
1086494802
1103284546
1103284546
1136840530
1136838610
3284390898
3284530162
3284465570
3242579874
3242581922
3226328498
3234717074
3234717075
3234331795
3235802259
3246288273
3246288337
3279908305
3278716273
3261348977
3261414449
3262004241
3261996307
2188188963
2188123938
2196512290
2193366578
2193563155
2210283027
2210348593
2176605985
2176618277
2180812069
2214364517
2189202917
2189268965
2189270773
2189269745
2185214705
2199894769
2199829203
2165227155
2148447619
2148443267
2152637575
2424677511
2441387159
2445577383
2466549159
2516684207
2516758495
3053629023
3058806333
3058820653
3061049133
3061019709
3056807997
3073578045
3042057245
2488408093
3570538527
3570538815
3549759791
3535026999
3535021319
3539734791
3271295238
3262972214
3275633442
3222943267
3222937091
3226078785
3234467392
3230207568
3230146144
3234348896
3234344288
2160605472
2156402976
2173504368
2207144784
2207149649
2207088465
2207045601
2207041505
2211239907
2203056115
2170545138
2153636834
2153575266
2152305522
2152436562
2152444886
3221858302
3238575038
3255475086
3255475086
3255745422
3255802766
3256655246
3525083546
3593769387
3610681515
3577143535
2507596285
2440454645
2448843255
2482401783
2478265330
2478064610
2461292514
2192856866
2212845350
2212845335
2212787991
2170840869
2170824485
2179284279
2246400311
2246531383
2247575831
2279016775
2270513495
2270518615
2270623063
2262229319
2262229335
2257888759
2262087143
2262080999
2253688295
2250015975
2535306487
2535368181
2539566549
2505749957
2505815509
2501443063
2501474790
2501589478
2484742486
2619222854
2625510214
2629701462
2629572598
2646356967
2377921517
2377913276
2377385884
2381320156
2402340860
2400320884
2400448276
2400317188
2404511492
2395074356
2390884133
2391007013
2256789287
2277756775
2277754742
2236008278
2244380118
2245508598
2245832166
2237435327
2237434271
2371852703
2405350799
2657070495
2652745119
2652222974
2652091630
2652017710
3205665846
4245857286
4228948998
4228965382
4245879822
3171048510
3175243566
3217432175
3213821565
2648508108
2631406284
2497196764
2493068156
2493020020
2493275428
2497497380
2489108789
2220882183
2267015943
2250178310
2253309446
2253309446
2530133590
2530202230
2530072422
2531054950
2547815653
2510132453
2515903684
2541532356
2535231700
2501689572
2485055973
2484003813
3025069799
3034509031
3034372839
3051145975
3076315719
3057637893
2520710917
2520671501
2537305117
2501653548
2489062509
2497584365
2492865965
2492866479
2492817087
2492759710
2513763998
2505369502
2539104150
2522195959
3054807029
3054806548
3004556820
2971002388
2958423604
2960512548
2960547360
2961071632
2958957072
2690399011
2692483362
2709260578
2726038866
4068423110
4068156614
4065862838
3000765606
2462846118
2529953974
2261006406
2261018630
2274814982
2274814982
2243341574
2240982294
2274602279
2274401319
2207550503
2202307829
2166148245
2149506453
2155798461
2164161197
2164144813
2164013813
2172395477
2205946709
2205577589
2213994999
2174673407
2157765118
2161951134
2153565578
2149501322
2151610762
2218715530
2218781066
2235428298
2239555018
3590173002
3623858442
3758076218
3741036842
2667163946
2667295018
2667241753
3665486105
3665391928
3644331320
3627751224
3631879704
4168758840
2021211672
2021146136
2016963096
2014899992
2014965528
2014295896
2035127256
1800188617
1795994315
1779274490
1779167978
1800138730
1800104810
1799960875
1808472345
1808406792
1800279304
1800274200
726466649
726401273
734273707
734273706
730079418
734281114
700725662
960838558
969357727
969292285
1002585149
998388765
985871373
985732109
985682973
994104621
994178349
960738623
960690015
943977439
944109503
944045998
407206590
407206846
406928318
415316926
415381950
415399046
415423622
415356038
423661734
524333222
516141526
516067782
516064198
381913047
381725669
373336557
1463941612
1564661196
1547850060
1548890380
1548878109
1551041853
1550920495
1559247662
1573931822
1339050302
1255197966
1245828366
1241706766
1241702670
1245897022
1271096102
1266705190
1233151782
1233157990
1266810726
1266744311
1270930420
1228988404
1497407476
1493276532
1476507508
1476506596
1476506596
2030089196
2030155676
2063710108
2063712148
2063841717
2067970533
4198693367
4198652182
4198635798
4198636806
3678543126
1539446070
1505887542
1484981558
1484789046
1484797238
1484794935
1216363807
1220558175
1228946911
1228963295
1229061599
1229061630
1237445118
1220639230
1220630910
1220761982
1237539198
1237539198
1262706526
1262706510
1270972238
1270939006
1270939118
1237375471
1237441533
1237441532
1237434364
1229176284
1212390876
1208196572
1208065532
1208073724
1208072701
1224980959
1258531230
1258482062
1245866382
1254243294
1271020526
1266817646
1266884398
1270877998
3384810814
3384819006
3418436638
3418371086
3418371342
3384827150
3384855934
1237436799
1220663679
3368147453
3368155613
3385063901
1229183453
1229184476
1229184476
1224996348
1262614012
1262616061
1329724797
1329854845
1325660637
1191419391
1191286191
1161921449
1434551192
1954644872
1954658184
2084679064
3691096504
3691092472
3708001147
4278405962
4261546762
4261549834
4207294250
4203095338
3145999658
3146048778
3112215817
3116409096
3091432300
3087172196
3158479600
3154159232
3154161280
4093704832
4093721248
3875674529
3792836771
2733770931
2728791171
3802547331
3802657937
3802195440
3823167060
3810584076
3810549260
3810724460
3810597612
3810539756
3823110380
3785427180
3768715468
3768772687
2695015438
2963582767
3039084077
3039071789
3039794701
3173885452
3157026316
3157009964
4231806511
4244441190
4238280934
4170582198
4170586294
4172490966
1498614982
1561470150
1526867142
453209286
453045447
457293749
528719508
528717444
1069651637
1044428711
771796391
1845730543
1711441935
1729267982
1735638542
1735501343
1701945883
3845235227
3828658747
3843331627
3845425963
3845441577
3849635887
3883386910
3860256782
3860261902
3994481670
3994468470
3998409815
4004703572
2914160496
2897448560
2895240912
2755684036
2751472261
2751472295
2685412014
3775923886
3781232062
3790022078
3785696414
3768849626
3768847370
1688471563
1957111817
1957111820
1415931916
341854540
368052620
531828108
529662860
529662860
265429989
256992045
1292952367
1276158782
202422030
202488590
206813967
214153479
478394439
495159303
1590069255
1582728198
1580630022
1580105746
1580109874
1580113938
2116997138
2100166962
2083455846
2087454311
1824274989
3971246632
3969149496
3969149448
3990120968
4246136584
1964491016
1950139145
1950204799
1681769454
1681708518
1694276070
1740610018
1723776162
1858072706
1862234242
2117996675
2117480583
2134254007
2100437933
2096117417
2091924137
2091920043
2089822875
2089822858
1418734474
1439746442
1171490186
1207161226
1207116186
1207116714
1207051178
1207067498
1207099694
1454473510
1454420277
1453633796
1453629444
107253812
103120956
372625436
337540108
336996364
269891596
269880015
278268574
278334110
280247950
313791116
313524872
315687864
306393512
306209196
306242476
289637189
13804295
15836983
1089514274
1088465186
1088465186
3236014898
3299073810
3349563142
3468050950
3468575558
2394841078
2327083494
2331007462
2335197670
2335242567
2333271375
3405963533
3393380637
3401638253
3485496741
3485489060
3485554620
3343065020
3343071676
1195456956
1191278780
1090779324
1090762940
1094892933
1137883079
1118868230
3269497126
3261378598
3324294182
3324308518
3329124358
3454941446
3433957895
3433974277
3367488101
3369377509
3636506349
4164988653
4164986749
3947081021
3947076668
3926104124
3925981212
3925981204
1778498580
1778564132
1778564140
1778555948
1795345452
1796393252
1769195892
1769195893
1769195861
1769200469
1769208661
1769077621
1769069431
1768282999
1768282487
1768290679
1802893687
1801976183
1801976279
1801968087
1869076951
1768282623
1768291327
1768422367
1768422399
1768291327
1768291327
1768290687
1768290687
1768028543
1835260287
1835260247
1768151383
1768029047
1769077621
1769073621
1769171957
1769044981
1767968695
1767968695
1767972279
1767971255
1751202229
1759590837
1756576661
1756589012
1756621396
1754393092
1771088388
1774234117
1795205895
1795209526
1795414118
1795344614
3947023590
3947023526
3947088278
3947096967
1799547575
1799608999
3956394727
4023503735
4023449887
4025542943
4017154079
4013025311
1864563007
1864554807
1868744999
1868810535
1868679543
1868679543
1868683383
1868658807
4016265301
3982712151
3982701911
3982701527
3848483798
3848352662
3841012662
3836819382
3837074358
3837074358
3837074358
4105517975
4122815367
4127156037
3577733893
3611288324
1463657220
1602007844
2145235748
2145301012
2144249348
2135926333
1866841647
1866841902
1833278826
1833290986
1833223354
3959709834
1812209802
1812279450
3959838122
3964063662
3972450862
3969239590
3969162774
3968902918
4019233028
3866288388
4130492868
1982988724
1983252384
1998004128
1700015008
1687431584
1687435665
1972710593
2006344768
2010570753
1996394497
2004844817
2004713763
2004648483
1969198626
1969155602
1968111174
4149051030
4148489895
4286906285
4286892461
4018440364
4018440364
4022642908
4014255373
4011107597
4013338895
4013338686
4012285998
4012372014
4013412398
4011278831
4011266493
3913753500
3901186740
3968300708
3968159333
3968092951
3963681542
3960597254
3977702166
4000767238
4009641287
4278059460
4269736324
4265423284
4013696420
3980224420
3974035108
3969894052
3969160854
3985944454
3985943590
4013201446
4012214310
3878062086
3877808390
4012025110
4012036902
3944874278
3949003046
1768161646
1768174078
1751987706
1751845370
1760173018
1756052186
1772690139
1806195657
1874390472
1857613192
1849206152
1847178680
1847246248
1864021417
1733997993
1707835883
1624031711
1616757087
1612533855
1612461151
1628903917
1628846565
1643527143
1671826295
1655065350
1655168774
1654961414
1651811590
1646044422
1646046514
1646169890
1629390098
1679197506
3828807106
3828732130
3827585186
3827576994
3831771554
3831837090
1692865427
1692868277
1688550068
1688550036
1739008644
1722182276
1722280588
1721806476
1726003020
1717605133
1713419051
1713415979
1713414959
1713545519
3844264239
3827482926
3827515438
3828638830
3832839663
2757053943
2764917653
2760723093
3968687829
3968630356
2894868241
3164349699
3168542994
3162317090
3158180130
3158180194
3028156850
2512261010
3619306114
3602524805
3602516612
3333966468
2255019684
2251071980
2519506988
2469175336
4050620456
4042175529
3770062879
3770058814
3791095854
3860183086
3860114494
3877023758
4011229454
3977691950
3962974831
3962835695
3962835691
3966767787
3830449065
3840942073
3836811641
3836819736
4105378056
2495035656
2511612168
2276732168
2192888072
2192933704
2191426489
2191496105
2459734955
2531038126
3067909038
3071580078
2803218350
2805446654
2805380366
2771823886
2804067642
3877809195
4012112937
4011971641
4013020475
4012955001
4017211241
4016295529
3982740075
4024552315
4016110427
4016106843
4016301439
4016227679
3983721567
1836309599
1836117111
1836181735
1868822759
1852033398
1860684158
1860553086
1717885310
1717692799
1717824351
1700973407
1684261727
1684261719
1685454167
1685384703
1684073983
1692916223
1709689341
1744292861
1719000061
1719003869
1718872797
1735653981
1735642975
1868615039
1835072639
3982550527
3982714367
3965875191
1818378839
1818444375
1818313591
1818262903
1826647069
3974326333
3991030045
4007807241
1860618505
3999791433
3999591257
3999595497
4007971561
3873820393
3873820379
3865368267
3865371483
3882214250
3882279274
3849770350
3849837694
3832933630
3832867070
3765795063
3764865271
1617316311
1634159063
1634032119
1634036735
1633807231
1633938207
1677183775
3807759647
3797218591
3797214303
3797410301
3866548217
3874934521
3891776185
3858094841
3830512345
3830476761
3830474073
3964752921
3965015065
3967122553
3984025705
3992381803
3991337979
3974548187
3974614731
3975530074
3967079002
3962888986
3979731774
4013351726
4017537326
3999745406
3999550554
3999553786
4024727802
4024916474
3992345086
3992353758
4025974734
3958664654
3958662622
3941954046
3958768118
4015391895
4015395975
3981911223
1844716709
1840526757
1706366373
1704402324
1687431620
1683237184
1679042817
1612131121
1618360865
1622542865
1639321089
1673266753
1654392513
1921779441
1921779363
1921865378
1942251170
1942284230
1942284230
1942334806
1673899318
1665511191
1632091925
1632091924
1627913524
1627778420
1627749844
553983444
554110429
558238197
600181239
595987447
596058102
595935222
600057814
591685582
591685582
591722462
600166398
600100862
600624639
600702455
600829301
567274869
835710293
835702037
835702077
835706173
869268765
1942482207
1934028063
1934098303
1900535663
1967513583
1959133183
1959133150
1959067598
4106534814
4106612630
4257734582
4291217382
4282828262
4265862630
4266911230
2119296223
2119232717
2136014044
1867758844
1829944812
1829934588
1829864396
1829802572
1829872136
1863561752
1863554616
1863573033
1832090411
1832074027
1831934251
1831930154
741546282
754126122
766574891
766574907
798162969
800141577
800334089
800335117
803474749
627964279
627964279
627964279
627964279
627964279
627964279
627964279
627964279
627964279
627964279
627964279
627964279
627964279
627964279
627964279
627964279
627947895
627948919
627946935
627945911
661500351
929935803
929937082
393067194
1445837498
1445837498
1445853882
1445819898
1455321194
1455353962
1453252667
3617427464
3583876104
3588012296
3609037080
3609180440
3592334344
3592331336
1981722825
1920909449
1903821195
1887047053
1887058861
1887054509
1895574189
1912352685
1941709725
1929126287
1929179598
1944945534
1903077166
1886304782
1953413903
4100832063
4100758317
4108630825
4160005929
4143248153
4134883597
4130607389
4063498351
4084544751
1895181478
1890982022
1890983303
1354108807
282330775
269747861
3413637
19162693
19047941
325232405
333493029
333484839
316703503
316838159
316835087
316910891
376482091
1446226218
1462942026
1462929866
1446168986
1920320922
1928647066
1928392858
1391718555
1383231721
1450189036
1464868972
1465000236
1433544508
1442192924
1572280856
1571101208
1571576600
1554578233
1555733258
2097057754
3631710970
3625292538
1479643770
1527820846
1527820838
2046862134
2046878514
2063792418
2101541090
2093144227
4254488739
1440090243
1430128771
1430201475
1430139299
1429615267
1438069347
1436816931
1470377505
1135357441
1122790144
1110243568
1111382144
1127893120
1092226176
1100615568
1083905696
1083789985
1086087845
1085071975
1076683559
1076688162
1076886786
1076787459
1076788995
3047171
14949985
10749683
11947715
10931906
1084656578
1084537315
1105242593
3286281696
3529614784
3525743296
3525739072
3525739008
3525607968
4066690593
4075088423
4087704110
3018210094
2976258094
2972059743
2972076125
2973158428
2977403932
2983499524
3012859396
2996086276
4074022437
4074022434
4067751202
4063577186
4063626402
4131267714
4113967234
4101384322
4042668162
1895237762
1895237762
1970744706
1467294338
401678930
363856438
347157014
347416094
346303278
346826798
347613230
347613290
345509065
362398856
365683080
354132376
337289624
337356220
336168108
285773052
286043356
319794653
304004575
308199263
316575502
316115726
307534134
308123686
308186150
308186134
310297607
307970067
303693825
391786753
358232897
475665104
475596469
483998357
350042807
345520807
344472237
344468141
395069341
378462349
378511500
378315000
378315049
385655083
305507626
304462126
841320486
858097686
1899857926
1883146246
1880787975
4032465984
4095392960
4097500224
3040499456
3007250992
2993492576
2997629536
2729190112
2712408805
2695639978
2695111066
2959365258
2972028154
2972096874
2973153578
2704713995
2702568200
3809765896
3809873608
3814590104
4087222955
4154270378
4156306090
4160487594
4118544554
3577484458
3564453070
3568773198
1152788486
1169615878
1169663239
1202823461
1196466468
1192263972
1427542276
1364632332
1343727420
4044668460
4044655404
4077685564
4061038924
4061039004
4073606076
4073590429
4157477518
4123927182
3851313838
3835027886
1710285038
1710264430
1729134606
1712369734
655401159
655419532
655435940
621947044
621951652
567675556
565578388
599130756
849609284
849621509
1927553574
1390682406
1457925158
1457925158
1449539622
1550129158
1560160518
348011014
348015110
345818663
345555748
483958828
1025024024
1058643976
890892296
890862616
337344808
336214571
273291882
277745258
277086798
277086734
9699598
9891870
9890861
8824869
29796660
29788416
55480064
18776832
22844177
39629601
46965538
38709090
302679490
303736194
303599778
1377341602
1381535906
1356502402
1354694017
1354692993
1356679601
1348213217
1344022881
1348218661
1910386437
831925767
831862295
870070055
869014823
860675191
860658775
592231447
558669085
558664477
558664060
558730748
588233916
571323580
571338940
570773661
570831021
570832303
575016942
583338718
836184654
817244878
279326415
279062151
279053959
278988421
10506229
10547172
77638509
128036647
111341319
249753350
237391634
254551330
86516770
338190371
342376497
486162496
498778308
536535428
240709029
235465191
235530462
235858382
114228622
110068206
378307566
310936555
327713785
331916152
365667928
73051720
75164232
75401800
276597624
272403817
813470762
1903526970
1635091466
594912266
590654490
590718011
574018587
573964303
657850383
657863534
628503150
632566510
632558254
616305310
616047242
630727306
865649099
864793080
864740728
868969240
319499096
285961096
823847816
823839624
861849992
870108553
867485113
865370555
869577402
292643562
270737962
270737966
69362983
86172705
1172503584
1201718272
1336979456
1341169921
3486757379
3757224450
3719476738
2578876930
2579335714
2612833058
2660804898
2664998950
2522375206
3055034446
3055157482
2971275434
2969177515
4042918843
4042918537
4043049609
1882996616
1344021640
1359766664
1376576648
852264072
852270236
843942364
843946364
839756156
589277692
555658236
1618915036
1627303564
1627293341
1616156319
3759447742
3776220910
3809529390
3811659310
3810670126
3844285742
3856868398
3835825198
3836086316
3836086316
1689192524
1960327372
1964570828
1931001228
1931060620
857317772
856221117
856190957
860498543
861547054
870193710
1943341854
1909734670
869545230
324358158
325009422
332383502
332254557
332253677
332237053
332372477
290373023
1343137167
1343137678
1343136654
1347270078
1355601390
1367657966
1371852270
1373007214
1406562159
1406562173
1407186813
1365243740
1365226316
1365225948
1397592540
1397526876
1398642012
1935653980
1931458621
1931327551
1930942527
1918294062
1918302527
1920382223
1928762125
1920430860
1913926420
1913926500
1376006884
1363542756
1356205733
351668934
1420102210
1420065062
1470425126
1457826853
3605834756
3597446148
1445889028
1361740036
1349157572
1358688956
1895396015
4042860202
4042796714
4034407850
4034661546
4033610922
1895760010
1907233930
867121546
312749001
316992232
308587113
841004809
841060619
857964810
828538890
811770906
807578682
807578686
807459055
825232557
823592380
823526060
868618924
865477292
867447340
832837132
816606732
820571917
283749150
275429646
812301342
812235814
1881717990
1949994134
4048194694
4056583347
4090004707
4065099889
3795235072
3794723328
3861799473
4142801441
4138537505
4138468133
4138467367
4118551647
4097063118
3560319174
1412835782
1438010087
1469501143
3600081733
3600064773
3614744581
3542516741
3509488901
3492728551
3505049250
3500889762
3500720802
4037591714
4043101090
4047273122
4114414770
3611158530
3593399298
1445866498
1378751490
1378690050
1378497538
384441889
380243488
380176992
381160160
110635728
106458816
102295232
35301312
52331457
6260675
6133650
6266294
283098518
283109782
1356855702
1348295094
1358724519
1356656037
1893525485
1893529581
1910282109
1901901628
1904060220
1904059957
1904064053
1933434389
1379207765
1379146327
1377640311
1381899622
1392385254
1388197110
1405039814
297745542
12467590
12454278
12519815
83631605
83636581
71049509
69476652
337961256
337683256
878740280
879804216
2087758648
2085661240
2067831352
2059504136
4207123016
4266832456
4268982792
2926019385
2942795817
2892406829
2758190127
2759239942
2893457990
2887166674
2887039718
2920603318
2922824327
2922201733
2922120101
2859209125
2867601574
2850300066
2833723570
2829456610
2829456482
2829458546
3097978882
3115837443
3130304512
3130304768
3134499584
3125262084
3122041604
3189151524
3191328613
3208531943
2905475990
2889755526
3963366838
3966512294
4242814118
4238475430
4238475446
3701674422
3701482454
1168122630
1202761478
1185982723
1185003520
1202165776
1164884016
1076529168
1076530240
1344963904
1344950592
1361711952
1395340128
1395210208
1407727585
1409030115
1943799495
1355555782
281928663
281864055
281851189
298687509
323991572
1918871572
1918871605
1379837959
1379843078
1379827718
1379778806
1933324454
1883058598
1887318694
1958621861
1958680236
1958491756
1956392492
1960584716
1356656396
1348254988
1348242221
1365027647
3545807630
3545860430
3529215198
3531187374
3531334078
2465886606
2478453654
2444894887
2445222565
2428253860
2432454564
2419870596
3509898628
3510037700
4046908613
4046908533
4050971751
4050972030
4082494734
4090945294
3537293062
3537325878
3537706790
2472361766
2482973990
2279554358
2274966806
2274966790
3347791110
3347715330
3348759842
3348633059
3352827313
3346531713
3340240257
3339390337
1191853440
1179350416
1179219408
1187604304
1321953040
1313597188
1330638101
1292359942
3422996742
3423521030
3289303302
3301563670
3297308950
3298414870
3298410878
3317223911
3354977764
3346595300
3329809888
3323516400
1176106832
1108074832
1108010256
1124793616
1124792576
1091234049
1092286721
55232769
59297073
42516769
1120465187
1112072482
1191862594
1158292802
1142556994
1146751442
1155205618
1151015922
3298369490
3298310102
3431475174
3448268646
3351835494
3344486767
3344683487
3353010637
3319522780
3319328236
3319318948
3445148068
3440957876
3443124692
2369449412
2369433028
2379916740
2241500548
3348791760
3348726256
3348672992
3484987744
3472405792
3346588961
3342396705
3342462243
3308968754
3306871618
1159372738
1091215298
1095405506
1137348482
1134216578
1119475090
3271087522
3268994466
3336103394
3352849906
3321519555
3313125825
1148918257
1148729696
1157115364
1157375460
1156850148
1081106916
269513124
268452260
268486052
285272484
318794148
855849364
855849364
838999444
843187132
294798236
280118239
279176014
10544926
10529582
6339370
2140970
90286858
128187146
111598858
246334219
531268376
1575650092
1546171180
1547211500
1478006716
4162367388
4179405468
4196240015
4198926990
4198935246
4198936270
4267075118
4267582254
3220836654
3186229294
2628386862
2628269103
2628271149
2632464389
2625136645
3428444160
3428509760
3427461441
3436171219
3486271394
3460957074
3470398339
3470660483
1308492721
1291071904
1282679200
1276387744
1276388800
202663104
68543936
74626496
107123009
40010049
35750151
102862871
102863903
106993695
123779119
1461757993
1428203561
1467006921
1458996875
1991672475
4139156123
4139680411
4143944351
4133266095
4131185325
3074385581
3040221077
3040282037
3044345061
3035059301
3030865015
4121392151
4154483719
4158713111
4133614871
4129412439
4264686933
3207652693
3176265013
3159545125
4241934119
4243998487
3706533638
3723241222
3756795174
3741134886
3741122662
3730374774
3747295303
1551511631
1551511565
1425675532
1425755912
1425594984
1417194216
1430039464
1446882184
1983889288
1983742857
1983218619
2000131050
1969746730
1961287978
1952834347
4117030699
4150585659
4135054139
4141255435
4140272971
4140092747
4132234714
4149080574
4110864767
3578155903
2505986933
2514360101
2547996469
2531025717
2531091217
2530628353
3621704449
3588224787
3588216083
3588201811
2547879154
2539424994
2534182050
3071050930
3072250006
4112445830
4118701702
4100853382
4109180583
4109118119
4042009511
4041485743
4042536125
4058322063
4058001551
4058013855
1935697055
1931502807
1931535606
1935930470
1935856999
1944510327
1940217685
1944354637
1944333788
1936141812
1936078324
1902515196
1365709548
275186284
283447868
283386653
10759943
10774790
14989590
14981382
275028230
326019334
309243138
1382988866
1382712451
1382712707
1378583987
1378408353
1915233955
1899701923
1899898534
1890526886
1889810342
1889800678
1889542350
1889739854
1352719373
1889577996
1889581084
1906358556
1944304412
1914878476
1914879564
1914937036
1915080365
1919371182
1928480174
4092740782
4083303598
4045489406
4049821126
1935928646
1944120645
1944124788
1927413109
1944278263
1935820023
1902265590
1885756662
1885789542
1885732214
1885662999
1894035207
1910881551
1936045087
1919210526
1915016286
1914815614
1646417902
1650620142
1675767534
1675706110
1910520799
1910520285
1902198236
1902321116
1885544396
836976332
836855500
836794108
836818916
836884469
837017045
862117319
862191095
845278566
845278326
845347926
862114838
1902236694
1885459735
1885534007
1885535797
1893989925
1893793317
1893793329
1365310993
1398930967
1399061778
1936964658
871602210
938642466
921865234
913421314
912303123
908108849
639808513
640072704
640076992
774261408
791480992
740630179
740630194
744701570
752959122
748690338
748698018
748693986
748694850
765469506
1038311959
1039364661
1039200828
1022423868
1557197624
1557257496
1548908809
1551071498
1282750778
1291074362
1308048138
1609965386
1604207050
1587462554
1587208378
1603903663
1587060908
1591255212
1595714724
1595709604
1597348260
1462156196
1999040228
1965190901
2003861079
2003861239
2004049911
1987206647
1995659638
1995471155
1995471155
2011233109
1969486657
1952644433
1961033073
1962106321
1953725651
1416723698
1412529378
338779362
896751986
930347346
938736387
937687825
937474352
937474320
912373760
908261380
372430848
372496432
907114528
909196576
842214692
846411557
846271269
854791031
275911623
275911567
284296078
284643002
817351406
817150702
817146478
816884462
586193615
645111501
638816716
638746828
655524077
655532261
756131047
760462578
768785650
768802002
762576338
762445298
628358642
628260850
636640243
636619745
904927729
896543185
892349633
892485009
930234321
905058033
631444064
631296544
664842804
664839684
652259084
652261404
639674428
639678524
639735837
639862799
657624271
624053918
1681264302
1815486118
1819426470
1826700982
1822439350
1839214758
1839214758
1872765126
1856201799
783543559
804372005
804296997
628160629
1685126365
1681120477
1681120445
1681095853
1683125679
1683126207
1708283647
1737574143
1739642463
2007039519
2011233055
2002843967
2002901295
2003040543
2002976527
2137175630
4251170398
3983643198
3983644462
3992032558
3992034614
3983588630
2943726870
2939664150
2939662647
2939613485
2910737773
2776567021
2759788717
2759793069
2768116141
3036027807
3048611470
3048609422
3048542862
3048481431
2515821287
2498033511
2498032999
2489640215
2489640215
2489836823
2507076662
3077504086
4147051719
4150721735
4150687877
4150675604
4150545828
4150545892
4150384084
4116968516
4116832277
1969250353
1969283363
2002969907
2002974227
2002931283
2003000915
2003861073
2003857137
2012282353
2012337397
4159952117
4159820917
4151374965
2003893349
2138307959
2104688407
2112323095
2145730070
2137341814
2103915895
1567036727
1567949873
1550849329
1559258385
1559357201
1557395201
1557394945
1549006593
1565785347
1330830595
1314020419
1313999043
1314065619
1309744307
1314075889
1339176401
3365013329
3367179827
3366991399
3366989351
2291149351
2295343655
2286951207
2311134485
2307014405
2340566789
2323789653
2324911973
2324744165
2345699301
2303756263
2303760359
2303764471
2370937854
2371072990
2371008158
2371071646
2404629215
2400434943
2400443103
2366773967
2368879183
2368879903
2381460527
2377192511
2377135159
2410685461
2391811077
2393908229
2327007509
2331132277
2347877861
2347814373
2305837549
2301647279
2282809855
2282941919
2282939854
2287117766
2287182294
2286989814
2281746806
3355488631
3373314327
3356729607
3356664079
3628245263
4240618779
4240620859
4232223035
3959920955
1812433209
1813483273
1813349129
1746199113
1748259401
1748959849
1747845867
1760433131
1756042603
1772684667
1806259467
1789646091
1793832715
1785308971
1785243179
1786291835
1786291803
1849271035
1866199979
1697206699
1680408762
3760783530
3761177770
3765312682
3769514154
3819845818
4071500235
2460958473
2460824329
2192323336
2192318776
2192318760
2192322856
2193359144
2191263017
2178697517
2178681199
2170362223
2172590383
2172599087
2203991615
2212445711
2212326927
2212298527
2212290415
2203879791
2168297983
2166200831
2165160159
2165291231
2165307599
2169501903
2177890511
2169469311
2169452911
2169453423
2169445247
2211265119
2207202895
2207219295
2173533933
2177695469
2245843903
2238569407
2372794783
2372794814
2372237758
2372106686
2372090270
2301835679
2301832127
3375575007
3375509317
3375574789
3373297413
3373297461
3356547381
3356612919
3356621079
3385030935
3380836679
3414391239
3414325719
3414318567
3418443239
3405794791
1224755703
1225910727
1224862023
1224862023
1224993095
1258552647
1262730567
1262728517
1262596405
3372323109
3376517437
3368259869
3632509197
3632508939
4169379899
4169382954
3897792554
3893594154
3895626042
3912403738
3946224394
3946227210
1765122634
1747763787
1747829499
1747862251
1752089579
3907868139
3920459115
3937039691
3941229387
3932840779
3933823594
3933741674
3933746794
2860003162
2874681722
2883135851
3147372667
3132689417
2595815432
2327384088
2394632232
2394497128
2393387128
2275934328
2280392169
2246855145
2171361643
2205022587
2188376411
2188311819
2196697419
2196762971
2196566395
2213335403
2171392491
2154615273
2154689017
2154689017
2154820057
2154755545
2171532747
2171533771
2171468251
2171369851
2204981563
2188212507
2188342555
2196664587
2263834955
2263642459
2246857195
2230079979
2221691370
2355982762
2355983802
2351398362
2351331786
3425106379
3425107403
3424845129
3475170633
1327685961
1340338633
1336013257
1302459835
3450926506
3455118762
3476093354
3458455994
3391278474
3395470730
3399741838
3399541150
3400655335
3383812581
3371229536
3425755424
3425801568
3425928512
3423777216
3436356032
3432161744
3716321745
3749873011
4266888243
4262561826
3996227634
3996362770
3996298242
3996300310
3996287270
3996353326
3996239402
3996241450
4017217083
4016175643
3949002299
3948990267
3948988185
3948954953
3949155145
3915539449
3915604969
3915469803
3898626555
3907114459
3924024795
3924941179
3956406651
3956533531
3948144971
3947097931
3947983835
3947954683
4017160699
1836253675
1835205099
1835208171
1843857787
1739012411
1739012411
1740056859
663825675
662726411
663021323
658827019
654611835
621249771
621183215
633786543
634372271
617169291
738935435
738857627
738861739
739190443
684666795
679946667
679962761
679865545
679603529
726771017
707892553
707957081
775061609
779273323
785499243
802174251
659566363
655572747
571678235
573773611
586364201
582160425
580059193
864026633
327159817
58720265
58982745
1132839291
1116651883
1137627499
1125111275
1124924779
1095563643
1099725145
1099921737
1099857225
1104049499
1129279867
1124954491
1124979195
1091432923
1074656729
1078853113
1087225321
1078836713
1074773465
1074707849
1364112777
1942992283
1922020523
1652798634
1652797626
1732489402
1694609834
1812050858
1812128490
1744987882
1744973418
721562475
710024555
716375401
716374137
699465801
680529993
947920905
411050249
1480598845
1212230445
1220688429
1216494133
1217535493
3448899076
3451060997
3349152517
3349430551
3349512551
3471282535
3463419367
3392118263
3392118215
3396312135
3681532999
1542372439
2070852694
2049421430
1780789350
1780789350
1782034798
1781981550
706208750
709158890
717549531
734326217
700837323
692452811
688160203
688219643
688797547
692979307
726271595
734727803
730406779
730365307
730392651
730393675
730377291
701148235
693023835
688755803
688698619
688909547
688848363
722358251
722340843
722013179
726219499
802111083
798953067
797773439
797253199
797208079
663023183
625273423
620817231
620804207
1699126511
1707511023
1707573439
1699725455
1678754703
604918427
604906155
604906155
604316331
1682179755
1690371499
1820396731
1820407819
1821468683
766535691
782330123
786591243
706885131
707990027
707789435
705692651
718275051
713109739
713108713
713107705
981674185
981674185
985807051
424807435
408043531
410141467
417514043
463516203
447783467
449880363
440442923
436245609
503569529
520281099
469915659
335677451
339873035
273751611
281093675
293610027
293614139
276824603
277284427
8783435
8799963
8733435
13386667
13386667
4993451
4469163
4530603
4405161
12721849
75636361
75701897
75507401
209725001
209743625
160526089
179498777
179502395
179567914
183563626
1244713466
1244709338
1246871994
1255203242
1249960362
3397444014
3414291879
3364091361
3363951969
3363886369
3364984097
3371277600
3362897184
3361977633
3413284161
3664941379
4197614019
4195516883
1779466723
1779474915
1779474802
1778425975
1762828399
1746072683
1746066475
1746062379
1752418331
1760819211
1810032905
1793259785
1793298187
1785840137
1785778713
1781650009
1781744377
1798402729
1762665129
1750083499
1750075819
3906013371
3925035163
3954427995
1805907979
1789125899
1809965323
1868620553
1864393241
3979354923
3977459562
3977383278
3846310246
3854698535
3784509458
4052950034
1905337347
1402151169
1402085633
1132605697
1115914497
1119913281
1107660241
1108315377
34381027
302814435
302821603
302821601
302952641
302440643
302391539
373694691
373633507
386150871
487003087
206766845
210966269
145831561
144780937
144785033
145759883
145759947
149974763
154202091
187742187
170964475
170959355
173057019
441562042
454276026
520200874
520135338
520135339
520332219
1057141656
1040429496
1045542056
1053930600
1054063640
1054055688
1056148760
1046605609
992044826
958558730
673334026
673366890
676512234
683713002
679518442
696295802
734048539
721596939
721596939
721665563
687970923
671193835
1745066731
1749195691
1774358427
1799603083
1783874443
1783857563
1785901545
1783800297
1800527977
1762713641
1762763833
1767028777
1767020585
1777506345
1811069211
1869789451
3994203915
3994206987
3994272379
3994239723
4013114025
4017161129
3982558121
3990881705
3990899177
3969997179
3986946315
3986877195
3991138058
3982549770
4011909642
4013015866
4013114154
4013114154
4017184042
4025768235
4004796713
4004862233
4002938632
4007518984
3999064328
3993821464
3998077033
4006576233
4023370859
3972977691
3964593418
3959841290
1812357658
1812226667
1812206187
3963880043
3972271467
3972810875
3968686171
3985504347
3985631307
3985632587
1875763787
1762517579
1762488907
1745703659
1745843179
1750012395
3905881323
3901705339
1754221659
1770902731
1770907083
1775218635
1766567563
1795795595
1796057787
1796062123
1783598507
1850721515
1850589275
1850720331
1846988811
1863770155
1836507179
1836506155
1827129387
1827129723
1827130203
1843911179
1877343753
4016435721
4016435721
4012241465
4016435817
3982815849
3982775017
3982771193
3982777849
3982874875
3982620891
4024695003
4024694875
4024629467
3958568395
3950179275
3950240651
4017185721
4017116073
4016063913
4007677161
4007778425
4007917851
4024625947
3991070219
3983729163
3966951947
3967021595
3966878523
3965732651
3965995371
3898870126
3907328878
3907468150
3907403602
3909035458
3900465603
3908853971
3904763107
3904885859
3936263235
3940482371
3932088065
3927892481
3927962211
3927765603
3950789219
3967567715
3975694711
3975698551
3975936087
3971741783
3959093573
3940216641
3931828801
3927634497
3929928419
3929862883
3917272035
3899411939
3899410659
3907864819
3907967187
3907975363
3958304195
3941525187
3934151363
3934216835
3934053027
3949741731
3915664803
3907274931
3907377363
3907385555
3925207123
3958828051
3933660931
3933659715
3950436947
3915662051
3898885859
3907276771
3907308019
3907311697
3924162577
3957843969
3999721473
3999720707
3999719955
3999781475
3999584995
3982807779
3966027682
3966029219
3974416563
3974486227
3991402707
4008115265
3999724545
3999687425
3999687249
3999752945
4016337575
4016330407
3991144103
3991143863
3856991639
3856997527
3890560199
3873844423
3873582279
3873582149
3873582421
3869324773
3869250021
3869266261
4020457807
4024586511
3991037214
4259523878
4259392870
4284823926
4285872470
3715447110
3715565894
3698790230
3702986294
3434558002
3434426898
2360619539
2361188912
2361172512
2382148384
2402911552
2402978944
2386212992
2390404480
2652810417
3743392947
3745355186
3711927730
3560885682
4097236390
4101467622
4118044135
4159991159
4276381013
4276430085
4268176901
3211156999
3178749495
3161841197
3186949677
3220498029
3197428428
3197944524
3197932460
3201163684
3193823461
3206476007
3158234222
3158235198
3157194766
4230412302
4230412358
4101437646
4118267103
4151591149
4151669229
4159849197
4159832829
4159911647
4159712983
4293930999
4293930470
4293948646
4294132854
4294099222
4294165783
4285850901
4281658629
4264946948
2067266564
2065134868
2031563045
2030514981
2018447909
2026837551
2026839614
2026707518
2026650174
2026646334
2026645790
952641550
969618446
462032910
461963294
461902142
461907247
466105645
197681021
155752413
156800413
425300381
425308605
425309628
2034873780
2076817332
2068430516
2068553372
2064300748
2064317005
2064267791
2064267550
2034898990
2034895918
2027488302
2023292974
949555214
412623118
415768846
147334975
147348847
164224383
164232543
155975007
155966941
155975129
155973081
155973065
155956697
155817465
424252907
424252923
457946585
441169353
441169289
441171129
441171113
973708472
973723800
974739865
2033851817
2021269163
2029657771
2029651710
953680462
970465998
995633118
994583982
1045966255
1046034605
1054554284
1071323324
936905868
930618764
925384076
925723068
858089916
861956604
828459517
828627413
828627287
828627319
828496247
828496247
862050679
862050679
862058871
862058871
862189911
862189911
845412695
845412695
845412727
845414247
870440823
837024607
811842383
811776591
274971231
300007295
333512559
333577599
316800383
333674751
325286127
291731711
270686687
270682575
291658183
325255111
333576023
853603687
853603687
845216870
325188726
274988118
811785558
811786078
820174462
820108910
815855213
832632428
832616040
836876136
828489592
824426328
824425816
824419609
811774009
820154651
820154635
820216587
274847259
274748971
270607915
337786395
337786635
341971211
81985802
81788954
78656554
212870186
212935691
213005323
234013963
225625354
258377178
258835898
107787706
116176314
115904954
111775930
111792570
111931835
128610745
111829928
128852648
128918520
100479864
24379688
3409193
2450745
2485625
2469369
19310025
52855177
35881864
35750216
35750169
320962859
270574890
270574890
270575402
270710538
283280138
363250458
400933723
400843595
392651545
392586025
401023785
98837305
98898697
73859339
73859167
73732207
73736431
82256093
82252237
98894285
132498397
132616792
115840601
115851033
115649849
115648825
384084025
375753787
509969467
506302587
506441787
506376251
506392894
1043263790
1043255343
1043189799
1043099687
1059938327
1030713351
1030746183
1013969367
1013964279
1013963767
1022216887
1022220981
1022352085
972028613
1005452229
997057863
980377879
1047486759
1048404007
1048405093
1065188836
1065176500
1039915408
904649600
904514448
904515472
904527280
904490384
896101809
896104613
342689956
342694324
350689680
350690256
364321328
1437956640
1435790880
1471475216
1471540994
1438050114
1441235954
1415889826
1411695522
1412940726
1410760582
336030598
340093782
928377654
911735095
844421399
844424453
844423173
844550157
857129101
823574685
806864317
807395245
545258157
544602797
552983231
820366046
837049870
1935963934
1914971182
1914971182
1915036718
4092466230
4105061398
4104834834
4104834643
3567881937
3719862992
2675486352
2654515152
2654645696
3190467824
3211455712
3177766112
3161279984
3160809408
3161931728
3161726627
3161724578
3161538210
2633051826
2630889394
2630887842
3721730546
3690334274
3757459458
3739543559
1592567860
2129438756
2121119796
2116848668
1579977748
1581047828
1578557556
2115428565
2132201623
2101789077
2093467325
2089024189
4237466332
4239887052
4104444620
2498030173
2485415454
2502177118
2502164590
2640576750
2648977646
2644976870
2628136851
2629185153
2626956928
2631696080
2621230800
2637745648
2670374048
2653595856
3731527873
3731524035
3605572050
3605572066
1994960098
1986853990
1982323814
1982319718
1981989942
1981988870
1983012870
1987272710
1982951438
1982013454
1965176078
1948651290
1424363066
1554385498
1554451083
3701803656
3701738136
3438291880
2349869480
2350182377
2634460777
2680598043
2659558923
2660541003
2660541177
2661065384
2531033772
2537407148
2537505452
2502820516
3073263012
4147006693
4130208871
4130204694
4130253838
1982245902
1982311438
2117576719
1041684511
1045846110
1062603006
2102528250
2085752042
2088109562
2088109770
2029979226
2025797182
2025354814
1488512574
1488514622
1488498230
3636117030
3636191026
3640150386
3455613154
3445438690
3479051490
3445492946
3437106370
1285428673
1285539664
1553780320
1560058464
1463069504
1446423872
370316352
906133520
906068000
906022964
1040277533
1040326665
1024602137
1007815977
1012076073
1016401451
1016413723
882118346
884213450
884229770
367314827
291946377
1375125144
1371451032
3518869240
3518801656
3518796520
3518804648
2442961577
2442961579
3013383082
2999746986
2999813546
2987236526
2987325678
2987322446
4129221638
4129188870
4129184822
1983781910
1987996678
1996385286
1052671238
1052759314
1054143795
1040508275
906296753
906476689
889629825
872873088
605539728
1681902260
1685019319
1685007014
1693391526
1692732134
1692667430
1692413478
1910514726
1939874854
1923294246
1940005972
1974692928
1959910400
1947438080
1949468928
1881586944
1881648912
1903666704
1918273025
1918338629
1984415301
1980040565
1981033701
1981033709
2002136303
1962814891
1958086026
884344458
884213386
345253530
349447834
341077915
357609371
391232953
928161241
913478920
1986246408
1986115336
2002886204
1998822948
1562623524
1545829920
3693295137
3693229603
3697415459
3705798690
3702915282
3650486402
3667333250
1518609554
1519150242
1519185058
1523447970
3389900902
3657992230
1511622662
1513794822
1513792774
1517856006
1526250775
515423540
513456372
509279412
1579076784
1463731344
1463207040
892781952
896991120
938987509
938756983
920938775
912287767
908355623
925203493
891440421
895667485
904056581
904122117
937477429
913351973
909157669
907128117
928177431
928172822
903268726
905431414
889048566
813523350
809443734
876556694
876557239
880751279
889008815
884806331
884277979
347407929
346306105
346304281
350498057
350547209
350533896
346327816
346327864
1425509176
1549184988
1544927133
3744760479
3728179862
3661005446
3660468886
3660460706
4209652386
4272632226
4272431266
4289211554
4289489058
3212634242
3206342786
4263356546
4279086470
4283344534
4255037078
3181299446
3049016870
3044814375
2502437423
2502428717
2540309549
2510949420
2510951452
2510959628
2511021388
2376603340
2381844143
2373455534
2400979886
2401066478
3474908510
3709788430
3713966350
1557831949
1559799052
1568192780
1597552940
1513658668
1511630964
3659180228
4263165124
4265250884
4269441092
3069870404
3053093492
3036272356
3036276452
3036275364
3027829421
3027764911
3026982574
3026984878
3186363626
3215465498
3215602714
3215614986
3215647754
3182027802
3220806682
3204159753
3191519500
3191454028
4263246292
4265274548
4131053748
4114272404
4097491077
1887061379
1904100738
1903580546
1903654290
1635083426
1643439331
1639246947
1639246885
1638165525
1910795285
1903647829
1899430997
1899431383
1904152567
1903496934
4059380454
4055313126
3518446294
3518316230
3518261190
3556045766
3556094919
3522532183
3514144631
3514089271
4034178359
4034243639
4030708790
4047492118
4046319638
4079869974
4079936806
4092524143
4156477165
4122987260
4153735756
4149537292
4128565772
4128635196
1981152300
1983700012
1983697956
1983827972
1983803397
909000965
913196823
1047350582
1063849250
1063853090
1063851250
1063981510
1030422918
1022035862
887692958
887700126
883759774
346897054
347946650
347873946
1419567802
1419551465
1419543080
1356633640
1344055848
1344055852
1344056108
1348331804
1356810252
1402866701
1390281935
1381896446
1377706470
1377706998
302977734
302781126
323225574
834957294
818216446
834993534
818274143
818253663
281524573
1883744765
1883613437
1883609340
1631951068
1661450396
1724099772
1719907500
3867391149
3867522221
3997471975
3993275623
3994986855
3997092647
3928902182
4012771846
1831348742
1814833670
1819160070
1692800822
1689715047
1689256167
1686118573
1702944973
1719706825
1723902152
1979758793
1979947081
1979893819
1980107050
1980370218
1976182586
1956270602
4103787018
4103778831
4103710253
3838357292
2756225388
3876104652
3859392908
3876323212
3775547036
3763208876
3771073196
3771073197
3771990959
3774092782
3773052974
1894000654
1894000654
1894000654
870721742
317067406
317079694
334905478
331661462
289448358
290504035
292587522
354543635
388196369
371338241
375534848
400693056
400688880
363876000
496021152
529575588
914407381
915441015
919699494
913416230
505520162
371306550
371372038
354578438
337785863
473045310
477497902
481692270
481692358
482163334
482097798
498394766
531948479
516989421
449880420
440516980
436339012
167977316
167780833
1241784807
1229861351
1221465495
1222249351
1220217487
1219054301
1220078188
3367807532
3365711404
3365187116
3411457580
2299610668
2365589031
2348819974
2361532870
3431084278
3296858350
3313762542
3348382894
3286228366
3277237129
3275074248
3275004488
1094487848
1091935544
1075227656
1125559304
1113491469
1380747565
1380486436
1380484388
1380614420
1380626688
3540689201
3491422577
3495580096
3495841216
2499693520
2499763168
2497526432
2623285920
2672569060
2664183495
2660106950
2391671798
3466076654
3468173550
3489140974
3446153434
3443204298
1295672457
1329162376
255355020
253352076
236714396
235628956
370108812
386287053
356926223
340935439
349356871
349233637
340846053
893414501
1023438055
1023626387
1006787987
876773043
885116643
885049059
885040851
365142723
398631750
398569750
398507318
390182950
385980478
117671966
105048078
114485510
110261510
110510855
111018773
249103156
252187620
1292402660
1292557268
1330297797
1321904966
1323010310
1310231606
1310241830
1314431334
1419355125
3566903948
3566912140
3569025704
3497525928
3493340072
3491245544
3491440744
3491571740
3495696398
1087641614
1087776782
1140226366
1123962126
1123959630
1119486662
1186595462
1186595463
1186542261
1190667173
1175986597
1175986343
1174938798
1174941070
122239438
93915466
79300874
78268682
95055116
111732028
107537764
103334368
103334368
103404000
86893024
69657047
73839942
81967366
82217222
78547714
128489762
111716646
111715365
111714308
241860620
237666308
170557476
439001248
422225568
2028649120
2024442544
2091420288
2091420288
4230580865
4230973123
3157168706
3023032866
2771150370
2809932579
2814126368
2763790628
2763786516
3049196292
3047824960
3077272257
3072869075
3072869282
3212329122
3086504098
3052934306
3044678786
4114234499
3577359491
3580765571
3588698531
3584307622
3568578982
3570668958
3495192719
3489720717
3506497932
1363208668
3520252364
3516319180
3551945156
3551949813
3551945639
3556209383
3279164135
3245606627
3245608915
3245812675
3253152707
3253021173
3319807463
3319993847
3353547206
3487772934
3487568182
3479176494
3479182638
3479202110
3487934750
3488459038
3488390426
3479741709
1568187660
1563997516
1547212284
1546224108
1547407588
1434120420
3581571300
3608809708
3608806652
3340638716
2270641020
2277771804
2274691608
2274560536
2259691017
2258657866
2258694858
2258682794
2275460010
