627964279
627964279
627964279
627964279
627964279
627964279
627964279
627964279
627964279
627964279
627964279
627964279
627964279
627947895
1030602103
1030600183
1030599095
1064153527
1064153527
1064153526
2137896886
2003681206
2003680182
1969601462
4117085110
4101946262
4110350742
3571379702
2497467862
2497541590
2489266646
2505912822
2505912822
2514309622
2514309479
2543670135
2547802999
2531026775
2522477895
2522611039
2656763231
2658860383
2675703263
2642148831
2642130383
2625340895
2623111551
2639827309
2641928573
2642125084
2642076956
2675627324
3212399916
3208144685
3212406637
3195756397
3202043903
3201914847
3218696143
3218859487
3185300959
3051079165
3042558461
3042505181
3038306653
3038503773
3044734845
3044759149
3051124325
3051120373
3042932693
2505725397
2514208221
2514080989
2514023645
2505698429
2506091901
2506030455
2489245527
2489243591
3045054406
3044931542
3086874614
3087005670
2533349350
2533119974
2524739574
2522636758
2522181974
2539090295
2547478589
2547478588
2515926076
2516449308
2499803404
2516515084
3053357852
3053291053
3048768299
3052962090
3044839722
3040718910
3040785470
3040798070
3172921206
2904487543
2908640853
2917025476
2950633156
3210557140
3193712116
3193715940
3193707749
3201119461
3201180117
3196985797
3197067719
2642764231
2626150791
2496054663
3571371399
3571436951
3571308983
3562858663
3562825895
3581701287
3577574583
3577180311
3577114822
3580260626
3580252978
3580195378
3622069810
3622692370
3622761987
3605972481
3622749953
3622817536
3622829392
3623877969
3615348019
3615289635
3593789794
3593855842
3598112758
3612792774
3587702214
3569720791
3569655287
3569663221
4106528245
4114916725
4116036981
3038238581
3038697333
3044996949
3045062485
3044930549
3044922341
3053310949
3053319157
3053318645
3053319669
3036542453
3028153591
3045063927
3045055862
3077559670
3060749622
3056432406
3056428822
3077400342
3052369463
3035584055
3036501621
3036501589
3036501589
3044890581
3044898261
3078452437
3078452471
3078452471
3078182135
3061535989
3069867509
3086644727
4160452567
4159666119
4159700871
4127055766
3590192566
3579639222
3579704759
3581761463
4152194039
4151178103
4151178037
3043816757
3052201269
4117554453
4117751061
4117689621
4117681429
4126131509
3052389687
3043874102
3043874102
3043873846
3043882038
3044930870
3044930942
3045062494
3078510279
4152252117
4135393013
4135327460
3598202852
3598202340
3606656244
3606787268
3623498949
3615122885
3615193045
3581640439
3581902583
3581925335
3590309846
3589129558
3589141874
3572360563
3572360563
3572364659
3563976563
3564095315
3559837011
3564109107
3580718115
3580652577
3580650609
3581900145
3581859153
3581921105
3588212563
3588085203
3567121875
3588093394
2514351570
2549999058
2550003682
2524839906
3061698402
3061698358
3061691654
3086853383
3053428741
3028217861
3028275477
3023950693
3040724580
3074379364
3061735020
3070196605
3068979581
3086810237
3044867405
3044996431
3028219727
3028211550
3044922662
3042759974
2774324262
2774398006
2782323767
2782323493
2782908965
2816328308
2791129812
2786924180
3055304612
2988194980
3009154212
3051293861
3034463637
3030263685
3034456775
4110181319
4110181862
3589567590
2549369974
2531122258
3596483666
3596614742
3596510294
3613287766
3724421062
3707649734
3707706966
3707574866
3699120690
3631488546
3363061538
1223763234
1219572018
1217466418
1217396754
1221600259
188753155
167992577
172154115
172219731
188865907
163642723
155238243
138461027
138657619
138592065
138649425
138525297
138525297
138525297
155433555
155369283
188915651
188981203
188857843
1245822435
1245953523
1245820371
1245820403
1245820787
1245820785
1262729073
1229174576
1212397344
1212399392
1212284432
1208090112
1208221184
1208122880
134356496
134356736
134354176
138544129
146932737
163775571
160891985
160891985
160765008
162862192
167720048
159327312
155153488
155045968
158695505
191201747
191205843
191206355
174437043
174305971
171161234
171163282
171031218
171031218
173374130
173353970
156577138
148645155
144449569
144453664
144650272
148840496
140320784
136258561
136205379
155174018
192775314
191727026
183342258
179164306
179303570
245888243
262667632
228982048
207988512
204776992
204777008
204842496
221689344
255230528
255820497
237994707
238012082
254754738
187644834
175057314
175057314
183969970
179382418
179385554
179376450
177275154
177213730
181416226
171992355
167800113
167959811
172154179
172219731
172023139
172015459
188791651
155237219
155433811
155433809
188988241
188856945
172079729
172079729
172211825
172211825
440532851
440532835
440532833
457310049
138540913
138540913
138540913
138540401
138540336
138671376
138654992
138592000
138592000
134413824
134405632
134405632
134405888
134405392
138562832
155338048
155403584
156452177
156452209
156439921
158553425
191976817
200537329
200537329
200774865
183997649
250975377
250975377
251116689
1316470163
1584905619
1584903571
1580709299
1578608035
3726092195
3726108579
3730302691
3747047139
3579140082
3570664946
3571201522
3571264754
3571268850
3571283170
3567089011
3571414337
3573503745
3564983808
1149072912
1149072944
1148139313
1149187377
1149047857
1149047859
1149064307
1149203667
1300133059
1308574915
1342164419
1333644754
1266548722
1266532210
1517137778
1517141554
1526306354
1522111346
1522119154
1520034034
1524114674
1511529698
1527261346
1477192162
1482042082
1485971043
1485964803
1485833731
143664899
197143859
171998481
172219715
172219715
172072307
172015459
188791651
155237219
155302771
155433811
188988241
172079731
440515187
440647283
440647283
1514389107
1514258151
1514258151
1531035367
1531035367
1497497575
1480833015
1480833013
1480833009
1480832369
1489220976
1489220880
1480768784
1480768784
1480769280
1476582912
1476582912
1476591104
1476582912
1476576769
1480738561
1497581379
1497580883
1230177779
1238570483
1305679347
1305703889
1305957873
1339512049
1339413745
1339421905
1322644689
1322750161
1318555857
1251448019
1251456211
1526185315
3663048035
3658591587
3658592115
3658727107
1510209219
1510045425
1509958241
1509958241
1509958432
1262559520
1287853089
1288045585
211160065
215354369
215358465
234232833
234298369
268372993
268260689
268391761
260003155
258987347
258987347
258561907
225015665
225015665
208238449
208238449
208270705
208270705
225047889
157939025
191494131
191494066
191487890
191453842
191462066
157891506
149699490
144980386
144782578
145961042
145829938
143667234
147857443
188752931
167894289
172154115
172154179
172072307
172015459
172014435
188791651
155302771
155433811
155433811
188856947
188856947
440515187
440646259
440647283
440516211
1514258019
1514258279
1514274663
1531051895
1497478999
1480701303
1480701299
1480701297
1480701297
1480832337
1480834896
1480769360
1480769088
1476574784
1476590144
1543691968
1543691968
1543659392
1413629312
356648320
289605008
54723984
55774640
39001488
47398032
49364145
49624241
48592017
317056145
317055155
316973219
316974307
316974563
309112163
309112675
309115747
846053233
846118225
846132561
1383003253
1382936677
1399648549
1366095143
1349383475
1349377843
1349353267
1357741875
1357872947
1357806867
1089361155
1089361154
1089357058
1106134338
1106199826
1106007346
1106009379
1080589603
1080654867
1080982787
1081015555
1097856307
1139652465
1122867185
1122866897
1391433425
3530524241
3530396209
3530404401
3597444642
3592744482
3592699682
3610646818
3711318306
3694541090
3639810082
1488002098
1487998994
1488007170
1217409042
1217409043
163587091
171982097
172219651
172154179
172203347
172015459
172015459
188791651
188791651
188988243
188988241
188856945
188856945
457292401
457424497
1514389105
1514389237
1514258421
1514257767
1514257767
1514257767
1531166071
1497609559
1480701783
1480701811
1480701809
1480832881
1480834609
1480769072
1480760832
1476566528
1476591104
1476591168
1543700304
1543689553
1547847123
1564624339
1430406355
1439106546
1472667122
1439112531
1372003667
1372017745
1371895024
1406530800
1406530768
1398788240
1381991568
1381995665
1380826257
1376631987
1376583075
1913511331
1917845410
1917808562
1926195123
1925523379
1926510003
1927034275
1920740769
1920740769
854404512
854404528
871185908
871120340
300760528
292503488
292437952
284047297
15538001
15488881
15529777
23920419
65861923
65861923
49076531
49248531
49183043
40778179
40779203
57560515
24006083
7102435
15527907
7139299
7143395
7143266
23919458
23886626
23870242
7093026
82066210
77805874
77741330
211959058
211893522
144719154
148991250
190967059
175365379
172137795
172203475
172006883
172015587
188792803
188791715
188988307
1245952401
1245822385
1514257841
1514386864
1514313104
1598199188
1598217620
1599167396
1565551524
1565551524
1565622180
1599223716
1567757196
1567818189
1425028047
1424047406
350304558
350230830
484448574
492837134
526596110
509752334
509743183
510656829
468738349
426829092
410124068
410254116
477223701
477166423
426834902
424934294
525524886
533911478
516151206
512808887
512815509
399750645
393460196
1461819876
1461754324
1428203996
388086236
392361420
392327629
392302927
358613310
367017262
346241326
346233134
350230830
501233934
526465294
258094350
241316175
242221405
173023596
191898924
158367020
225704236
208918845
208730461
233896415
231864735
231907231
265461406
264410815
264279743
227587743
368162805
359905765
354662884
1428265428
1361164740
1398914500
1466085837
1466102093
1365397837
1348485503
1356879150
1424046382
346241318
350296358
341850390
203503878
220347654
253891334
241304326
182460711
178266405
178282785
266466593
225500449
208723937
206617505
139508659
138656403
222468739
247651971
243457667
244512705
515093973
375436645
1444986213
1444976741
1444985309
1445046733
392412621
401798605
401756623
358695263
350229806
350304558
350361902
350427438
484448542
492845326
522337550
509752655
509743437
460329341
466624812
426800428
158596388
208862005
208788245
208698199
225508311
231865238
231907222
265459638
532797367
528520119
529642389
401849845
392411621
388086252
1461754332
1461762508
1466154460
1466102733
392328015
1432490831
1432355646
1423980846
346241326
346241326
350230574
501233678
526597390
237122831
241307981
242221420
173023596
191915308
158399788
141818157
141678877
141621535
166787550
164756446
265461662
265459614
264476350
264279743
500217789
500282813
359905772
355711468
1428265436
1461762508
388086732
392361932
392360909
358749005
341836159
350237998
346241070
346241070
350296110
341850118
203503878
220347654
253891334
241304327
183509285
183509285
183526692
267484448
225499936
208722720
206633973
206633909
223599511
256039815
239263367
247615127
512843733
514883381
518015268
375474468
388065316
388065300
388065540
388233484
388226332
526501149
492946942
501335550
484572654
484694446
484694446
484567486
501344670
534903182
534956430
535973263
535965133
535833901
493907244
493971756
494132028
493996829
493939543
493939670
491895702
492019638
500403894
496092854
395425463
395421599
399683005
393390572
322156796
321956316
321956316
326220252
326303052
325218637
325255439
291504430
299969838
283326766
350427438
350296382
358627662
393296206
393366990
374490575
516108749
508567917
525362476
493976876
225704236
208787741
208730463
231799263
231864734
264413086
264410814
532907710
532715199
398505629
366065149
359905773
354662892
388078044
1461828044
388217292
392361933
392360269
392302927
358613374
350229806
346241326
346241326
350296366
350238990
488716558
253902094
237121807
241369359
183509293
468721964
435189036
494141228
494001020
208722909
225508319
256965535
257137558
524459926
532864694
529651375
529577727
363968509
358858221
354662765
388078044
1461762508
1461828044
1466152397
1466085837
1466093901
1466024287
1440793902
1424095534
1424169262
1424038190
1415592222
1562458382
1566719246
526521614
518127951
451944829
451944748
451966252
443677996
510908732
523295069
523270623
208697823
206764942
483589766
483579542
479250087
479254183
496035837
368094701
392411500
388217212
320977356
320977356
392410572
392360909
392319951
358679518
350225774
350304558
346241326
346241326
350300222
367012110
258161934
237121871
241303885
242225516
242229548
259024172
259128620
225704236
225565021
225507679
233896415
231848863
231972767
230856382
230937263
230740671
97629149
368293357
359840237
354662636
287414492
287357132
320977356
325236172
392360909
392319945
358614011
367015786
350300462
350431534
350239022
350238990
358627598
526529806
241316111
241369357
510665005
510681388
527498540
494139692
494132093
493935453
493943263
493943774
492018654
491962302
500364990
533845759
533763807
368162813
359906797
388217325
1428265437
1428208077
1428273615
1432532311
1432548678
1432514830
1440744734
1440746798
1440954670
1440889134
1575106847
1575106823
526465351
253966157
241374029
242221389
443556204
460333356
460356908
427030828
427030845
494000413
493943135
502331870
500284318
500350654
500364974
499242686
499177119
533837725
393395693
393394412
388208892
388020428
388016588
388218332
392361932
392328013
358810463
350225198
350305582
346241326
346102062
350238782
358627598
526596366
526529807
241303885
242225533
508567852
527443244
493976876
494098732
493967645
493943069
225507807
223460254
492019614
500342718
365004478
1434550975
1434559445
1439802229
1433646884
1882431268
1344383764
1344383556
1345583813
1903327989
1366433511
1400243879
1400242622
1400190174
1475681374
1474369662
1440757886
1474308222
392177742
526529870
510792527
510726989
533734253
527442220
493911340
494139756
494000509
493943261
225507807
257031070
223533982
500367006
366147263
366007983
361821885
368096701
358858156
287555052
1361157340
1361100236
1361163596
1398978380
1398978380
1407368972
1373753117
1373691695
1357077806
1357020462
1357012014
1415728190
1415780366
1432434702
1432430606
400632902
383985111
375534071
375526311
375542439
1465991845
1465972453
1465968373
1432399828
358662108
1373814748
1373814773
1373888503
1373700086
1373830630
1373830630
1365396966
1399016918
1394638278
1394699591
1394833231
320959327
325063519
291504510
291509566
283318574
279066926
350304558
367016254
358627598
392379662
375551247
375550221
509632877
509632876
526447980
526515692
493074940
492952029
493943263
493943263
492960766
358793214
367197934
367263470
899733215
899719133
836878332
862173676
857987500
857856412
857799116
857996764
857929213
862089565
828592462
836763934
820075822
816019758
816003374
350296382
367008014
392263950
392328462
375551247
375615757
526410093
526447916
526515500
526645612
526637405
527489359
527497551
527678942
527611358
905098239
905024495
1978700653
1974514236
2012460604
2004074028
1998699052
1998625308
1965079108
1965226708
1965194949
1970411399
1977745814
1977614502
1977623782
1977691366
1977755734
1440954374
1440753670
1600138502
1608541470
1591993102
1591972622
1592824638
1609605423
1592832303
1588704045
1588836156
1588715292
1593047340
1584560492
1578260716
1175586988
1158809733
1144139141
74580359
82985926
77841271
10539809
14737697
6349088
2139424
69379328
69385985
73584387
73518962
358939618
1432678374
1466269174
1474649526
1474368918
1470173590
1470190518
1470190565
1441821668
1433461604
1416684320
1416683824
1416818944
477286656
477185296
491861265
525477125
521289479
257298183
257821558
249240574
1322793374
1322785214
1322829246
1324925086
1324933210
1324998970
1320935738
1321132334
1321133423
1337974252
1337805220
1341917604
1295534500
1293568388
1295937412
255747716
238379716
241459908
241427412
107197812
108039205
108043301
393452567
342004743
342004999
350388502
342065470
1411421230
1546710062
1544562734
2080385134
2084772206
2105941614
1569064557
1570636380
1553728076
1291592205
3426494223
3426642990
1279142958
1293233198
1254433870
1317418190
1317425614
1317946252
1318011820
1205618604
1142476712
1144573880
1144761228
70953868
71217036
354330060
324964356
310280197
305037317
304451621
304591909
321305621
321314069
321832231
291455271
299827687
818807295
818680830
818685951
349005551
365950575
1439557422
2009899790
2001502474
1985971466
1985912074
2119874843
4275747128
4271618088
3201935400
3193482248
3189301448
3191391160
3177902760
2901078696
2896839337
2762559145
2766949037
2758560509
3026508341
3035036213
2766599685
2774920709
2770660901
2804190757
2804714279
2943142006
2934823126
2867755222
2859351446
2871865270
2838433718
2838371766
3894818998
3907139734
3902807190
1822432406
1823489158
2089886855
2094195841
2084807809
2084675024
2085863376
2090056529
1572059697
3753033489
3736253699
3739398147
3592585253
3592929317
3610755365
3715552053
3724013333
3703434005
4244494631
4261202215
4286351399
4265446422
4265514054
4131295431
4131291335
4131094935
4131116981
4131124903
4131350182
4135412390
3053195942
3036426918
3032232678
3030741342
3030668310
3030678566
4108610599
4100220967
4097207303
3845581829
3849743429
1733707095
1733637447
1733637975
2002060263
2002195175
2009544439
2009413335
2009360341
1942257621
1942248917
1943363029
1935105493
1935024069
1935032149
1943486325
601173815
559168823
559160631
559160615
559365414
559234366
566508862
591666487
591662391
591662359
558305055
566628125
566697821
566501213
566500189
566250333
566254557
591486943
591658975
591622047
600009631
599878591
599809023
599809023
591477759
558051167
557985615
557989855
599998463
599883775
599817207
599817079
901831543
902025047
885170119
876785606
340240262
340109238
356814758
365268903
331714471
315067831
315006343
851879367
843490311
843571263
856088639
806810655
810994703
810994717
810306861
810306921
810307561
827148217
290346649
332365499
332160667
332210063
314998671
306603919
323379615
331702711
331637165
364933565
366102477
366116815
368273791
393242927
389048366
1460694062
1427207182
1142145294
1414709774
1423082046
1418830382
3430982190
3430999678
3447772894
3464747694
3464706478
3461613806
3460040942
3459124446
3459133646
1312694478
1308500038
1287471429
1287562708
1287563668
1282709924
1144293796
1161072020
1194768260
1192667076
1161212484
1433830917
1416070695
1415892262
1424813350
1424876838
3585004839
3588997495
3589886423
1467568597
1467577813
1462629876
1462631652
1445854436
1982199284
1919332677
1945547525
1945538821
1907459349
1910807607
1633986623
1629792319
3777280047
3878599983
3878584623
3879649567
3879616863
3845984479
3845923325
3845923565
3967629037
3974433517
3970239231
3970185822
3988024142
4256460110
4260848974
4283851214
4283855358
4160111014
3082699174
3082633639
3086767525
3077891509
3044337108
3040335820
3044472796
4118275925
4118081301
4118081301
4118275893
4101429045
4100343589
3026666293
3043316565
3178755925
3212305751
3220569399
3220544823
3220543767
2950019335
2943729431
2943727415
2940047927
2940195383
2944389687
2927580007
2927448935
2942047719
2874938854
2875014646
2874613239
2874629495
2849471831
3923078471
3923043655
3923109125
3921934085
3913479941
3909287749
3909320548
3909180772
3913342308
3921796453
3917602165
3917608791
3905025607
3896567495
3892373206
3909154806
3909375398
3913635238
2881967270
2881903862
2944818391
2944892119
2944793845
2950034773
3210213189
4279752261
4246208085
4250402615
4250402167
4283817074
4023768178
4023764083
4007100499
4007063619
3997623617
4014401361
3960927760
3960919600
3826736688
3829161504
3829152544
3833358624
3841218593
3784591395
3818278147
3805677315
3793105410
1645621762
1646204450
1649153826
1657539938
1653345378
1653087319
1669934151
1669933127
1640831047
567085127
541923653
542054741
541997941
541998965
541933429
566508917
566508919
566516055
566548551
600102983
600086615
600684885
592296789
554678855
554630727
537852631
537819879
537689063
541858279
567023847
567220438
600782918
600729671
600796247
567245911
567105591
567105879
567105877
567236949
592330071
575569239
575567191
575534583
583849471
583849470
583833566
600678362
600686554
592428507
592427483
592378315
554695625
588250073
588151513
592346873
583991033
584056827
583860186
583841754
583833566
592425950
558871550
1632547742
1615770526
1615835839
1615655597
1611461288
1611625192
1628338152
1628337528
1632533784
1632468248
1641871385
1641871641
1625069833
1625135945
1633655369
1667079883
1646040795
1646035691
1646035691
1646105323
1646260843
3793675115
3792593257
3809374588
3781063804
3764223084
3772546156
3768515708
3767465036
3767465293
3767399119
3767325390
3763102398
3758908078
3775665838
3809215914
3809234362
3813563530
3821993163
3823101963
3822888975
3791428623
3791297807
3782911503
3778716175
3778728462
3778789950
3812147822
3810056046
3814217063
3789118583
3789257751
3771431957
3771331669
3771332053
3779719669
3813340085
3796562581
3796825989
3796684725
3805071845
3804547173
3804551205
3804654623
3797312527
3814088991
3780571423
3830891343
3839280075
3839738843
3830249451
3830247403
3829723113
3829856761
3829857657
3829914969
3846561097
3847550235
3881104683
3889550379
4007056442
4007589210
4007585098
3999167818
3999225818
3999094142
3999135103
4007485807
4007227885
4007358973
4007338957
4015727565
1834955257
1818169849
1818100185
1828652377
1828652313
1828525113
1824271385
1824271387
1824324619
1706937355
1704758347
1876729290
1868078554
1868142586
1864013562
1864016634
1864016634
1864033018
1847255658
3998847851
4007170351
4018712879
3989549341
3964334605
3960402445
3960361549
3960279789
3960215533
1829508527
1868307627
1859919019
1855790267
1855855754
1855864010
1050553547
1067416587
765261849
752658712
752725768
744472072
744457528
752717864
740077608
740139064
741646381
674541615
674727022
672595950
675736302
1757727454
1825364702
1825373134
1833761231
1766648141
1766844796
1800333612
1783548716
3939486524
4006402844
4006406668
3997821468
3997945404
4010528317
3876310575
3842764335
2908278382
2910374766
2909588350
2909591935
2909665663
2909403519
2909534591
2909395455
3983137279
3983145471
3983374846
3983505918
3983505662
3916126462
1768642814
1835751678
1844148414
1844082878
1845127326
1845389471
1843390877
1843390877
1875770332
1875762012
1858468636
3997559324
3997559324
3997559357
4010139197
3976711743
3982481967
3982346791
3984378470
2909588343
2909591927
2909665655
2943220087
2944268791
2910837239
2910845431
2910579191
2910845431
2910837239
2910702071
2910706039
2910714231
2910714231
2910706039
2910714231
2910710263
2910710775
2910714359
2909657591
2943212023
2943212023
2943220215
2943220087
2952784255
2952788351
2818570621
2785016669
2776628095
2776497023
2776484223
2775435647
2943211902
2943342974
2943351166
2944268670
2877290879
2843736567
2843703799
2843048437
2825378293
2825386453
2843081205
2843081175
2840979927
3914721750
3914721782
3914856950
3914848502
3923237110
3956668566
3956799671
3956799669
3956730005
3956734356
3956734932
3981900500
3981957716
3981769268
3983862324
3983932197
2909129525
2909129013
2909129013
2909133687
3983006583
3983006583
3982874998
3982874998
3982817558
3982883094
3982981182
3982972990
3982972990
1835497534
1836021822
1836021887
1836013695
1844402271
770594911
770594911
770660439
804247893
787470677
1861089621
1861220693
1861221204
1852832340
1852791381
1852791381
1852529269
1852406389
1860794999
1860795207
1860925767
1860860231
1877670215
1869347143
1869339479
1835662199
1818885111
1827273719
1827265015
1818876406
1751907398
1747677254
1747529854
1751658606
1751920746
1760301291
1810701817
1793792985
1793817304
3937131224
3937008344
3938040536
3935874760
3918045769
3905462859
3893011306
3893268842
2819539306
2820525166
2887567471
2906507389
2876201308
2859367260
2867821148
2867813981
2867715837
2867656447
2867652606
2850879486
2834126334
2825868798
2825870842
2821684698
2821684698
3895277018
3900454362
3900519898
3909035226
3906938074
3905891531
3905906891
3905907147
3922192793
3951557531
3951532939
3938828171
3930371722
3926188682
3926188766
3942839278
3947021166
2849228583
2851196195
2851208465
2874273025
2874273041
2874406193
2873348401
2873180469
3913371957
3913371965
3896603965
3896604953
3896604985
3896998265
3905378681
3922184665
3922708937
3922587081
3914196109
3914129567
3913670911
3913806062
3947024742
3938632551
3938632247
3938697751
3930121751
3925929487
3925928767
2852387631
2856831339
2857748843
2866629083
2866768347
2866638283
2883446219
2883576283
2879312874
2845819882
2847262702
2834679295
2826302975
2822108671
2822102522
2889342458
2906126586
3984062682
3916913114
3916913114
3958602075
3941824857
3941825816
4000541976
3998313752
3998317880
3998318392
3998449464
3998703164
3998637596
4009156109
4009221725
4026387295
3991783775
3966753103
3966753103
3966761343
3966630767
3966630783
2892890111
2892890111
2892890111
2892890111
2825780703
2825911775
2825901567
2825671150
2825679338
2825679338
2825147898
2842130938
2850519547
2884073851
2863134809
2864183385
2862082056
2860901640
2881872137
2873549627
2835792427
2835858986
2903887722
2903887726
2905917822
2942654814
2942785886
2926017406
2951183230
2951740286
2951609215
2918054781
2918055772
2901213020
2893938684
2893938684
2893938684
2893404668
2893404668
2893412860
2826271228
3900014045
3916791263
3915214239
3915378079
3948935359
3948935423
3957324031
3939498333
3939494237
3939430165
2873617941
2874535445
2874469925
2874466087
2874461031
2884749687
2884884823
2874403159
2874272087
2840848759
2840853367
2840845175
2823937367
2823945559
2840722775
2840721791
2840975743
2908084607
2910321023
2910804351
2910669183
2909620575
2909363679
2909404639
2910449119
2919230975
2917133823
2916473343
2907032031
2907031903
2907176319
2873617791
2873617759
2874665311
2874669439
2874526079
2943699327
2952091999
2818522589
2817992189
3889637373
3791075325
3791067133
3774156799
1626671615
1622415870
1620326526
1620391966
545602574
545532942
562850894
596415566
600609999
592288991
592297214
588094719
571316479
571447423
571381869
570857517
570866732
571407404
638516268
638483500
642677805
785005853
786046797
721099597
721100621
719921119
736706527
736704414
703281038
686372766
686372510
686374558
682179230
682433178
683481818
680868602
683945978
675556714
675292523
675293035
2042762857
2072125048
2072059464
4219501128
3665885768
3665865480
3665869064
2592128024
2323758136
2340664360
2340607016
2344770601
2344750381
2345013039
2413234734
2413120062
2413092414
2681519742
2681577086
2683803262
3115685470
3120346702
2842992206
2822020687
2822093391
2822224477
2820586093
2820578157
2820598125
2820598909
3911052381
3948903647
3948903931
3932126719
1784643071
1784625535
1784486013
1792874621
1794971773
1862212733
1857952861
1857961039
784231503
784227663
784288078
737888734
737745374
695942558
691748246
690699670
673783734
679286454
687158966
682964638
682833550
680738510
679554766
947923674
947923546
947923547
952172123
960536409
692164057
1774302681
1774302680
1774302552
1774305112
1765915192
3909204536
3942758968
3942881816
3942817336
3942815272
2869073448
2869084969
2874656557
2843034989
2918532605
2901876157
3967229365
3832749495
3832749495
3763419543
1624320406
1624320150
1620256918
546519254
546388054
563096582
563358726
596917254
597445638
601476119
592170295
592173367
592009591
591944055
592140663
592083815
583958373
583892853
583819093
600637405
600702429
592312829
592304637
592304605
558750175
558889471
558627327
558496255
554260862
554244479
558579071
558513967
566897455
566962751
562653727
562592535
566811399
566876934
566860054
558471446
558471446
558471222
558611510
558611510
541830198
541830454
608804215
608931191
608881509
604666724
621488692
655043124
789195316
776612404
785066532
801713972
663232277
629684037
612919127
613023575
617209559
541645527
537451223
554291159
571182965
575308279
579502519
579507094
596157078
1665708694
1661767326
1661832862
1661901758
1661385135
1661450735
1627831519
3775329487
3775292511
1696018559
1696006399
1699938542
1699939822
1708328430
1704138750
1704011742
1703159647
662972239
931407693
931985229
869042013
869042013
860465101
856270797
822719997
823121407
806274559
805782783
805635311
826610158
826683903
835085791
832043007
663091071
663072589
1737277261
1741463357
659332924
1728947468
1729078541
1729082685
1729017132
1695470956
1694975084
1694831724
1698763876
1707282532
1686311268
1686450548
1686398295
1703274310
1703280470
1741659750
1724812902
1716424262
1716239878
1728953862
1728902935
1728897303
1711743029
1711738983
1711603943
1715798191
650576303
579212975
595992219
545659530
546253450
814606986
814516186
818721130
541892906
537698602
1611440427
1615787307
1624166187
1624199023
1901023231
1900961759
1900443615
1934062047
1942319615
1992683869
1988621596
2005374236
2009578812
4148539164
4110790412
4111247197
4115519487
1968097278
1976452094
1975976814
1967461166
1963275054
1964319006
1968513055
1976919083
1955986491
1687525455
1687455823
1692174797
1679591887
1696445773
1864278351
1847501151
1847517542
2115395942
2114326902
2135298406
2135232870
2144080742
2139911014
2123129717
2123162964
2123164996
2127343044
2131275220
1963630020
1946865605
1947911879
1948141270
1679624166
1683756014
1682190830
1682190830
1690571006
1690636639
616965471
629565311
629532445
629990925
562870028
567055644
567129112
554279944
554216456
554212408
554421289
554355817
588137707
588121262
575603134
574948030
583340718
579154606
663041710
663037630
1736730254
1736730254
2009913038
2009921102
1976559118
1976493583
2094982679
2095052597
2094912805
2086532389
2103309669
2002760021
1985986885
1985332557
1985299805
1980131165
1980114781
1984309117
1992759149
1993688429
1994149181
1994251295
2009987103
1976416271
1959640071
877637895
1948184839
1411305799
1948139991
1948140005
1948124640
1976240096
1971861216
1971855968
1955078672
1418207744
1418207749
1422403127
1414015790
1409882158
1461323886
1377700046
308152454
335301766
8143238
8176547
8180386
6132386
281981666
277783522
1351525314
1372500930
1381934914
1445957443
1445825363
1982700403
1982834995
1987029299
1983904803
4131254307
4129054819
4129038435
4129239265
4150138101
1973308821
1973308053
1973410437
2008930949
2013134471
2004744135
2000025047
1999959415
1999954983
1999987751
2000118839
2000106519
2138517525
2138518901
2146899445
2113363965
2109693661
2109726429
2109595229
1019010639
1023207383
947709430
943515110
943551974
941569527
941570039
677345271
677082743
1759245879
1777980949
1811463701
1811459605
1811459637
1811459637
1803073124
1796772588
1796772860
3910783484
3911045352
3961410792
3965077741
3969255662
3969259774
3969346014
3973409678
3990300302
4015391438
4023780047
4009624541
4009571180
4009502060
4009502060
4001115468
3892014412
3892313436
3885880429
3890005103
3872687486
3862987038
3858862350
3858998030
3859015454
1729357622
1695743782
1700191510
1708541974
1709131799
1742490679
1742500885
1717527829
1717199637
1733980981
1733907219
1700331859
1968767443
1952121335
1960510615
1960711319
1960721559
1959755159
1959656863
1707994526
1707388830
1707392990
1707386878
1707386747
1707390251
1699058987
1700131887
1695900735
1695769663
1695691886
1694635118
1698825582
1740834798
1740716030
1719756366
1720018510
1720014366
1719977519
1724175935
1724147225
1732601368
1967552344
1950768988
1950764877
1950834013
1950686591
1950375262
1975809374
2009552222
1988580670
1451742015
1451614991
1451615061
1472581989
1464316389
1430758885
1409656309
1946463637
1963376005
1963380167
1996934599
1984087495
1448166518
1582325863
3729794085
3729859628
3604380956
3587595548
3705100892
3700940380
3701331676
3701322460
4238123741
4238123750
4116488934
4147942758
4147940390
3862924322
3860240386
1712761858
1729539074
1729539073
1729543441
1729547553
657968421
657837351
662494247
662461479
670915647
637488222
637492302
612367454
612333951
611285343
627923295
627923327
627924335
661486975
661650783
661650783
669908349
669900797
636476381
636484573
628095965
627964893
627964893
627964919
627956711
627956599
636353397
636353333
762177847
762177847
763226423
796915991
796903767
795724151
795728231
795728247
795859799
762305367
762305367
745536471
1818622967
1818614773
1835523029
1836579285
1836444133
1836378595
1844837347
1844927443
1836473155
1836579138
1836580179
1836448883
1870003443
1870003699
1836546513
694639313
694635089
694639185
728202067
711293267
1786084467
712338547
720759923
720760179
720755571
704105043
687331911
678951751
672655687
672524647
676657511
745929062
746051958
746047862
744835447
745363827
762280275
795835731
795700721
778853857
787301873
804214225
635924945
619180993
619181761
619150017
610753153
610761361
610630321
1743088545
1726314899
1726307715
644206979
653324786
653324582
653391142
670166066
661777426
795962386
796093490
1869774113
1802980640
1811368816
1777290192
1777327056
1843911632
1822939984
1822939985
1844967683
1836574978
758508818
758508834
758504738
757452130
762170738
762142034
795694551
795694583
778917367
778927591
787316199
787316223
787306975
786913759
803699151
803727823
770173263
770169183
770169183
745012575
744881471
745927999
745928031
745928063
744871271
761648999
795201509
795205605
778427383
803732183
1877474263
1843919863
1843878867
1819762627
1836547523
1836412371
1836330467
1868832225
1860508145
1860639185
1856469457
1856338417
1857551825
1857486275
804715843
762834243
741731699
741726499
744872227
745396531
745404723
745405491
763231283
796781619
780004387
780000551
779996519
787335541
804117845
770694997
753915740
745526220
745534412
745534428
762181356
795631337
1869437677
1877965535
1877441247
1877830366
1877863262
1878916446
771741006
763360334
796913742
792720502
763196518
763196647
771577063
770528407
770667923
762273683
762137267
761617075
1843755683
1843755747
1843887059
1877441858
1877441602
1860660546
1860562211
1860566307
803589411
803556659
795172115
761625875
757431571
757558547
694648147
694640083
694640593
737140689
737009392
1806556896
1772478192
1810366148
1811410501
1769336663
1765113190
1765047526
1865694390
1832205478
3983883694
3975617982
3975612062
1823540894
3971053214
3971081878
3971215063
3987839557
4025522453
4017137717
3996167205
3996300324
4013069396
3845293380
1685505300
1685571380
1685389092
1702161700
1731521828
1729227813
1712837685
1733811223
1732758647
1708640759
1691797975
1691765191
1702316999
762797399
795962711
796093751
787709237
787991861
779476273
779478289
796255249
796390421
695717173
695061813
678285109
678285077
695197525
696251733
729802069
729408893
729412973
729403245
737794941
737934169
737934155
729545547
729545547
729415515
729415035
695854443
704507247
679468415
679464287
679464399
679468511
679312615
696089831
696089831
738031095
805270935
787438999
779050903
787307191
786815719
803592935
765852371
749206083
753396547
745008449
740814081
740818209
757456161
761650531
795343187
804781139
771087475
762698867
762838083
796388691
796224995
779378145
786780129
719675377
736460785
703037393
694648513
694623937
744824561
744824545
769998832
1038560144
2145856128
2130127488
2125925012
2125798068
1588932276
1454712532
1454728964
1454396420
1467237380
1193552940
1193618476
1197878573
1189486127
1202064942
1206193710
1206128214
1206140614
1206328902
1202134598
3316473462
3303866086
3295455222
3295519686
3304043398
3299705734
3299709845
3299710900
3303849380
3295459748
3292330156
3292362924
3560843420
3558747532
3560842652
1417487293
1434199039
1433150431
1366042454
1374432598
1105996150
1106000247
1139689781
1122913557
1122948356
1114432772
1114433284
1110292228
1110423060
1114488372
1114476068
1114345012
1115342340
1199228420
1199242772
1164664372
1172916757
1173949045
1173949047
1207515942
1207512354
1199123490
125381682
125385746
91954178
91965506
91998274
33265987
33266129
33274832
1106885328
1098488528
1098488528
1098488528
3229327088
3229204208
3497637472
3514430048
3522818656
2449003109
2448979813
2448981351
2440640895
3548191071
3548322142
3548322142
3279894878
3271498974
3270317278
3270317310
1114453246
1131363550
1132412110
1132345414
58669126
67050502
67058710
67054646
58534966
58539063
58670135
58670359
57498949
57495380
32362452
33413876
33422069
33422327
33389047
24992118
24991862
25131126
25163862
24903031
24902999
24886613
33136597
33136597
24756213
24756149
75087799
75087287
75349430
1082113462
1081843126
1081851314
1079754162
1079750066
1146875314
1155132898
1155132915
1155133411
3319394147
3336171299
3327784754
3260667666
3260675858
3344693010
3562723154
3571111762
3571161043
3571160531
2497287633
2497289717
2497232101
2505948389
2539519461
2539519335
2539519335
2501732182
2501715542
2501846614
2539599478
2547980134
2545747430
2512131558
2512131302
2512147670
2512180615
2499671428
2491266436
2490938548
2489881764
2485884068
2485839092
2486101460
2487221588
2487180597
3577571638
3611126070
3596057382
3604959030
2661238550
2663338262
2663116822
2667114582
2675470582
2572909767
2556062151
2558163671
2558155495
2583644769
2617036341
2600261397
2600263957
3741163573
3741032465
3732639761
3728442449
3745101009
4231769296
4231703696
4231698864
4234054048
4234136048
4229290448
4145380817
3054773731
3059034082
3061266018
3070170726
3053391606
2494373590
2494377686
2628599510
2628597446
2360096471
2360112853
2246897397
2279923445
2254737141
2254807013
2254876069
2657529253
2657529252
2657596820
2670171588
2670103876
2670120196
2670656788
2674780196
2657905964
2665753901
2665948973
2665879093
2683175509
2684289748
2642215572
2625460116
2623403412
2634022036
2499795156
2499778772
2499586260
2491198580
2507975732
2537526580
2537473300
2502875101
2976804791
2976857766
2959871654
2960395942
2960393878
2958366598
2975080886
4048822758
4050941222
4049893126
4058277638
4058312454
3521511174
3513163046
3513162791
3576595495
3575481351
3578577223
3545220047
3553556447
3532550015
3532008447
4090964399
4082383279
4078176431
4078241978
4049024138
1900089482
1975538074
1967190442
1968239466
1966376494
2100059710
757607966
761817614
1835786046
1772803373
1772786988
1806213148
3942428748
3940398300
3930570236
3930437964
3926178124
3993025420
4009925564
3976370604
3842169261
3825388717
3830662334
3847311550
3855700142
3891352046
3873522990
3999272222
3995085062
3995347206
3995543830
4000193326
3987607342
3970584110
3903505934
3904611854
3904415502
3896028478
3893931391
3893930205
3909855704
4010458536
4010718632
4010722728
4010263000
4010013144
3976455672
3981700587
3990084394
3990047546
3989916474
3992026970
3983615962
3983614939
4023727000
3956609976
3956606904
3956612776
3952443384
3952438104
3918819081
3922748683
3922780427
3956535322
3948102123
3948106171
3946997643
3947032219
3947028155
3955346107
4022393787
4022401466
3989896634
3983578586
3983651082
3978486539
3978748683
3978813753
3978810665
3982969897
3915729961
3924101177
2842109963
2841847835
2842110267
2843155770
2847344442
2847884090
2881471354
2881344090
2864243546
2864243530
2860049242
2854998379
2854933865
2855163256
3928948760
3928817688
3934130200
3942527240
3940496649
3957073161
3948752137
4217256729
4284373785
4259008280
4256777992
4256711496
4256711624
4122493913
3718869483
3723452906
3714970090
4252292202
4250246522
4282882379
4006000971
3997673803
3993348475
3993349465
4011295051
3963519691
3963519706
3962483386
3962495658
3962888875
2889151147
2893071279
2893084655
2891016571
2832296218
2849057566
3958450974
3958450974
3932633374
3932626202
3949266202
1809908858
1772160238
1756568830
1754406110
1753295054
679487694
696265167
968894799
994081743
994278399
960723391
969111981
968964532
968964532
968964500
960575892
960575892
956398004
939621268
671316884
672267252
672263156
695253973
762420085
762419573
762419573
795973941
795982133
762559284
1832106548
1832106548
1832106548
1832106548
3979590181
3979524645
3979524645
3979533095
2837629735
2841725223
2841987447
2841983478
3915725302
3915725238
3915717046
3915725238
3923851702
1809922230
1805859062
1806907606
1804810454
1803626566
696264775
696264711
700475653
960625477
960756725
960625589
692157349
692287909
692148660
725703092
734099860
725711252
725711252
725711764
721517460
687942580
689138164
693369301
695441879
762551767
762428885
770817397
804371764
783392052
1857133332
1861327620
1848752916
3996367668
3996301861
3979524901
2888997669
2889015076
2889010980
2893238052
2833256292
2850037733
2883590631
2883590646
2883590646
2880518614
2847353302
3921094902
3920963830
3920632054
3903850710
2043676871
2034247749
2030053636
956311812
989882628
989952341
989944309
994269621
994269605
725825956
734083492
734099892
700545428
968980884
960625029
956561815
956561846
991160758
1064549366
1072929750
1068735318
800176966
1873918742
1877064982
1843641654
1843641142
3991051060
3992099380
3979582004
3979385396
3979450916
3912407588
2838666020
2906053420
2905001772
2875672876
2875656701
3949402623
3949406622
3949275582
3957660094
3957393854
3957393598
1772165374
1772304446
1773352990
1771251726
1771055374
1770006799
700459277
692091725
692149245
692288429
692288445
675380157
683768732
683768764
700537788
700537244
700545436
692156804
687962260
688094388
689171700
691272916
762551637
770874743
770940215
770946327
770815255
770815255
1831974151
1815195919
1815327549
1815261741
1815278125
1815237165
1815220781
1815216941
1819279727
1826620895
753013967
749876303
749872207
749937679
1017328719
1034106189
497038797
530634189
396396429
400655773
400659901
392271293
392282045
371310589
371306495
102853951
102968639
102904871
102903846
115748902
111620130
111550722
111550722
111543042
112002835
128781843
132979539
132979571
132987763
99449715
99449715
99449683
99187539
99187570
233438066
233438066
233569106
233568594
233568594
216660306
216660338
212433266
212433267
229341520
267090256
258701648
237730640
237726576
237730640
237599601
241785203
258562418
266951026
233429362
233438067
233438065
166443857
166443857
158054865
158046673
153721073
1210685680
1210685680
3362388464
3366681072
3366665072
2292922992
2292922976
2292726369
2292722273
2292722275
2296929123
2313701735
2372487543
2406177110
2406177110
2406054230
2406054230
2389309782
2389309782
2389432663
2389432663
2255223127
2255223127
2255092055
2256140631
2256238931
2256173395
2256173395
2272942418
2239387986
2222618962
2222618962
2222684498
2231073106
2231073110
2230868342
2230901095
2230901095
2222512487
2221472117
2238232949
2372516213
2372516212
2372647284
2372516340
2640952308
2640944116
3177814773
3177814773
2905193191
2905193199
2905324271
2888481775
2905250287
2905250031
2905536751
2838423807
3912169695
3916356063
3983530494
3983530462
3983014878
3915770878
3915771902
3915775995
3915775995
3915767803
3915766778
3915766778
3915774362
3915741594
3915741595
3915741595
3915905435
3924032985
3924032985
3915513176
3915443544
3915442488
3915643192
3916691768
3916691769
3916692761
3916561721
3916561721
3916680569
3949415417
4016524025
4017031865
4024769209
4024711869
4024711869
1877228189
1877031839
1877027231
1873815966
800073918
765532351
765532303
765470919
765470917
765470789
1033910533
1038178581
492927285
501315893
501446999
501471575
492951923
492951923
492960115
477231443
150075667
150075667
150075699
149158675
140704019
141719827
154368275
158423347
192108819
458447107
458381570
458455314
458357043
458291555
458291555
458291699
458357235
458488275
995228083
995228083
458357171
458357174
189921782
190052822
190052630
192149782
192149782
1274149174
1269954870
1269954870
3417439542
3417570622
3417568574
2308166958
2308162874
2312226107
2336607515
2336738651
2338323801
2338323801
2338323785
2338315593
2338315593
2338315609
2338323833
2338061659
2338061643
2337922379
2337857371
2321153915
2323244907
2323244411
3396990281
3404321097
2330546521
2347464057
2305521003
2289728891
2289728843
2289729355
2298051931
2297978218
2297978218
2295913851
2312691067
2313024891
2313024891
2304767353
2304636409
2304638968
2304638952
2313009896
2312501992
2312501880
2312494716
2295684732
2294636396
2312600940
2312596844
2313124965
2348632165
2322155895
2322188631
2389432663
2389310806
2389310838
2389310838
2389440886
2389408094
2389342558
2389342542
2389342542
2389403998
2389272926
2390321502
2407233886
2407160142
2407160142
2407226719
2407103871
2407071101
2389310813
2389309789
2406022013
2372459373
2355747693
2355813245
2355813205
2229983573
2229918069
2229836133
2229836133
2221447653
2221447653
2355739125
2624175101
2624306175
3177822975
2909387519
2905185022
2905185022
2905193470
2905258478
2905520622
2905520238
2905532526
3979278559
3983538655
3983014367
3983006207
3983002623
3983006655
3982851007
3982851007
3982847935
3982585791
3982589883
3982581691
3982589883
3982588891
3991006171
3991006171
4024560475
4024691226
4016171547
4016175643
4016111387
4016110875
4016102713
3882208313
3882339385
3882801213
3849246781
3983464765
3983530301
3983530301
3983530813
3983506237
3983375229
3983358397
3983358365
4016913309
4017044413
1869552573
1877416895
1877023167
1839208855
765466775
748763287
748693639
748693699
748693699
1017129025
211892545
216234305
216234321
216234353
232880465
266426705
266590545
249821523
241367379
241367379
241424723
241424723
258079059
258079091
224459107
224459107
224459107
224524659
476182899
476313939
476313939
476313939
492960083
492960115
492960115
492960115
224524659
258210131
224655698
225704402
225556978
233945586
225556978
259242323
242399507
242465043
242464787
241416211
241432595
237041699
237107235
237140227
241334531
241584899
267275011
233392915
233397011
233397107
233397107
233528179
233536371
267090771
258702161
258693969
241916755
241916787
266992499
266992499
233438067
216652147
216652147
208271731
208271731
208370003
208370003
225147219
258702163
267082579
267082579
266984273
266984273
233429361
225048945
225048945
225032561
225155409
258709841
258709841
258718033
258586993
1298774384
1298774384
3437877616
3433814896
3299605104
2225863281
2225732321
2225732321
2225662689
2225647587
2280167907
2255002087
2255067639
2255198678
2255157718
2271934918
2271934790
2171238742
2155506518
2155573110
2163965462
2180595222
2214076214
2214074679
2197297463
2188908917
2271820117
2238396757
2221545813
2229934421
2230991189
2231074133
2230910325
2230885861
2247663077
2407053797
2407119349
2373565429
2356788213
2356935637
2356935637
2356919285
2356918629
2356915557
2365304181
2650385781
2682822485
3219754695
3211497159
2938879702
2938674926
2905181934
2905251566
2905259882
2905255274
2905271659
2905201753
2909396184
2909535448
2943024632
2943015416
2909461496
3983268857
3983137403
3991534107
3991534362
3983142682
2909398810
2909594939
2909590843
2909654395
2909134203
3983007099
3983014907
3983014907
3991264253
3991263709
3982809565
3982809309
3982883037
2909272317
3848698237
3848694269
3848694717
3815210687
3823591099
3823460027
3823378331
3823384987
3890489755
3890293147
3890428347
1742936475
1742936459
1742743947
1709190543
631450815
614604015
748883199
765466831
765470799
765470791
799029255
1067530309
1054947397
518093125
535001429
535001461
535001589
224623061
224623057
224623057
224622931
232913267
232913203
232913203
233044243
493025539
493025539
425916690
425851186
426834210
426834211
426899827
426891639
424794487
961673591
961673719
961673719
961673719
961804759
424933847
424933847
156367350
156367350
156367222
156367158
1240725782
1274280214
1270085942
1270085942
3417570614
3417505046
3417472286
2341633326
2341489966
2344896830
2319796507
2319796571
2320981339
2321511771
2321379657
2321412425
2321412441
2337928569
2304507257
2287663449
2287663449
2287720795
2287589707
2287590731
2304505162
2346447179
2346447227
2348405099
2348405099
2340017529
2340019545
2306604377
2306603385
2289826171
2289827195
2289696091
2306473307
2306366811
2314755435
2348318059
2346319211
2346319227
2346450777
2346442584
2346712952
2313158508
2313140860
2313157244
2313017948
2312493692
2311412340
2344975204
2346547556
2329766244
2329762149
2398898535
2406041975
2406173015
2271992151
2272000343
2272000343
2255092087
2255083895
2255083895
2255092087
2271869271
2272000343
2238380375
2238372167
2238380359
2238445911
2238249335
2238249319
2238314871
2221604183
2221603143
2221668695
2221537653
2221472101
2221472101
2221472101
2221537653
2238445909
2238380357
2238445909
2238298485
2372450661
2372450661
2372450677
2372516215
2640952183
2640952055
3177822967
2909518582
2905324278
2905316086
2905316086
2905512614
2905521062
2905520614
2939091446
2939083230
2942826975
2942827487
2942692351
2942692319
2909666303
2909666174
2909657470
3983399262
3983399262
3983407198
3982882943
3983014015
3983014143
3848730879
3848731135
3848796671
3848763903
3983498239
3983498239
3983367167
4016929533
2943187709
2943122141
2918021725
2918054749
2918046489
2951019289
2951019289
2942626589
2942691613
2909792573
2909755773
2909608381
3983350205
4016904639
4017035711
3882817983
1734810046
1742936254
1721833662
648091830
648099990
648095879
648030407
664807621
664807493
1033926981
535034180
535017812
534887284
518044516
518044260
518126196
526645876
493025877
492993109
493058935
492911462
526399782
526465318
526596150
501430294
501446678
484538390
484702215
476313927
476313925
476183383
477166199
1030847079
1030847462
1030846950
1030846950
1030846710
1030977750
1031010774
494008774
225573334
225556950
242334002
241285410
241285170
241285170
241301522
241432595
237238291
237139971
237140225
241334529
258099969
266816001
267209491
266951507
266984275
266984307
266984307
233438067
225048946
225048946
225048946
225048946
225048946
225179986
233560402
233568594
233568626
233564531
267123537
267115344
266984272
258595696
225041264
220854640
220854640
220854641
258562417
258562417
258570609
225147217
225147761
233438065
233438065
233429361
99211601
90962257
90962000
1164703824
1147926896
3303766384
3299425136
3299416688
2225674864
2225674849
2226666081
2226666083
2226666339
2247645538
2256034162
2255116610
2271902018
2271934786
2280257874
2280192354
2271803746
2271803763
2271869267
2271869267
2271861075
2238437715
2238445907
2238380371
2238347601
2271967601
2271836529
2271770993
2271770977
2271762785
2238306677
2221668693
2221603157
2221603157
2221529975
2221472231
2221472103
2221472119
2238314869
2372516213
2372516341
2372778485
2305669621
2339223989
2607659959
2607660991
3110573759
2837690110
2837558014
2837558906
2821963306
2821892650
2819795754
2819795754
2836593466
2836646234
2842806618
2909916490
2909128154
2909263354
2909140474
2909140474
2909142522
2909265402
2909789690
2918145530
2918153722
2918022651
2918021625
2909764473
2942794617
2942692089
2942692089
2951084793
2951019481
2850349017
2850348505
2841959768
2842025336
2842155384
2842089848
2842163576
2842163576
2842163576
2909272952
2908846937
2908847581
4016127423
4017175999
4017174975
3983751614
1835088318
1843468726
1826691254
1822496946
748755123
748755091
748693633
1017129152
1017145536
497068352
518175552
518175296
509778496
509774400
1579387475
1579252322
1595943522
1549810274
1558198370
1553991778
1553991778
1554004050
1285564482
1285630019
1302542400
232986688
258021584
253761760
253778144
253851888
253852112
253847888
253851985
224524627
224524755
224524755
225573363
233961975
267516407
266598870
266598870
258210134
258078998
1331820854
1298200870
1306655030
1302460726
3450075414
3450042646
3315824918
3349313814
3349313854
2276804911
2270447917
2270480693
2265303381
2248526163
2252724563
2252724563
2261240178
2395462002
2395405634
2412182850
2311519555
2311519555
2294807891
2295135587
2295135587
2303520099
2304567655
2304637271
2338257223
2338216263
2338216263
2304137543
2304211799
2304211839
2312585055
2312445791
2312396655
2312396143
2312404335
2295627119
2287336831
2287197535
2287197663
2287049215
2303769069
2303769581
2303835132
2303966172
2303851380
2304113524
2379742068
2379733876
2379709300
2379709284
2380101988
2281666916
2281654628
