4059478183
4055297269
4155953221
4160208901
4133994773
4133937973
3060195893
3060233781
3060028967
3068417831
3069474094
2549441598
2547479630
2648071246
2622901710
2631359838
2499110766
2499114862
2499105646
2499068894
2499072479
2516579805
3086482908
4151635132
4147436716
4147496172
4114075900
4111913036
4116181021
4145340477
4145307709
4145505565
4149641052
4116077292
4258663148
4258728668
4258596548
3721671365
3721728719
3585540718
3585479534
3584234470
3588236774
3581177062
3579079854
3579145358
1439067278
1472625870
1465212126
1460956670
1446864382
1916728703
1929348909
1941799740
1941930772
1912578836
1970578196
1949606164
1947579476
1964350548
1963248677
1996705063
1984064807
2127703590
4273094263
4272099319
4271918551
3740296661
3748753805
3709030796
3692262348
3692294780
3696288300
3700487720
3719357992
3719358248
3685807896
3673193753
3662699579
3662743594
3657828394
1527121978
1527650570
1493839114
962274570
962076938
962076954
945299754
945316650
962130798
1004123902
987281374
987282910
980983242
976788955
976985563
976928249
976928249
981120472
2054862232
2080027020
1761253260
3900348060
3900345996
3900346012
2820377340
2887367276
2887363116
2889408044
2889664044
2906411564
2909106717
2875462399
2875458543
2950956463
2934181039
2934245567
2930145437
2931190916
2945901956
2945639820
2916214413
3175212735
3209820142
3193029998
3195094062
3068411950
3068416030
3068486686
3203294298
3220108666
3220098522
3212758987
3179143003
3162365817
3161849625
2893410057
2893408009
2893344521
2893147497
2893274601
2882782701
2865972733
2857567709
2857448927
3926992095
3947963646
3914540142
3897767022
1758671998
1758864414
1758934046
1774466062
1808557134
1808592207
1791864287
1792983005
2061409933
2060230285
2051866525
2047672253
2047278573
2131156461
4249018349
4241674229
4241672053
4241606423
4241553175
4258325334
4283556118
2069098806
2069090359
2068993079
2035434549
2035420213
2035489844
2035382652
2069068285
2077489629
2052193165
2052325263
2068035215
1807914639
1803716319
1804961647
1809089839
3950306350
3996443694
4013876286
3980317742
3900622190
3907962750
3907964623
1761476311
1761406965
1760882021
1750400053
1750389781
1762980919
1832248383
1832313903
1832279151
1836469631
762792957
762657756
762653404
1836531356
1836392092
1878333116
1878341309
1857107647
1854944926
1854941070
1871718286
1876111246
1842495118
2111184542
2094337726
2094288542
2111078095
2113201743
2113200703
2113200943
2104275263
2104340799
2104398911
1869258045
1852479757
1852553485
1849276684
1849269340
1849398524
1864085740
1864077565
1864287485
1730072429
1730071085
1719589421
1719492413
1714709781
1713659909
1713856516
1718501428
1743668324
1873235813
1839680245
1839713989
1840774855
1844833606
1867836486
1830087782
1830153318
1834481766
1834404887
743951637
743830805
739632412
605381980
607483245
607460845
611650023
636946934
669452610
652680018
920992338
921513522
380448306
397350418
95292930
78519810
78331394
78191106
78187010
94985746
128581394
128554835
262772177
1340707280
1340715184
1332327600
1298775216
1332451472
3479935120
3488331952
3756767392
3757681059
3757616546
2681775526
3176702886
3155993534
3156058846
3156207358
3156209278
2889809517
2768198252
2763868780
2763804220
2784261708
2817816140
2809483981
2807518199
2773766630
2769576430
2769319150
2773744894
3880942799
3872811215
3872553103
1858214287
1866664350
1862356394
1829786794
1813041386
1817239787
1823514747
1840291865
3985678617
3981484296
4010845448
4010917656
4010998312
2786253352
2792540712
2800896552
2729855512
2734509576
2734437964
2734192252
2742568941
2717402605
2701024701
2700770719
2692382151
2707152343
2715344215
2749159735
2749160247
2740771639
2740779829
2707290677
2686385685
2686345749
2692637397
2709328807
2741764519
2741764270
2799964350
2816808122
2779199642
3030792346
3030788238
4104530062
4104530062
4122356878
3623122062
3623145870
3614822814
3613905390
3613909358
3580354878
3580354846
3580351246
3580154686
3580127023
3580127023
3588586797
3588708669
3588639069
3589688781
3579006413
3611354573
3611353565
3612598781
3620926461
3620980717
3620790253
4157652461
4132486397
4131437693
4127233085
4127559741
4132868405
4074148149
4093022519
4084719991
4046743030
4044701110
4028054942
1880504718
1884691342
1893075871
1890650813
1890590460
1890592508
1890591292
1907388956
1945170444
1919984396
1378919741
1378919725
1376881727
1381141790
1396870494
3519217494
3586317942
3569800822
3569839998
3569709054
3562368471
3579278807
3579205077
3579204053
4115812829
4124070269
1976595821
2010148205
2001758313
1934649467
1930521947
1930624346
1934804858
1933739834
1942259482
1933882650
1933616154
1933612062
1942324286
1942406205
1934017652
1665555684
1661345188
1661079204
1661148836
1631796892
1908614796
868426380
868295372
868229884
859857900
859857404
868245848
834721113
834718169
818387929
541506201
542554825
542542537
542412489
542409721
559198313
1630834747
1630703675
1664278571
1663229998
1646421038
1650621734
586308150
586340870
653519366
653454854
586349830
578012166
590462983
590467127
557277223
557264951
540479551
813107055
821497455
817171181
817175261
833956559
1939107407
1939109390
1922355742
1939116574
1943515422
1909891086
4032208910
4040536094
4039423294
4039433519
2957494831
2953792047
2954824255
2417958431
2422027807
2430407195
2461995531
2461995867
2193363311
2259424367
2259426415
2259426426
2263627866
2263825530
2263825530
2196583770
2196518219
2196534601
2188178776
2188178776
2196632952
2196635004
2188212588
2188213101
2205121391
2205104494
2205038958
2205120878
2180905302
2172500422
2172501446
2239741335
2273295775
2256386973
2523773853
2657991581
2653535647
2653533439
2653663418
3056267450
3072991418
3022660778
2687118763
2695514808
2695547544
3769158280
2695424648
2687019720
2704844488
2738529016
2704974568
2703213160
2706654184
2689876461
2706650605
3822335487
3822465535
3822465438
3822461086
3821348030
3780383918
3772581034
1627259034
1626738890
1626742858
1626804490
1885799690
1885671178
1885628698
1885661482
1894246458
1906755594
1927726090
1924055050
1388233034
1455346458
1453117992
1468813864
1422680616
1410098984
1411148072
1344260136
1344227352
1383942408
318589193
318720011
41813003
40767563
40767579
1114509434
1123954794
1121857642
1116610926
3230472030
3230407238
3230423878
3230488918
3230660982
2156788582
2156723047
2173500261
2194471268
2194471412
2186082548
2181888244
2182904292
2166258132
2151578565
2155772613
2159999687
2160048854
2157755110
2160901862
2152511142
2152510118
2420945575
2420945591
2420937397
2416743061
2416808596
2416826021
2416836069
2416901221
2953504789
2967136261
2962925571
2979768579
3017386819
3009064899
2988086913
2990178945
2721743504
2721763984
2721829536
2725827232
2749919904
2749920929
2707973862
2687004278
2687004534
2687269158
2691647526
2700036150
2695744534
2712491030
2779472133
2766807556
2758418948
2755470068
3829137892
3829138596
3765243044
4037937300
4037412996
4038469764
4088802436
3534889092
1387709388
1387709004
1386660360
1387058731
1386523434
1357162794
3492587822
3492579374
3492710406
4029579270
4030627846
4080963846
1920897298
1919873539
1915638275
1915686403
1647184433
1648303649
1669084705
1708942629
1688002605
1738317917
1721544904
1720492232
1724678344
1645053145
1645190233
1712240729
1729030489
3876482027
3881708523
3990695659
3988534009
2898002633
2898002633
2901213705
2897154616
3165467177
3165398571
3165400874
2495359242
2495363530
2499545498
2423785914
2419608730
2449052826
3015356569
2998841480
2730401928
2734530808
2719780968
2988282476
4078346860
3758547533
3758502477
3758490349
3758491309
3772133295
4038932655
4037806302
4054583502
1924029518
1387193422
1378787342
1378660670
1395437631
288260111
271504719
271515079
271477239
288106663
325328039
853804199
853868727
318116037
318648389
318648597
301933349
280764965
280764965
280780343
278776327
278845959
277724693
298694157
306623245
302420429
302481869
302810557
839686573
843884719
1720490222
1989119214
1993248846
1980670222
1998496526
4095632150
4097712950
4097705766
3028093734
2495355686
2495355686
2494503446
2494512654
2528973390
2260484942
2260517230
2260521199
2264716525
2189221052
2185091212
2453584012
3527059852
3527061388
3544098436
3510612612
3492663943
3496989591
3496964454
2418877734
2418814242
2218535218
2205953826
2193430050
2193490466
2193294115
2193097523
2276995333
2230898693
3229319244
3225059788
3225059784
3491401688
3490360024
1342745272
1879616168
1879607992
1611173513
1611175305
1661963401
3793652907
3795225835
3799430255
3799430487
3799442119
3795313303
3762250423
3762184871
3766370983
3773580197
3773579429
2716660981
2741824533
2725177365
2733549877
2750392893
2751326733
2742935053
3816637967
3795584303
3795583023
3799777327
3799973950
3808310294
3825083702
3824825910
4089130566
4087050050
4070108226
4070087762
4073227331
1926987841
3810169152
3778716228
3761956468
3760946788
3760806500
3760736868
3765963360
4042791520
4043062881
4040965713
4040963331
3504084019
3516800035
3265141795
3267247107
3267243011
3267247107
3267238915
3267238915
2192448771
2192514834
2192332658
2209142642
2175652338
2158866850
2158801314
2175570338
2246873507
2230105509
2221719461
2217524148
2217524180
2217589509
2217654789
2218699269
2218714631
2222940679
2231325206
2247950886
2411201062
2394431782
2394434662
2394429542
2397833302
2263615582
2255276254
2255468766
2532228574
2532292047
2465050765
2464985245
2993467580
2989273276
4063080636
4063130772
4063114420
1915630756
1932404132
808331172
816264884
816199297
279326337
279259843
10758659
10807858
10791474
44346882
48674050
317621250
309231635
304844849
1915334688
1915396112
1932173568
1881834096
1881850592
1882915556
1880896228
1880899237
1893481134
1891383726
1891383462
1890326710
1353596038
1353589894
28123271
24907909
54284452
37712292
37675460
40825092
49148165
44884269
1118626093
1135406377
1135524649
1135516427
1135512330
1106086410
1088981530
1080593962
1344844590
1411940414
1411940462
1462481006
1445638263
1445634116
908768324
1042991428
1043257956
1848310380
1861855848
1857611241
1857872091
1835847883
1814872266
1815003210
741270890
745466478
750774830
750647854
1757272334
1806552142
1785577550
1781387462
1781358839
1781424295
1781408167
1768772263
1756647079
1756715685
1754659509
1821698757
3989105348
3997493956
3993268165
3993374863
3860201662
1712783534
1725235374
1721042094
1737362590
1636707727
1905012364
1938564796
1942762140
1934361240
1934426776
1902075544
1893690072
815757913
817232410
820312634
807709274
807704266
807768970
1613005194
1613005242
1618314475
1624737897
1626712892
3773082124
3764890124
3760630284
2703666700
2703663644
2737091116
2737623596
2741814828
2742865709
2717763895
2709379383
2709379447
2743065079
2743073207
2743040407
2708437399
2708306357
2708298165
2708298164
2708298164
2716827092
2716826965
2716820821
2716820855
2716819958
2741973430
2743014582
2742883510
2742885566
3823049918
3822983326
3789437062
3823003782
3818842118
3820808247
2746017815
3018648839
4084164359
4079886919
4046328519
4046324375
4058384038
4055106726
4055114918
4086572206
4071883966
3529591838
3525494798
3257051150
3256921102
3256902686
3261100090
3282456890
3232158490
2158412314
2158922298
2159905322
2156698090
2160900330
2148317402
2416753866
2433654859
2433654861
2198532205
2203717740
2186941541
2182684001
2189110017
2203725313
2207923729
2174361123
2173443619
2156674611
2157714039
2161904615
2178681269
2180831637
2172493205
2172499389
2172499389
2171450813
2167258557
2200811967
2183117311
2183117086
2182068494
2182080782
2186226958
2177774350
2156802942
2156803055
2157840303
2157709231
2159809471
2164019597
2170343817
2170466761
2170462537
2166352953
2201774123
2201757739
2201892875
2201893130
2206087946
2210267658
2174485003
2157724187
2157761389
2157752805
2161947105
2153549281
2153548257
2148243953
2182789569
2182805953
2186946881
2189045571
2197438259
2197303075
2197303074
2212245286
2212249382
2212239670
2187069718
2186037590
2186074438
2186271062
2186271191
2186279383
2203040215
2203040213
2203040213
2203040212
2203041236
2202910164
2169356284
2220867516
2220867516
2220801980
2220800957
2497690557
2631252399
3168057519
3161767086
3173293310
3206913118
3190275167
3190220023
2921734567
3996525477
3996521125
3874947765
3887530655
4105638799
4105582415
3568713481
2494904585
2494851336
2226449160
2230628104
2491189016
2489091897
2505933625
3080622955
3080619370
2795472106
2799484138
2786897006
2921108542
2920710158
4011233294
4011254590
3979764335
3962901231
3962835695
3964670635
3964666539
3838840825
3834648953
3836819736
4105378056
2495035656
2511677704
2276732168
2260001544
2192933704
2191492024
2191492009
2459734955
2531038126
3067909038
3072104366
2803218350
2803348990
2771825934
2771823886
2938285342
4012026923
4011977769
4011973673
3996243257
3996177721
4017211241
4017344105
3982741099
3982610299
4016111483
4016106879
4016303487
4016227679
4017275999
1836309591
1836182647
1836181735
1869867239
1852033399
1860422014
1860553086
1717688703
1717692799
1717824351
1700977503
1684261727
1685572439
1685454167
1685384703
1685384703
1692786173
1709689341
1743244285
1735777277
1735785181
1735518941
1735649885
3883126653
1868615039
1868627071
4016104575
3982747135
3965875191
1818378839
1818444375
1818313591
1818260855
1818258493
1826711613
3991034141
1860323593
1860585737
3999791433
3999591241
3999595497
4007971561
3873819371
3873820379
3865368267
3865375691
3865371002
3882279274
3848721770
3849772158
3849710719
3832867071
3832899839
3831974143
1684425215
1709656543
1634033151
1633971071
1633807231
1633938207
3816016669
3816147229
3797212445
3797214557
3797279229
3866556409
3874934457
3891776185
3858090681
3838900889
3830476761
3830474201
3830543449
3964752923
3967122459
3967281259
3983993195
3991333883
3974552283
3974614731
3975530075
3967079002
3983860506
3979731770
4013351726
4013347178
3999614330
3999550682
3999553754
4024523002
3991099898
3992082942
3992091614
3925311438
3958664526
3958662494
3941949950
3939893750
3948283095
4015395975
4015465655
3983811749
1840526501
1840584101
1704396180
1704209860
1682188609
1679042817
1679239985
1618360865
1622542865
1623068161
1639777857
1671173825
1921779443
1921779427
1921865378
1942777506
1942253254
1942284230
1942349654
1665511223
1665511191
1631960853
1632100116
1627913492
1611136340
1610972628
537206228
537337332
558239221
566626807
595987446
596058102
579158006
583280598
591685574
591685582
591722462
591775742
600100862
600624639
600694135
600829301
600829301
835710229
827317525
827313461
835706173
869268829
869231965
1933995485
1933983711
1934565295
1464688558
1439498174
1439035294
1418065886
1418049502
3582048246
3716257638
4286682406
4286685462
4292190469
4199916812
4195800380
4212580156
4214677308
4181121916
1765006684
1762713084
1745937881
1750196699
1774375370
1774372298
1774208506
1799368106
1862281451
1845573739
772872233
777066809
781333784
800195384
766575128
614474248
614539784
618988076
879496748
611069709
627837197
627964279
627964279
627964279
627947895
627947895
1030601143
1030601142
1064156598
1064156598
1064154550
1063629238
1063629238
1030074806
1013035447
1013036021
1021493100
2086845228
2087906076
2087774988
2102455069
2135088927
2118309646
1447183950
1443170254
1447313342
307509678
324798638
299175086
295044253
295043212
280367180
280375564
300163876
291776292
287581988
321153005
321176991
309628318
315983287
46497973
46502068
38248628
34005196
53927944
19324936
6734088
15126280
10930968
10799912
10808104
10922760
1088854792
1080331848
1097106104
1122337432
44487320
44495513
44987306
45879466
318517422
305930414
305927342
288234638
270952590
270985678
811967438
820294527
820294445
837071144
837071144
837071416
820362808
820492856
812563000
1886304827
1886304794
1345247242
1395414042
1378615498
1379795082
1376657562
1389241770
1385047726
311363261
328073868
294531716
282927540
271327396
271327468
271327276
808201484
808200457
543456025
879098427
878819899
619166271
753375775
770547213
805078277
785691765
772123877
772123809
772778915
772717187
655276675
621705859
554044067
555093667
556076962
560204962
564398246
564398311
547619959
547696653
547627021
547644173
816165401
279230009
300194077
299927573
23115799
2222098
2304018
270688258
270951170
343302659
347472391
364773957
111887044
111724164
107790012
103590636
355265261
339536745
343705707
347514987
347581822
78964550
74924614
71188994
204358146
221139218
267284514
246113315
245918771
250152963
241781763
237655043
241849619
174729059
191571826
191571794
225119827
233508850
229313506
94968290
94976466
94968258
99178946
132774354
132774386
132770162
132774259
132766067
124377457
125426035
125435763
92143474
92141426
259642226
268161906
268170098
268038610
263845330
184150514
1257892338
1274673650
1333393906
1341774802
1203362514
1169733266
1102620306
1136239541
1102620068
1106816164
1079815328
2095280
1996928
1972352
2034832
3933604
271328676
270804388
811888612
551873893
543467893
560249207
593803575
593868855
593860663
577215543
573029398
573029398
573479990
590257206
590255158
858690614
825154614
825121846
812539190
1894653494
1890197014
1353320966
1353275906
1353219603
1353219665
1353213649
1375299541
1132008913
1111032944
1111176240
1111110928
1115563280
41903376
41805620
41800980
309955844
326798596
326797572
327063812
861902868
857586708
857586708
589149236
589280308
555652132
555648036
606045221
608160805
608033829
611179879
611179879
611180023
611178994
611178994
627956723
762182643
770571123
804125555
804223761
805271825
796880145
796880145
796749073
795433265
795429237
795429239
803821943
803993943
803993943
803993943
795606359
795606487
762052055
762052055
762051031
761919863
694810999
678001015
745372149
745355765
1819094453
1818833335
1751716791
1760105151
1823019711
1823150750
1823178394
1823333050
1823795947
1827973679
1865722173
1848748045
1848880141
772907017
772923402
772960302
772944110
791806190
611714982
619253430
615070390
615070390
616168183
616086228
632859204
649636100
641247236
641244164
641375252
641379364
574274596
574278688
574277920
578734384
594528592
594369489
594369009
594360753
594361782
602750390
602748342
569194390
552546966
552546966
816525974
816525910
816397846
817428994
817408512
817408512
274245648
1444456448
1578810369
1578815490
1578762434
507117698
506069154
527053474
480850594
480776867
481112756
481047220
213131940
204762660
70572596
119581460
35907844
35842308
35847172
40288260
40878284
57311628
6980488
276472476
282832620
277396207
277395758
273456174
269283359
286158861
287191112
320738504
308156552
316549544
312224425
311766698
311829178
330302138
15745626
3179034
3192618
3189034
1091886
1157158
1218562
1229826
1491074
20889730
36602290
313438626
312910754
1923457713
1924505264
1924184480
1659940064
1646306336
1646305316
1663164684
1629626888
539113000
539102763
551946794
547621738
615262334
615266318
883178510
883957774
351301647
343118605
347247125
345149973
345088293
348171303
83933283
67148018
67278994
356702338
390207618
390464642
391577986
373097106
384697011
384180961
380051984
380641792
116449828
122724900
357607213
339774777
356559115
935569675
918730763
918722763
911379594
907378843
842891417
842977417
859730073
272511465
338568809
342829613
351021631
883714582
883943990
816758326
1957533190
1974240070
1978499203
1999536257
841928849
841879712
841953697
1982276259
2002854562
1704997538
1688260258
3835730530
3852515842
3852511746
3890260486
3877747205
3810704897
2736952833
2703656449
2771304993
2771141408
2892760417
2834040163
2825651571
2821594994
2821590882
2825586018
3970438194
4289204418
4272631938
3601477761
1453991040
1185426560
1177054368
121171348
87729540
87728588
86675724
19759388
19178280
23375657
65317673
61126953
1101826345
1375505435
1346290891
1346262159
1346266527
1350498239
1357829807
1403933358
1391391382
1382871750
1378652422
1378718774
1445837858
1451009058
1451025442
1451028482
1581121538
1580859650
1262092802
1265253938
1235958306
1235761762
1236806242
1217932021
1217932932
1217978756
1222287748
1209630900
1276674212
1293648052
488145060
387490980
370713764
907646135
924496055
926609590
1434383838
1366167374
1365641742
1344739854
1344739854
1349327422
1353457450
1353200954
1353191738
1353240889
1420341560
1420337452
1147708708
1144559652
1193261092
1175365664
33990705
38160385
38142976
34472000
35524800
35528864
37691808
40710544
57475969
99418758
74257118
82645598
82654746
82389562
78129710
78129790
78342854
78367367
79219604
79213988
83403172
85500064
102736048
102670464
118926464
120756656
53582241
49339361
45337281
45271617
45281025
45246227
48242978
39854370
35922210
19230754
2514194
2513346
6687106
15665538
15010194
15079810
15089026
31662994
48243426
1122001442
1134584358
1101062694
1084547645
1084666632
1084723992
1080336168
1143769896
1143769896
1279109896
471771912
488606475
509576522
509510090
1583251914
2122219978
2120135161
2120131561
2127536744
2118951528
1849991784
3993281144
3976503880
3825649224
3826175592
3830341224
3838801769
3839624057
3839624027
1683751242
2002261050
1985681450
1994012714
1452943402
379201566
379135054
519577806
243024014
250528134
183423362
200180098
149261714
207985074
1549908402
1549908898
1420012194
1420274339
1421126304
1888807588
1892952740
1896098724
822360996
824056740
826153380
560859565
569117135
602679750
594291014
556555079
544176983
544111447
544111447
552556887
552360311
543979879
560789879
560855415
560855415
602913143
602914167
602904951
871209311
846051615
309180703
309180701
309311773
40827197
40794429
40769855
40835119
40778815
40778767
40770575
40766479
65947663
32459039
23939423
23976223
23976223
91077439
99597117
99594045
99594045
99466013
99453277
91064669
86890623
86857855
86980671
120535343
133053743
133115759
128790399
128802639
99470159
99458527
23959005
23966172
292401660
275755960
342865592
1961867960
1953479352
1680714392
3828193945
3828193977
3829186219
3833389739
3841778411
3833352938
3862782954
3862521194
3866716207
3875141679
3869919255
3874114567
4142621703
1983520775
2000289799
1971192071
1576927539
1572733735
1555903271
1486628151
1486629199
1490889039
492718543
492751247
492554895
528277183
1031598763
1014805163
2082247353
1816572841
1824891304
3989089512
3984894252
3855989516
3891771916
2742532620
2725744141
2720432703
2722005551
2722021934
2721895150
2737620654
2737622686
2741816222
2741815742
2708339135
2708470175
2708433311
2708433309
2708305341
2716684733
2750239228
2716807544
2716807448
2708414744
2691656728
2700048440
2700040249
2695743547
2695755803
2712594699
2750344715
2741944841
2737816265
2804798121
2804732585
2808893865
2817282219
2813074606
2813279422
2813213886
2813209790
2796432574
2792306878
2791651518
2792847550
2792847583
3875006477
3864521740
3860327436
1712843788
1714875404
909569292
909004044
929957917
930023455
1063847966
1063852094
1072380014
1051408495
1068185983
1068186447
531319375
497928911
497932751
493738319
422180958
422180990
422308206
426469742
434858862
430529375
430524751
501811535
493426781
522795357
527120765
259730287
267070063
262740574
262736478
262752862
233658966
233691990
233691606
166558166
158169559
158202325
158202365
158317549
166701807
435010303
435002335
417962454
409573590
409581782
405403863
405368055
155133159
155133415
159261409
148841185
144650899
211629699
211646082
213763714
213747335
486512263
1560262535
1560264133
1560131933
1560131887
3699153198
3694963502
3694980398
4248727870
4252631134
4261085358
4256759982
4256760239
4122543021
4122806148
1971136132
1410672260
1412902532
339163820
338967212
342895292
284175045
284223429
284340545
275939585
283148596
291537189
862036789
841137669
841132551
1664264711
1630702102
1630714422
1629661750
1612809758
3777348175
3777381007
3778413239
3778163623
3790611877
3819977893
3819969701
3817878661
3801161861
1934827655
1930567815
1897033958
1886571558
1893910822
1638119686
1671473926
1658891014
1650502918
1646768398
1646690334
3795222573
3793584172
3792478572
3809265132
3808805356
2768687468
2768662892
2757191660
2773839588
2817862228
2801217140
2796880487
2796290662
3874227070
3849073102
3833467342
3762163086
3764271502
4041157022
4103616686
1956386986
2008816778
1992044682
1388052619
1391198363
317464811
1382834217
1449975849
1978572840
1961796616
1953471752
1953086216
1966647816
1964554840
924356329
923567787
923255434
1729545098
1695728026
1735573674
1873982702
1873913070
1874109519
796173389
792061133
1060631807
2134310126
2138463598
2145781094
2128937238
2137268998
2137268750
2108629546
2091778601
2091844152
2091662856
2091706888
4235766328
4231563880
4231630536
2084081288
1949861513
1949926073
1950020265
1950278312
1949295532
1949295804
1953936565
4126573733
4140991604
4141065216
4134708224
4129460480
4062683697
4129792547
3043422754
3027125794
3027109410
3161196066
3160944930
3169333282
3169325106
3182047234
4289355843
4289651776
4257193152
4260666592
4281641056
4279544944
4011244804
3994463748
1712762372
1712512551
1729306150
1695876642
1681130338
1681654242
1685852578
1689780386
1706623142
1738216598
1989834886
1989863814
1451928198
3595156119
3590896375
3590891245
2500370989
3025711405
3030028589
3030024485
3046802213
3080359427
2530930195
2652633891
2652572450
2652573154
2652507554
2675578258
2646218115
2628394129
2628262048
2629318816
2379758752
2413358208
2395578820
2391515716
2408161796
2508751397
2512945698
2488828706
2486943538
2486876466
2486876466
2503669842
2537183426
4131003586
4067295430
1919811783
1919881413
1937715605
1887381428
1885286060
1893558957
1893526189
1906113439
1926037390
1380763086
3524248910
3528914814
3528876846
2480300846
2443076398
2963137518
3030180542
3030180493
2493309596
2497495720
2487011240
2619723244
3156670508
3156633644
3156633612
4230899724
4251904268
4293852956
4289643036
4290429516
4290495181
4288209647
4258849518
3176719086
3172467690
4246471130
4246627403
4284378137
4292802600
4271818808
3067463688
3059017992
3071605000
2536869672
2507588136
2499728109
2495501006
2495480454
3702391478
3702260134
3571987618
3613928674
3594007778
3594134722
1445618882
1450894530
1450966483
1399565283
1366993859
1887079361
1887014208
1614315792
1614324516
3761807908
3759710756
3776483876
3810233972
3793406628
3793435301
2786601635
2788966050
2789029794
2816749986
2812543206
3047424054
3030712374
3030806534
3030836230
2628167685
2628102404
2632759588
2619902244
2636695916
2653603212
3056222605
4134159245
4142588861
3068912557
3085494188
3078155692
3040401820
3040405964
3074025740
3074129692
3077260060
3068789263
3064607550
2544513318
2510819622
2494038246
2494300390
2498589878
3565124822
3558135815
3574904839
4128679941
1981197316
1981197316
1914147916
1916177804
1648266908
1663995548
1664005812
1663861413
1663353511
1663336934
1667543086
1743119398
3857116198
3848693766
1697000450
1680221186
1680736290
1684603110
1688732070
1621698222
1621703341
1638472364
564673180
867707532
844638860
302526348
302916748
307495116
325058589
291561533
270573621
270770492
274895676
283284028
350330428
888187677
888187151
894679310
890420494
890470670
1964163338
1897320970
1901478490
1943932650
1935477418
1935420078
1394354878
270271950
276627654
280953030
280379607
280486117
278192353
282373345
324450497
374769857
911640643
1988004867
1996260386
2013044771
1962713123
1952292897
1948250145
2082300192
2082349856
2084450816
2101215808
2138964720
1996295844
2126326453
4273420943
4271192718
4271233934
1588648350
2125518218
2129969546
2104808410
1559618410
3707167534
3702972719
4244103215
4282172455
4282174479
3745445903
4282296589
4292786765
4288663293
3617113789
3587728025
3579339453
3577566125
3560833452
3560834220
4101977276
4101319828
4118113684
3622236036
3605442244
4133916357
4133717575
4133537318
4133544230
4133543974
4158705702
4150288486
1970348502
2087854535
1550984150
1550981094
1559367014
1559562530
1559496754
1567893510
1584687110
1592714246
1588248582
1588248583
1588248788
1526218916
1517822116
1496850860
1480074156
1478112924
408581768
484075208
484303384
1557968409
1560065545
1609936649
1593215755
1584761130
1580505130
1578412330
1578495306
3728081866
3749053386
3723887322
3719693230
3566678510
3566493798
3570720806
2508496919
2526522372
2526316548
2526325044
2522126628
2517928484
3594438260
3544057548
4045279884
4034798239
4043244206
4043047086
4034670766
3497799822
3495305358
3495174350
1356135450
1351911450
1351976970
3518408714
3535185930
3602293835
3602817229
3602808989
3598483880
3591659945
3608420777
3575002025
3558224539
4241896123
2092373739
2092181003
1555310347
1559506715
1551121691
1568488715
1568374043
2105277723
2138748187
2147135835
2113438153
2111353304
2136519032
2132391224
2115746092
1981462828
1981462828
1981449516
1645921044
1650082381
1700414157
1683903179
3839779433
3839655721
3835484201
1688008809
1692199131
1700586699
1696391371
1631469706
1631469994
1634628010
1676572586
1672361898
1743730074
1701062026
1696867722
1696942074
1709623018
1705477738
1738835483
3886327305
3870598664
3866403336
3879117368
3843469864
2753421864
2753389177
3160216429
3170697583
3166437487
3183280239
4290650186
4139655242
4143854666
4160686202
4160506090
4160546986
4286376090
4152143242
4135362954
4135354762
4135354811
4158640555
4158022569
4124451497
4116129455
4116121279
3579123646
3579130302
3587514526
3520471178
1404970186
1403981003
1403545817
1407773144
1390984680
308847960
36208648
52998152
86609928
69951529
338306093
338564141
350619180
347210268
347210252
95572488
1339291144
1322294859
1245752042
1245752042
1514187242
3661936874
3661925498
3757998298
3757740234
3748299214
3614081998
4117402271
4125799077
4255901604
4259899812
4234701216
4230490272
4231740544
4097717376
4097187968
3828494528
1685258736
1704068768
1838287552
1871719104
1854941888
1859152453
1850764919
1859190310
1878361134
1878295598
1878819886
1786029070
1781899278
1796644870
1796661366
2064536038
2102268902
2089160422
2105936551
4119268005
3616873092
3604298372
3595901572
3327601348
2522165188
2455229716
2480324660
2444656692
2427818260
2426704407
2426708526
2430906922
2150420014
2235320878
2267826470
3610138662
2523818018
2523850754
2524898307
2520686592
2520686848
2518589952
2537456192
2491319809
2491008594
2490979042
2499293858
2499289762
2499289510
2512127142
2510833847
3031357572
3036608644
3028199556
2503911876
2671685316
2657002180
2665472725
3193709166
3189510766
3191603498
3156934762
3161076986
3165268174
2628397262
2629511374
2631428303
2623072717
2669275980
3726573068
3732833036
3737026828
3737092140
3669794852
3669794852
3665616932
3661414437
3661268197
4213886885
4230662791
4230662787
4244298370
3971607190
3969444518
3965217510
3961006678
3961007622
4095356423
4101652021
4104718372
4104652836
2426931236
2444762116
2480485380
3347599557
3347611782
3347689622
3347689638
3347624102
2273885350
2253949094
2249955526
2520426566
2537203718
3074336774
3040783110
2759763462
2764018198
2764018213
2761785900
2757001772
2752815732
2769601380
2803298604
2805346344
3879088168
3845533736
3765845097
1625688495
1622018990
1622088638
1623013774
549206414
817636494
299114630
334909575
297201731
296144897
300205104
291548192
320908320
304264208
1382192064
1457685120
1453490816
1453556369
1470224050
1419836130
4108364518
4099975526
4097083750
4113926478
4130789326
4130796366
2120667406
2129051703
4289184807
4259609634
4229966898
4229966899
4230092067
4247930402
4289873442
4270999106
4270880451
4270909123
4270909171
4266702567
3188759783
3192948845
2798684269
3872434253
3864061964
4128450636
4128648397
4145426847
4030071726
4043178670
4038984430
1891435246
1354510974
1354508102
1352428871
1373411524
1365149892
1394522500
1379379620
1379331508
1379324292
305578372
325501061
291897591
824451303
807674983
807413039
807546415
820133407
815992335
815795725
836791885
828403455
858025647
863272879
854869423
852772079
917980190
933643278
904340486
342107430
342107942
342192679
480696103
480674595
479236433
415277507
406955203
402822146
402824194
419600402
487758082
1595316995
1585351233
1593477824
1588299412
2126037668
1991824036
2010653356
1970807468
1970807549
1953182059
1961586731
1961545771
4109274155
3831924745
3832915977
1951705099
1976862731
2002159946
1981203914
2115376010
2117468862
2117468846
2117214894
783360942
781193647
781190285
1048585357
511714509
525378765
252949855
389199114
359829258
2004060942
2003872302
1995488046
1722923311
3870793021
3873865996
3862332172
3879650124
3846062781
3829277357
3762168495
1617429422
1621885418
1622947050
1622944859
1622943755
1893492747
827910153
857245709
861767695
845120527
844005390
869175511
860287143
856060053
823537796
806752644
808850084
813118116
817184492
817183260
817117708
833890893
850668159
310125146
305926602
305987786
306118778
291373098
278552618
278457642
345549114
345549066
299481866
308251406
1377799951
1379894557
1983807580
1983819980
1983819972
1983811796
4264464869
4247445991
4234895846
4235144614
4235016358
4234938534
4234942630
4243406246
4239271814
4240315014
4240249479
4238091959
3569116917
3573313237
3565121479
3580784069
3589162325
3622586341
3614200805
3598455653
3598459668
3598656284
3607048988
3623826204
3619452728
3590094632
3564436264
3560307513
3560421657
3560290635
3572795850
3568665998
3585512350
2515972766
2507592350
2503463862
2503295398
2501193954
2505384162
3587515506
3589616723
3619108048
3623239152
1475743184
1475677120
1450449600
1177893616
1194536672
120714800
101750545
105940243
382772242
382968850
508800050
1309912114
1309846546
1309850818
1326636162
3423997314
3296137106
3303870114
3299684002
3299094179
3299094177
3315888096
3332696512
3328571712
3324435776
3324436224
1176958480
1176954384
1178002960
1446442768
1433834772
1417059349
1953995797
1953858613
1951708535
1951442663
1947248295
1946207911
1946175143
1946162849
1677796001
1682071712
1687381093
1689375797
2107821063
2141370374
2145560582
2137111318
2104605234
4252278306
3990127395
3973940001
4259283232
4292780832
4267434800
2921063168
2920964864
3191492881
3191541031
3212314982
3182954982
3030191030
4103998094
4108193414
3571253894
3703312822
1555837153
1555837024
1555570720
1291330560
1278944256
205138944
203045120
203311873
219891971
223988051
224124115
232493266
265916563
249147537
1323016624
1314632112
1316716976
1585152912
1585166256
3740905136
3741167271
3741166246
4294224806
3035933678
3027540974
3026225982
4100034062
4100040198
4100301315
4096189184
4096151808
4096131168
4096004256
4146340000
1986405553
1986399619
1927678338
854002050
849680802
849356962
849357027
866135235
866133059
845410565
840995125
857780517
924889389
891401017
895737641
627165993
761547305
761596441
1025976843
962996747
964056843
970375435
998604859
998547691
964993195
428122285
1506061484
1539618980
1527036068
1527101604
3657873620
3662085956
3666802244
2660123205
2660123255
2409382502
2274915942
2237156710
2218265942
2218400966
2218409414
2155486615
3252291509
3521058437
3519817349
3519821757
1346635183
1342440622
1342244014
1342402750
1342415054
1896063310
1896063755
1666426377
1666357769
1666357768
3811617336
3794840104
3795098152
3795095064
2719974088
2719924888
2738750121
2738365099
2707956138
3790344366
3790344382
3773108382
3769970838
3769842886
4105398278
4105431042
1957996546
1973725186
1453763586
1454280705
1458470912
3597303808
3593125904
3728393568
3728404452
3726301924
3747597045
3757951573
3753705303
3720144215
3718014294
3705413750
3562811622
3558805734
3565045222
4108253094
4103995047
3834949333
3833899717
3854936916
3876886900
3859055892
3859058948
3859075076
1728319772
1694839592
1812341289
1818100330
1824393834
1823279850
1772886458
2075928714
2057054346
1519135882
244065418
260948106
262112699
127309225
98022825
1163297208
1159106952
1461104776
1459921128
1459921000
1997843496
1997843240
2000140840
1937148472
1911998984
1911955145
1901532846
1968181934
1946161326
1947209902
1968177326
1967277198
2001923206
2001792198
1466995782
1474405398
1440981014
1419940118
1957074739
4104560432
4104567344
4108696112
3026491920
3039267344
3073285632
4130259521
4130226818
4264428178
3995796130
3999793574
3870033062
3886812327
3886890183
4155337797
4160545797
4118586372
4118782980
4118713348
4294941732
3221023781
2675895591
2659110679
2673757702
2673493526
2648393298
2646209138
2646143590
2646136679
2678637927
3211326583
3207111749
3208291397
3208291397
3174757573
3162168821
3162464229
3028099045
3023642613
3042779125
3076333029
4150015461
4158400501
4154271701
3583849429
3583775669
3515102135
1371809719
1094989239
1090788743
1090985351
1094925703
29506951
29506951
30563719
30531030
124841446
124822886
124822838
376550678
384939286
384873782
384873510
401723431
393695293
355938364
70590764
68499236
71118372
75311669
83720771
82607042
78433218
61656450
44482946
44482946
1118228930
1118220563
1122996256
1114419488
1093443876
1076735756
1143909132
1143900940
1143966468
1428724029
1428730991
1428992238
4096557290
4230907034
4251360671
4259752415
4024872927
2935271381
2926879479
2922701422
2786419438
2788627182
2805404334
2770801326
2758620598
3769373862
3769369766
3769568444
4037491900
1889807500
1885613196
1344302220
1361112268
287435844
287567175
300078390
295858983
295924516
1101091644
1088672012
1080209676
1076018444
3504584988
3500259636
1352775991
1369553206
1386452758
1457951502
1445363982
3592864014
3727606046
4264449070
1965959214
1949051178
1953311498
1953376842
2083458762
1013711498
1021575850
1034163115
1068773865
1068769513
1033117897
1016341704
343990728
348168680
335578088
352551816
889369224
889430728
889299560
889296488
805502841
805484809
809670667
817989691
819300410
819308810
836218190
863417294
907445134
370590654
1444114854
1444024742
1448231302
3738358146
3736232418
3736101154
3736133926
3736117534
3753095947
4289115961
4272331544
3203172648
3207117096
3190524200
3123350408
4197082761
3945411209
1764295307
1747583659
1751777963
1755918766
1756111014
1756111062
682369094
1017389134
1017389134
1018486858
1018474827
1016378680
1032109096
1029487656
924824584
926856200
574528584
573492424
574507192
574511785
652102315
647368379
666109578
635699786
627053066
610345514
744694315
748905001
748905256
765481768
766567192
994091804
994091580
960868921
944747227
2093987578
2089794478
2089388462
2093516974
2101979294
1582295182
1582228878
1583276430
1456882062
1458979246
1458888879
3623150821
3588550004
4108756228
4108748548
1894221588
1365620244
1394931252
1394894388
1394947636
1396051281
1400245681
1372982433
1371606179
1350571171
1350579330
12592262
12793222
13784514
15916994
32632818
66121698
65073126
48627703
48615383
48586135
48522663
40133799
56915175
56653295
1096840687
1096906239
1096939486
1096873822
1155589950
1155594022
1155659558
1155766070
1424203550
1440988430
1474803983
1592244253
1592703007
1584307207
1580110863
1579716639
1579688063
1564160254
1547318778
1559903982
1555700333
1420692076
1152125460
82587136
70002176
71120144
71245856
69148704
73298032
81182913
32669825
57836993
124948416
108235536
40934176
40938272
47229216
38841441
39228627
1110868098
1115062402
1383497858
1407615138
1369932002
1357156386
1348792354
1348789249
1345612804
1345654052
1343687972
1343622948
1347814949
1358829111
1369253382
1402760710
1389133334
1112297014
1112147462
1128923718
1103770438
1151022053
1152930284
1151915500
1424538988
1428728156
1446684748
3594164300
3591936252
4128804063
4129259726
4131303566
3846087070
3829310126
3832472230
3840918182
3836494502
3836481957
3832295589
3844350108
3844481160
3844222360
3831655144
1688455784
1688242811
1688250954
1705028554
1734386762
1714454602
1713799370
3878076650
3878047914
3882229934
3890689454
3890614198
3873900438
3873781398
3823445654
3819381494
4087812695
4054061575
4037288453
3504612109
1348806415
1357265695
1420171837
1420253989
1420094228
1201995012
1180996868
1178042372
1446215700
1446150196
1597149232
2134023168
2033363200
2031332144
2064710177
2064854753
1041638017
775881351
791217063
703074727
682107311
683156911
683157931
681323402
949758922
1022651338
527673802
519213514
519209418
517112014
517050606
533766638
525378022
491894646
1565704022
1565711126
1567783703
1500658519
1509046647
1509038359
1509034773
435228421
426784517
460333844
460333876
426778932
424686884
424680484
960559140
968931364
968931604
986037509
977777925
977646933
977646817
973386979
704945315
973397154
973486258
939933106
939933586
953028274
948833970
948768434
948714162
411839378
411331507
432322963
466008449
977444225
977444801
978492865
978361696
978369824
1783676192
1779473696
1779539248
1779544368
1781772576
1781723428
1748160804
1752318429
3908193743
1760709578
1754385002
1754323498
1753246570
1765812682
1795173770
1795170442
1761738923
3909222571
3905044907
3900961451
3900764765
3900760589
3967869449
1842373129
1831870987
1697725995
1696873451
1697384618
3857254586
1705707674
1974090890
1974083722
1442455754
1434066954
1165889834
1171666734
1100093998
3247643166
3247454751
3247451679
3281019421
3281048444
3281027560
3281027240
3268444332
3255861420
3254812845
1107529917
1107468509
1124245581
1090692109
1073915917
1141291277
1410775820
1423358477
1559666189
1559527951
1290043927
1533334038
1512522262
1529234230
1530270758
1532246050
1531209762
1523017798
1522953286
1522942918
449266311
465912503
432296613
415524517
407120549
939797413
956574597
973486469
985806021
981598213
982646791
984621079
451993895
460628263
945076014
944028526
944028590
944020406
407223190
424082310
457637766
440817542
449197462
450245046
450049251
466826467
198384865
227614160
227555792
231741936
231955920
122871232
91411776
393408849
393261361
326152483
326152231
863015974
858897470
859027518
856930366
856807486
856705086
889211082
889325962
927088538
935470762
931349166
931349182
931390103
931177463
935371127
936419637
902926396
368227388
1433582620
1428338713
1429387545
1429461529
1561610793
1565264443
2110327307
428547595
411702041
2022576425
2023710765
2018828333
2030346349
2063967429
2047192261
2046864769
1778433937
1778434033
1778499537
1778630643
1778564515
1774386595
1757551779
1757545603
1749157010
1744830882
1744855458
1749153255
1753255735
1754311431
1771088647
1800514309
1846721285
1846973701
1711788309
1728385133
1728446895
1628307882
1633552298
1627197098
1622937258
1621368506
1890860942
1353985486
1352936462
1352961030
1353099286
1374596103
1399762177
3530467072
3530457600
3531506384
3527312000
2453574272
2989413009
3006232225
3009688993
2980324517
2980323493
2980327661
2963611855
2430738447
2430738715
3504550699
3500424506
3500423194
3504629818
1399122011
1378256971
1378256075
1378779209
304971785
842829865
842834987
1652337705
1652468841
1652466893
1648267469
1631502749
1612628655
1612591783
3760076519
3761716839
3761516069
3773048357
3768852516
3785621548
1706295324
1706434636
1956061385
1954865355
1422177770
1342475754
1879345530
1879476554
1963370826
1997973834
1997974858
1870049098
1832234958
1832235006
3979786238
3983968238
4017521646
4008084327
3999638325
3996426549
3996442660
3996147748
3996131364
1865613345
1815281715
1819414546
1819422994
1827799666
2092106338
2091978338
2091915891
2108815937
1589029633
1588050177
1583712321
1580514515
1581031670
2117906614
4265513142
4265513126
4282311078
4236141474
4244600482
4244446963
4236065329
4231802401
4230770208
4234997536
4289586464
4272866304
4205761536
4201567296
4197434561
4197401074
4214101986
4167644898
4171773670
3098033838
3098027694
3099076590
4172833245
4189610184
4183351752
4250788168
2099245320
2099148088
2082355288
2015246411
2014722506
2014722506
2046692298
2074937290
2057830858
1520959754
1521021242
4206403881
4223181096
4227377000
3153635048
3147536088
3129640600
3129586328
3201083052
3188520621
3055292335
3057585326
3056470190
3069066430
4138601662
4155378863
4121691293
3559666829
3559206220
1546071820
1545940508
1558193700
480450101
480408087
480371206
481337878
475047398
470859174
335644838
352487567
922921103
906144141
637713805
571643340
573739388
576885036
581144876
580961597
585123613
576724765
857808671
1898057583
1902251503
1911700847
1907567919
1907615501
1907529229
4088432157
4155548205
3887104575
3887309614
3199444270
3195120686
3124071470
3141389598
3141160910
3107589838
4193914534
4172943270
4171972002
2561158386
2566400003
2558060545
2602166273
2585701376
2584650752
2588848897
2598277696
4208886464
3128591040
3106440865
3089678243
3089672679
2821511407
2822752383
2889832653
2889313485
2903991692
2941739964
2933146284
2928951980
2944689853
2944755389
2776917743
2773759727
3021211358
2954171334
2956337606
4034274422
4042589287
4042523687
4042720257
3495308289
3495373825
1346665553
1355107409
1371950291
1388709011
1389757826
1389761410
1115034242
55923410
273969890
1347741538
1356115234
1347725347
1347795059
1395960003
1379380355
304524675
304531331
304497331
841351843
845550307
853550051
849356133
849355877
850419733
846225421
839933965
839929885
286441757
273859343
282232334
282234382
1347467806
1895082550
1895082518
4038494726
3770583559
3854470741
2814150341
2792334020
2788065940
2788029093
2787910309
2787910055
2787386534
2787384486
3890677926
3836090518
3836619926
3837404358
3854229710
3854147918
3854086927
3858273820
3833112100
3828917796
3828000292
3828006436
3760901860
3760900772
3761163172
2737817765
2733099174
2728839298
3802582210
3806778370
3798298643
3794019141
3794018933
3810992869
3777368749
3852731053
2778989037
2778991639
2778998790
3047434254
3051644942
3043289118
4125539342
4121854286
4106126286
4106130318
4101801391
4097623213
4097637613
4097240285
4097240269
1966533701
1903586565
1941329733
1941390663
1404305735
1404318055
1408639015
1366688021
1366765845
276181821
275133981
283590157
284441113
297024025
297605643
67062539
50122506
58495754
22839770
5013998
823790
831846
68006370
340703138
344893826
496937090
515811459
1055426689
2120780944
1848153264
1848217776
1848619168
1848484832
1864688164
1831166500
1818632740
1685520933
1680868887
1680879166
1684022574
614534190
614599742
817237006
817761286
278730822
10279158
14466534
73180626
205422978
204362114
204354499
141439937
149828576
196028320
178531232
178285440
1256442752
1248037760
1582407568
1582347173
1581294309
2118165231
2109776491
2105582186
2139137646
4290885222
4278620962
4278620450
4245602338
4246425606
4229521414
4229577734
4229576966
4229835078
4229831046
3722316678
3753641910
3735815103
4272685981
3736343452
1590977448
1595204584
1544872744
2081860888
1947642120
1998039048
1985132555
1995610122
1987479562
1983153354
1916567690
1899790474
1882636730
1962332847
1958138543
4105589415
4104468134
4033095302
4045678214
4079232486
4084098150
4088286246
4054731783
4054707460
4088196356
1932324356
1932324380
1932400204
1933444860
1912930980
1942225829
1938030765
1938235565
1938039021
1904484557
1905729740
1373033544
1363463464
1363462440
1397017368
1397086728
1398225416
1402355208
1368793608
1371415131
1354506730
1086075050
1081868458
1075577066
2087962
1030154
894986
270379022
320776206
853190662
1926927367
1926922244
1918533892
1914343936
1981461056
1715122768
3878335200
4012621537
4012432354
2951272674
2812827746
2762479718
2759408886
2755272838
2755273094
2759467670
3837334183
3837526693
3769369253
4037808823
2968260997
2955170949
2419424412
3493259340
3493259276
4030130956
1899413020
4085158412
4075729420
4075586057
4071392058
3802959146
3875375402
2789054762
2789062970
2787945738
2922160394
2938945802
2838430010
2821587818
2825786222
2833916782
2829591910
2847413750
3183023239
3166252164
4242025604
4233952404
3708616084
3708612484
3742199684
1594320772
1443259861
1447448951
3621126198
3587571734
3587506182
3570667542
3302228006
3302228014
3298104350
3298239502
3298190350
3298256139
3315062043
3348481849
3354740569
3329509321
3273983945
3273982937
1126503337
1093022713
1097216968
1105662792
1105531672
1097094952
1092941608
1126475560
1126477129
1176804810
1176866186
1181715866
1458540474
3601774522
4138186154
4138049962
3064837035
2796401385
2817237736
2804589160
3056247336
3056296488
3190305324
3190301231
3190305574
3190358054
4276682806
4289400882
4239003730
4239049795
4239033412
3702164484
3707545604
3694962980
3695094272
3560881664
3560887808
4097655521
4097589926
3023839910
3078362534
4159573158
4142794886
4143847558
3741264006
3738445974
3755222262
1452548334
1454711022
1454846318
1471488862
1471939341
398218024
98362152
72725816
69177660
69177660
339647764
874424580
807315717
538806535
541886659
592414849
570852480
571904128
574026176
572924656
572991200
573910757
573583013
598742703
598737327
563347598
563347598
813969614
277098502
12894486
368438
1485618
272017714
276211986
904308739
1051625475
1051364419
988451009
976203968
975536304
707170544
706916576
1798480352
1762780640
1817241057
1825596834
1821452210
1824665218
3963763329
3825277584
3825216160
1682188960
2006202912
4072410912
4071359488
4071292928
1923752130
1386882178
1383693474
1396332706
1345980546
1346243714
270991746
274928018
279131109
815801197
815801128
815852297
820029977
811637305
1882307129
1882373657
1345492744
1349616392
3495985672
3504703000
3504776748
3496388140
3563512356
3571905061
3618587455
3602792734
3736782174
3739933166
4268341734
4264081894
4281182406
4012816590
3861222606
3862200575
3861938333
1712476301
1712464260
1729241764
1729242784
1708205729
1689257634
1689257638
614469974
614470670
614480910
618719246
627091470
660646159
796113165
796105549
779328205
774999677
774999660
775006757
1863560737
1813180193
1681026336
1680999456
1617101856
1621298272
1621236880
1638280065
1655061121
849742466
853871234
853871538
849419426
1923101858
1940976802
1907400903
1907400781
1408478781
3614681661
3605244479
3605129790
3349363262
3349285422
3315733806
3299225638
3433431078
3438477558
3432169615
3444805836
3440420168
3472919320
3473058568
3439504139
1275505422
1543941902
1544999694
1549583118
1559773790
1555710713
1572487916
1610311404
1584951276
1580791244
1580957900
1580892365
1580826719
1601998975
1568441727
1551798111
2084481742
2101259998
2101194231
2134685095
4286349479
4257186231
4240343701
4238267024
4242399920
4229718688
4246496160
4145815713
4148040865
4143844529
4160097409
4155919745
4155985792
4122242752
4124339792
4124370468
4126471716
4160025380
4151693605
3077947669
3061110047
3061181743
3061296430
3067326254
3066158966
3082866126
3032610190
3024352398
3024277686
2756886695
2756886759
2756866549
2773706101
3799262780
3799266876
3798283804
3798416925
1647656509
1669087022
1669078062
1643972670
1639844062
1637801102
1641933966
1632412814
822903182
822772366
818582198
818541094
268968482
1343758882
1345856018
1344939811
3232377889
3232372768
3232368640
3299477696
3484028032
3400129664
3400064400
3400293793
3400277411
3400284130
3403687778
3391103334
1243750774
1243750726
1244804550
168036806
172239269
180644260
197459348
151314844
151314844
218223020
251892140
201499116
201561589
474058103
475052918
483507158
483638086
1153669702
1203995398
1187152654
1321386766
1322394394
1322328362
1318138154
1335308585
1335243816
1303779368
1165232168
1160005704
1092930760
1092914568
287606153
333813659
866631610
853983162
846643194
842458490
840359979
857104427
857153593
822423577
822951976
810471720
1884273448
1892452904
1891928648
3770981064
3788290760
3800872648
3800937096
3801002632
3800994475
3814515370
2736005802
2687763374
2686452910
3760405694
3764530398
3772917838
3785517134
1672669198
1991501838
1985144894
1985400110
4132894078
4158056254
4124468055
3587597143
3569755127
3569820663
3703837170
3703832946
3704029558
3436126518
3452772670
3487375642
3483331849
3349084424
3351169288
3355232552
3309107560
3292366280
2217657288
2217673480
2356089608
3438163737
3438160687
3454937966
3471716334
3467580806
3467379078
3466854838
3466932654
3463471534
3457212846
3472941487
1325441421
1291887048
1292083720
1142133304
1412928008
1411759624
1952754200
1944881960
1919781160
1915652360
4129987400
4129982152
3727278729
3727442619
3727557546
3710259626
