627964279
627964279
627964279
627964279
627964279
627964279
627964279
627964279
627964279
627964279
627964279
627964279
627964279
627964279
627964279
627964279
627964279
627964279
627964279
627964279
627964279
627964279
762165623
762166647
1030599158
426619382
460173758
460173754
191739322
1265482170
1265465786
1269381498
1235827002
3383310650
3383377194
3383375130
3383239946
2313684234
2305299771
2305326427
2313776987
3387551739
3387684793
3387540377
3387540377
3379138968
3379148184
3379142584
2339101609
2334907307
2334911339
2339106570
3412844810
3387547914
3387543867
3387552040
3387679016
3387674984
3379284456
3374959608
3374959576
3374967563
3375098634
3375099146
3387678986
3383345482
3383345514
3383345642
3387544043
3379163579
2305549721
2305551803
2305420779
2305420283
2305407963
2313924443
2313922331
2313810714
2313798427
2347364635
2347491627
2347393067
2347463721
2340242729
2306688328
3376371144
3375055816
3379251144
3379119496
3379123592
3379133689
3374923001
3374914633
3379246089
3387569419
3387565851
3387564858
3379110714
3379049274
3379049274
3379114874
3387503482
3383441018
3383451258
3383320442
3387449210
3379124090
3379163483
3387547977
3387679177
3387679225
3387552233
3379154409
3374958953
3408517498
3408652570
3412814090
3387647242
3383451914
3383476506
3383345531
3387539817
3387543913
3379155304
3379164664
3379164664
3374972376
3374968281
3375097305
3379295705
3379295689
3387686345
3387686345
3379158393
3374964075
3374970235
3374953802
3412828490
3421086042
3421217258
3387658731
3370881192
3370881208
3370758552
1214903704
1277939384
1277906604
1277827756
1277831868
1278880397
1329261454
3458121094
3327628486
3327439222
3334246710
3334308406
3601564215
3601379876
3601375780
3592988204
3056109100
3190394668
3190459756
2922024424
2888470216
2892664523
2888474186
2821430795
2821242411
2825449001
2900948584
2900948968
2892526504
2892522424
2888328109
2892527021
2766687661
2767014077
2767149247
2767091855
2783340687
2808507790
2724619662
2724619150
2724675982
2724528574
2732860846
2732862958
2799971694
2800033050
2792307978
2792172554
2800233530
2796106794
2796109866
2812919866
2812850265
3081281864
3051987528
3039412808
3039413848
3022610024
3022731816
3022727976
3026925689
3035184202
4108926026
3572173914
3588885530
2548698122
2548755466
3601572874
3601441802
3601441034
3601371659
3735585336
3739783720
3660165416
3660153896
2586412072
3123350568
3123354664
3140139849
3093995083
2833944139
2833878537
2825426457
2825451112
2892556008
2900911784
2900895657
2892502699
2758293418
2758292906
2758294698
3035106478
3030912190
3047754895
3081397389
3081429132
3069878348
3061491465
3073023498
3073031738
3173640746
3173575210
3177732906
3177712938
3152610346
3152740394
2594897946
2594910282
2594775243
2598909147
2607291563
3479903401
3446283449
3437902984
3303699848
3320544648
3320446860
3253305244
3278602140
1126923964
1126852540
1126855677
1093297118
1097687550
1097650686
1080873070
1349292142
1366069307
1399493643
1399503881
1382791433
1986640665
1982446105
1982577177
4281073177
2099865144
2020151848
2028667432
2028929576
2028811048
2020353064
1484008492
1500849196
1498821647
1497510926
1229091854
1237376286
1270922542
1249951022
1249942842
1250268218
3397881914
3398340666
3398340666
3398169658
3393780794
3394849850
3376039994
3376044330
3380248426
3388637050
3388501322
3422057802
3420983387
3412590681
3412787289
3379171673
3379181177
3370789481
3370744425
3370703609
3370711689
3454596745
3488125576
3488125832
3353908136
1189733032
1199137448
1161377448
1094327944
1092491980
1126046220
36977461
36710709
36976901
41292805
41299972
40243200
40243200
36044816
36045872
57085232
124590384
124591920
124591664
91045424
91061809
91062065
91216659
225429778
225151314
225025490
208246258
141144498
141144498
149664147
1223406481
1219211921
1219211920
1219213044
1219231484
1219096172
3366497832
3370692392
3639127336
3630740776
3626546744
3626541656
3626541640
4164530888
4179215064
4178166504
4182504424
4224704873
4224705915
4023252314
4292724058
4150118266
4085106650
4085075850
4067250074
4067233210
1919753386
1382880442
1382355098
1390743690
1403326618
1369845898
1358311562
1081499818
1077174510
1077701870
1081932014
1106835582
1408957518
1454023758
1458217039
1592369244
1592303656
1583931688
1600710440
1550581288
2020269608
4167753256
4167800360
4167610920
4167606824
3915952680
4217934392
4217942552
4219008537
4198071931
3728284266
3732609898
3597207594
1458112554
1122568250
1122702350
1122635782
65671174
23724034
8007682
8003586
8020034
24827074
58428626
40601746
40605874
40482994
41531570
58325234
24738034
7944242
7944243
7945521
16462384
33235504
66790096
66806416
65782400
23824017
6916753
15305363
15571634
15571634
10862514
14989234
1089790946
1107092454
1140631526
1134407654
3264856038
3264986614
3264978390
3264845270
3271074303
2464719357
2456330748
2456396136
2452599080
3073282600
3022950952
2955858456
2955301384
3760460312
3760468520
3760469800
3831766056
3840150569
3991145530
3991211018
3949792330
4214033610
2037189850
4192804074
4188615802
4188631050
3685339146
3685462042
3685457962
3668680746
2594939690
2599133723
3664355864
2586358392
2586415720
3123286632
3123417192
3123368168
3127558376
3089809864
3089782472
4230635208
4230630088
3966356200
3974692584
2762532328
2762536443
3836494282
3840688730
3844895338
3844944490
3877974650
1731015434
1731014730
1735201914
1638872298
1638743226
1638743178
1940724874
330112138
330159242
334468234
61845898
1134997898
1134997946
1135010218
1135010218
1139696106
1131307502
1131292158
1131097342
1130970366
1139349726
1105861838
1105878222
1101716558
3349804127
3353928813
1206444396
1172878188
1290318380
1290383916
1282381356
1282399800
1210441276
1210382892
1478553132
1478553132
1478555436
1496380185
1498525962
1539412250
1522767162
3670252842
3670120506
3670063162
3670325306
3670391866
3670995994
3662549002
3662286858
3393860922
3402241834
3403286058
3401254442
3401123594
3404207370
3404223498
3395874907
3395875193
3396071769
3412775241
3379217737
3362409803
3362331131
3429378475
1277700539
1282096539
1156191112
1151931016
1151873720
1152914088
1081620136
1077419688
1077698236
3997404
1371716
5560068
26662149
64415041
41346113
37155904
37112896
37686288
37622801
36573457
40829203
49230610
66019890
32465458
32364050
82693650
78629650
78367506
78371603
99220241
124315952
103343392
103342368
103338016
241860624
241860864
258650437
149599060
149657180
145460824
145463896
1219074776
1223211640
1223224936
1491658344
1483534952
1483502440
2020893480
2014651193
939860779
956375866
989929786
990064666
977473562
977469466
985728090
1053049946
928304346
391498906
326470794
326470794
325944458
317167002
48600506
44421546
1118163882
1118229402
1119802250
1123738090
1123721706
1123591274
1123597438
1119468622
1186640974
1189781583
1315610716
1315696664
1311469624
489369656
472518696
405411368
405413416
409865784
418317848
417608200
417604104
410264089
408180282
197418554
180710250
176515450
177027419
176953673
245108057
116983128
107675772
36372604
36307028
36311232
53113025
53100993
53202387
57264562
57268658
57276850
57277874
32111026
32106930
15329714
15325682
11131378
11262322
28031346
27895139
32023009
23699953
2863489
2785665
7046529
15435152
15452080
11130609
1088972387
1088957990
1097346598
1097628462
3225180462
3225188650
3254319386
3281556746
3264971018
3332014858
3334177402
3334054889
3337134568
3328750056
3328741864
3593049576
3576335960
3559558664
3559579144
3559566856
4096632344
4029462072
4096579112
4100769768
3035416507
3052193434
3186377402
3178037930
3178042282
2670408938
2674603050
2678795306
2611686458
2611635210
2611733514
2594938890
3672870921
3668672824
3672740216
3672678904
3660091512
3660169336
3660234856
3744088168
3693756232
4230621768
4234808008
4238953176
4238933752
4238927576
4104962808
4104946424
3035398827
3077346986
3060643498
3194480554
3194447290
3194302874
3211002010
3178692858
2633896170
2631803002
2631541882
2648187994
3734512714
3466155082
3466313929
3468284104
3472486616
3463049464
3458846968
1311396312
1546277576
1546278472
1546259976
1546258952
409733656
1013738024
1009543721
1009549098
740560218
623119770
660669594
643891354
644952250
641802426
574824618
574824618
868360426
834822378
830660858
864469210
851739866
851745978
843353258
843876538
839764122
302971034
302676122
307919258
326777818
284831451
283864795
279707209
279688713
279553560
300459564
317239084
308841772
304647213
37472319
36325398
36321286
37365778
41560370
62524210
26872339
28974593
96085504
82452992
23745024
23757312
19628800
19628481
23822737
74023571
82412275
74027761
204052021
1277804092
1277803064
1496902184
1534650920
1526233896
2058899256
2042103800
2025330616
2092446635
1559765418
3698861226
3709363370
3608700074
3590972570
1447682186
1456054410
1386131594
1386131850
1390338490
1384116394
1396524203
1362035947
1348867323
1348875483
3521518715
3521584235
3521386810
3252976394
3248777802
1084615258
1084751386
1139717659
1190040073
1181516056
1315472424
1315480616
1311288364
1311353916
1311439884
237657100
221121796
204344772
204409746
209533858
217852834
77081506
77081522
77213570
79300482
11142082
11207490
11060049
32026896
23703824
23826688
23823120
23691824
23634464
86549029
69905935
204131855
204196379
136956475
417913641
1488518440
2109242856
2109242792
2145942952
2137580984
1463412665
1463411642
1448735162
1457385898
1389228202
1386209450
1386127530
1386143914
1392435354
1383977179
1378697433
1378832601
1395012827
1344681034
1080442122
1088822042
1084693018
1084521018
1084549690
1084553786
1101839898
1118671386
1391432507
1458536760
1449760056
1583922232
1579723820
1579727916
1579875356
506076172
522849284
489294036
422185697
158014178
229194466
262679122
262679042
245902850
111879682
111805186
65749250
65650962
65634610
32080178
23691574
74158366
82425659
82427705
216644153
208255544
476690968
405315128
946380328
1014543912
1014543976
746125032
610827944
623390376
1999191737
2000240058
1920679082
853484714
849289386
849158282
848261258
311390394
315547818
307650730
286672281
288783757
270953933
270757853
291531757
291531631
299924350
300120926
283310926
283360522
274840890
1356903466
1373942842
1923396890
1923456538
1924111928
1991089720
1986902584
1982643000
1445976104
1445349420
388368444
388368404
522590228
523577458
267725794
129380002
127272594
96339586
96405186
78464578
1169002242
1101632530
1101770770
1101766674
3249123379
3249049632
3303584096
3563628260
2485893804
2485820060
2485820060
4096498328
4029406904
4029182632
4029428392
3777245929
3814990314
3814990058
4091821290
4058331354
4126554314
3585489098
3585489098
3584965834
3584827594
3349958874
3333177578
3333013738
3334201578
3334038762
2264427754
2255084795
2271989211
2238354905
2221576664
2229965784
2498335480
2498278136
2498275048
3035148024
3027025528
3022822952
2754453032
2704121384
2703537704
2703533608
2703291945
2703345195
2736867179
2791376250
2791378234
2791378202
2791512090
3068606490
3202820122
3199150106
3199151130
2666139674
3739877386
3672768522
3421114378
1240076298
1235948555
1269374008
1256741992
1248352360
1244200312
1244396616
187348168
153810123
153867466
137053386
137043162
1214978298
1223375210
1219181162
1219181162
1286156026
3433571978
3433576074
3433566875
3299357369
3303568056
3303667384
3303667384
3295215528
3291279276
1143794604
1144318884
1127607204
1115024372
1123281364
1114897860
36893888
35836096
36098240
36065472
52900048
2240721
6427073
6423253
14877303
14698030
14738986
14724650
14724650
333495098
316705050
316966938
384141338
1449626635
1986896904
1982636088
4130058280
3861549112
3844772376
3962213912
2888474168
2892663336
2892597800
2892823080
2888625704
2888627752
2888585768
2754368232
2758546344
2759590328
2766996924
2783513788
2783526076
2779462837
2712632503
2712560790
2746115214
2750308814
2741381086
2737256158
2736996302
3810601438
3814729966
4091545838
4087549114
4053927114
4054987978
3518112970
3572706378
3304074266
3299093802
3248831786
3248829738
3282900250
3266056202
3333162074
3337356539
3328984297
3328736440
3328801944
1198224776
1298887560
1282110168
1282372344
1278079544
1278013976
472184344
472184376
472163896
488941339
522298138
535016202
1589098250
1589092107
1320524600
1320524664
1190517240
1189955992
1114443160
1114572168
1122632073
1122632090
1122640378
1131290750
1097736214
1076777986
7230466
7263298
7271490
1089467602
1097856466
1131410834
1123792338
1123798482
1123798994
1123606515
1122561953
1139338661
1105784228
1089174964
1089164692
1080652212
1076425637
1076687853
1076687471
3223642926
3227903774
3236425482
3236294426
3232037674
3349474090
3332697066
3333221371
3333216665
3337407641
3261908120
1110294680
1110434008
1110335576
1110335516
1109798940
1126576444
1076246325
2233909
6430213
6426113
14812673
14681601
14693909
98580021
124018471
103078198
1176934662
1193711618
1198427138
3488251971
3450372433
3433599988
3433607908
2359993076
2359993076
2632685284
2632818412
2624372460
3156519532
3173296744
2904865320
2905906729
2939469401
2939463243
2942677531
2775437867
2775433771
2771239531
2771244907
2771253241
2741851097
2741981657
2741981657
2808943033
2808418746
2808419770
2774867386
2775005338
2917611674
2917611674
3182377098
3165595786
3165469834
2628719770
2628653194
3703451787
3451347081
3451249080
3488981929
3471946729
3463681003
3459485547
3459353387
3325077819
3596675403
1449191881
1449207944
1382169784
1394744488
1344406936
1344407432
270665352
807478936
811623080
820044520
551592808
551588136
568374072
836875801
1902231066
1898035738
1898020378
1361124922
1398873898
3554876458
3534167082
3601205290
3349548042
3350670410
3350682698
3321353546
3321811802
2281632634
2264785706
2263671594
3337420091
3337472377
3329083640
3261974712
3262118296
3228490632
3228487304
1076250248
1076249224
1344542376
1344546472
270544808
807415272
807414888
819999787
820064314
283209754
283210762
283212810
283203850
10574138
10688890
27408858
27404683
60960137
48453000
39965064
35766680
304120296
304124392
308324200
853655416
853647225
845257529
1914813241
1394851642
1361229338
1344714250
1345230362
1349506602
1357585962
1370036778
1370041322
3517655213
3517593772
3521774732
3513401484
3509239944
4045976024
1898750504
1898750507
1965338154
1969551914
1978530346
2112846378
2112568106
4251932698
4184331275
4192698376
4192698392
4192448568
4188119353
4187005753
3686834730
2604778282
2583901482
2584099882
2588294186
2613975082
2342393898
2308573226
2310539530
2292714762
2296907018
2313683210
2313699675
2313777531
2313937259
2313810283
2313797993
2305409385
2305414505
2305553881
2305553865
2305420761
2305420793
2305419643
2305555291
2305555275
2305515339
2313779067
2313778043
2313777531
2313769307
2305519995
2305519979
2305381739
2305383787
2305386859
2305419611
2313808331
2313812427
2313767243
2305379675
2305377627
2313900379
2313900411
2313909611
2313811307
2313793899
2305397113
2305397241
2288620024
2288628216
2288628216
2288628988
2288631004
2288761052
2288761052
2284501212
2284501212
2351609980
2351619196
2406112364
2397730148
2397714276
2398032756
2397835637
2397835749
2389447143
2406233063
2347569903
2347700975
2347700959
2313499343
2296659535
2296658523
2288269945
2288007801
2288003673
2339449352
2322804232
2320654857
2329080329
2329014889
2328928879
2328932975
2396030831
2396036975
2415239037
2281017077
2271578869
2272103125
2267929303
2267880054
2268019302
2267887974
2272082022
2280470630
2276407414
2276407382
2259581126
2263808198
2196617670
2188155798
2188222342
2187837319
2187835029
2187830964
2254944180
2250743188
2384894340
3475421380
3425105972
3425057044
1478896901
1478894343
1483154199
1491407655
1488257319
1486110759
1489298455
1489283335
1489283911
1489148871
1489148871
2076614101
4207251844
4198928772
4194730436
4194730949
4194754149
2047224357
4211419949
3909364015
3905174827
1753494571
1770324027
2072051769
2071990297
2071994697
1535127368
1535126089
1535142617
1539373801
1254218473
1254219497
1250025433
1250033113
1254489197
1245731951
1245792383
3393402958
3384961102
3359799678
3355630958
3355625342
3359672286
3368068814
2290132687
2290138877
2290129581
2294323949
2286017261
2285984749
2286033405
3359775101
3359775071
3376548159
3376757054
1527004478
1527004446
1510288654
1510302990
436495694
436494686
453272526
453260190
407122846
407187902
415576510
147272894
143080702
143079519
142940191
147266829
138818825
189165832
168182024
184926472
184862009
155516201
155494761
138783211
155629515
189699017
189694921
198083528
197628888
155554808
423927784
423930600
424127208
424065736
440835784
440762952
440910456
1514656488
2051527400
2059694825
985950187
985952234
985954794
985954538
977624186
977794138
977793114
977530970
973320286
436449358
453162447
457359311
440573950
1522571182
1522578862
1522578606
3678778558
3628514462
3636918670
3636886414
3632683742
2290424558
2290367086
2340694830
2328304926
2328298510
2328166462
2323976238
2323715375
2311263613
2294287709
2285915596
3355466188
3355474140
3355470060
3355535852
3376507372
1229138812
1212234524
1212234268
1212250684
1212250684
1208089108
1208090116
1476525572
1476443668
402701876
402695732
939914876
960888445
961019519
994410110
994410110
990246890
990245354
2034610426
1497739483
1480962185
1506129288
1506131336
1535490968
2072361976
2072493048
2055649752
4224104537
4182152281
4177952857
3641081944
3674652764
3674534012
3674497388
3678692964
3116789348
3095813728
3095809633
2558936641
2563129923
2563719746
2555135714
2605481698
2588900055
2588892119
2597092343
2597088743
2592891367
2613862887
2580349439
2563588350
2555146478
2555146350
2551133310
3624286222
3624286222
3641059406
3678877774
1523005518
1523006794
1522864458
1514406170
1514410282
1510289706
440737834
440475710
994059278
457194510
465581342
432091454
423833919
407073053
406941965
402715913
407240025
407230841
415603065
415611737
433044296
466531144
441365320
441357128
441422456
458208872
424458984
432847592
432863976
466451065
449740619
449728842
1514537338
1514471786
1510224234
453271931
423682521
406974936
415340024
415358429
415366109
432143327
457439742
440588414
440555598
440540174
436350990
436367374
453136710
956453750
943780582
943776742
952170478
952172462
432077742
465926846
466057950
466041822
461838846
461576430
461520126
461517903
461521999
465687805
188806381
184598013
1224777215
1493278206
1526972414
1510194622
1514257822
448837774
444659855
444725404
444759292
465704044
1480725292
1480720956
1476526616
1476462088
402680344
402713112
402713144
457227064
448838936
448836681
1522634824
1514311768
1526961260
1476640620
1476573804
3628251852
3636902604
3632660172
3636819668
3636867831
3653637094
3653501158
3653501158
3636724966
3636735174
3628428358
3628427334
1481108311
1481046613
1497782853
1531346503
1514632775
1514502135
1539584487
1506030050
1480922338
1480858866
1489254642
1489254642
1489320018
1506162754
1254521922
1246125122
1246121298
1241800050
436530546
436530514
440728914
440729079
457506295
424542199
407763959
961412071
961379317
994540503
977698647
977696071
977761558
977630518
977304678
994065510
457186550
432086230
432225734
432158158
432158158
415380830
415307055
415241263
138481693
138637581
134734089
134739209
134733577
138795867
138795899
138787835
164544459
198096843
198087627
181240793
198030313
156214265
156080104
147628008
1221372904
1217247976
1234090696
1233821384
1267386056
1267417816
1254626027
1254630890
1246573802
172962922
437195818
437212218
436728862
436527118
436527119
436510749
436514924
436589676
419878397
407035863
415432406
415416054
411156198
411090662
411090918
427884510
461438815
465597791
423834989
419566893
419568936
1476549928
2017713464
2025913688
2025897800
2025897544
2042740296
2042871368
2034482777
2068037243
2063859307
2063720042
2063619690
2051035514
2051084538
2051084538
2068002042
2068004058
994261242
994130138
968964299
969095371
969030731
969027595
969019675
960565563
956313899
956313897
960509225
960574840
968971608
968979800
968949704
969211865
960823259
944111578
952630778
952630762
952614122
952614363
952614345
961003464
960872408
961001144
960935608
994490040
994500344
960880361
960823017
960561003
943976751
2017628463
2017694527
2017563423
1480701709
1480703581
1480718965
1480841957
1489132247
1505893319
1539446214
1522663894
1522729190
1522749670
1522790566
1514270870
1514185862
1514188182
1530965918
1531230942
1531443806
1531345758
1531328830
1531321662
1531319358
1514603582
1522872382
1522610302
1522544726
465580406
465581174
427832359
142619685
146878780
147009820
134361404
134361372
134288136
134489864
134512408
134535448
138795337
138795337
155711817
189265865
172422089
172413897
172475353
172356585
440723433
457506793
457243497
457210217
457275865
465728971
197284299
197349850
146928122
138473898
138457518
138457262
138523838
138657174
138591622
146972102
147242182
147242054
138843203
205947971
222725571
1313244609
1312983025
1245939697
1246868945
1515320785
1515439473
1515640097
2052503329
2060690721
2059511091
2059510787
2051322883
704951347
704947238
704949287
705162279
705098791
705055781
709250365
718688061
718752317
718621237
717519477
717549557
709125589
1778738565
2047239557
2030454679
2018903703
2027359903
2025261727
2025130655
2024086134
2024094247
2025073199
2029268527
2027169567
1489248527
415506703
406855967
406872891
406906683
423671643
423673562
423739098
423869146
423860938
406952922
415349754
411172314
1501820362
1501745611
1501745657
1505907177
1497855976
1493661672
1527084888
1527052104
1531246408
1539700504
1506145081
1506145129
1506144617
1480978923
1476777467
1476778443
1480948170
1497856478
1506163166
1271282126
1271283022
1267077454
193400958
197472366
432369711
423949349
402963477
402963477
956607508
990231620
705147972
1778824388
1778816132
1778750884
2047195044
2064037540
4177983141
4165359271
4165342950
4173668070
4169611886
4169533742
4186245150
4224981006
4223933454
2060258319
1523389517
1523523709
1514889325
1514893421
1527304439
1493759175
1497933191
1482272663
1490783927
1509613207
1507516037
3653957252
3649761924
3716731556
3721192429
3755795823
3749485615
3727530030
4264532014
4264474638
4269190159
4275414029
4275409221
4266033492
3204895205
3205911015
3172140518
3174243814
3160804326
3185970166
3181792214
3182952391
3182487493
3182471108
3184568308
3209733748
3205609012
3188971060
3190969888
3190952481
3189838627
3177189666
3168866614
3165782086
3165783238
3165784518
2632997286
2624645543
2620438695
2654190791
3727864007
4264796229
4268863749
4269257511
4277577255
4294356519
4260747815
3983854199
3980353095
4248467279
4248531407
4013441263
3984068846
3992465646
3975684334
3971573214
3971608286
3969645310
3990551518
4292786510
4292249678
4269182159
4269257951
4264948221
3996512765
3996500989
4000731629
4009190893
4009061741
4008979821
4017368413
4286002508
4252374853
4260497365
4243791861
4237311925
4241501109
4241570743
2085822103
2085752471
2085815957
2094006933
1552950263
1569775895
1571856663
1604362519
3756242230
3747855670
3726883094
3727800598
2521930262
2538768918
2538785286
2538737158
2513830518
2516390498
2382114850
2376601634
2359820322
2628403203
2628445185
2628430848
2645268480
2649266272
2674428772
2653456932
2653481476
2654610948
3728351757
3745129022
4118418222
4105699374
4239918190
4238888126
4243118223
4234721421
4234975373
3710683533
3745352588
3726032836
2521214916
2538008404
2537973540
2538034980
2647123748
2677532452
2677462548
2663290435
2528941810
2533144546
2520547810
2520761526
2519628982
2502830290
2486053058
2490251458
2491291714
2633897986
2633971970
2632724274
2649499170
2646495795
2646528513
2645873216
3755262944
3725624224
3724575652
3724776356
3724719031
3657607110
3657491918
2046846222
2034400270
4241914890
4244523290
4239019833
4104773240
4243128040
4230522552
4248347544
4281905544
4135354520
4152148136
4152250797
4252923887
3723374574
3724423150
3707583982
3707509246
3715897822
3716103374
3698733262
3715592270
3724005471
3723866399
3715409183
4250188079
4283738927
3151079983
3201743679
3201735951
3201732941
2924904924
2924986796
2922759084
2905949868
2889240236
2893156020
2901618324
2901419733
2900370935
2891982182
3160415334
3169913974
3182636406
3182640502
3216186646
2662536454
2666747142
2666689543
2666783799
2658190373
2653998133
2671107093
2637618436
2621373380
2625564356
3707424389
3707455125
3724089015
3724031671
3581687523
3581686243
3581682018
3581154338
3564377107
3296144387
3296078849
3296099329
3311828225
3354264833
3354146099
3333170466
3334022946
3350935334
3348706854
3347592750
3448247150
3448242682
3452453002
3444170891
1225384072
1208610184
1208601480
1208601496
1208732633
1292556682
1326102922
1313514634
1321967770
1317642682
1520021945
1604026812
3757675452
3749226476
3710433252
3744176116
3745169348
3745165268
3755646948
4158556644
4292790752
4250266576
4235586128
4231374416
4231115280
4231262737
4231189059
4231156291
4231213682
4247802978
4293970978
4136683554
4136683554
3063003138
3063392258
3065423873
3065420832
3070133348
3057504756
3074245589
3074294423
3040740086
3023963750
3036159526
2494045990
2494053422
2426938430
2426938382
2426942479
2159727692
2226819036
2499321516
2507713180
2541272780
2520494028
2520426476
2520359916
2987950845
3071902431
3037382350
3038412446
3025808302
3034130862
3170375918
3036417262
3027514574
3027640526
4118159566
3564249566
3570468782
3570415022
3586155942
3586188726
3615675870
3615920607
3599668509
2527036684
2532937476
2520362772
2536226580
2537209668
4148084676
4150195685
4133344743
4128527847
4063560166
4063625414
4063633622
4051054838
4034265303
4041625926
4041626958
4038577743
4038380079
4042586671
4057262639
4082433567
4065776143
3069334285
2532462876
2528268589
2532402221
2530502693
2538924069
2501298181
2484521221
2489224967
2495252037
2495271621
2495275733
2628313825
2649253859
2603097570
2586315234
2586511458
3127515170
3135911970
3198889042
3215535298
4260048005
4230692228
4230483844
4231540388
2084384420
2082285220
1826366189
1686397743
1704255774
1972432907
1972404235
1909690377
1901560840
1879475480
1880002392
1347419080
1422158536
1418009305
1419119481
1425410863
1417030951
3559073047
3290849539
3290886403
3563492099
1441170243
1454277331
1189970898
1189975506
1189975282
3338663138
3330110690
3594265826
3592234210
3575526899
3579721603
3590219459
3590258369
3623870147
3623732931
3606878163
3606882163
3606898035
3606898037
3623675236
3615319396
3581760868
3577562468
3577564645
3581902837
3579801543
3579826119
3579825879
3571439255
3567248007
3568825031
2495071191
2511655399
2515853799
2502223075
2535748707
2535939411
2535871825
3598644593
3607094581
3606966549
3606900997
3615339781
3581785367
3560936823
3565068151
4101955062
3028153847
3028080119
2491241973
2508133845
2642353527
2641836599
2683779622
2616539686
2612280870
2595500854
2663129398
2661830710
2661863655
2666037413
2670231732
2636678276
2636688772
3711545220
3713707956
3722110629
2640193197
2635994716
2637565452
2637564428
2641169196
2649499948
2645305388
2645353484
2611851277
3686567942
3667427430
2597884134
2585297126
2585624806
3659448534
3659407558
3659407558
3642695878
3697092590
3701354222
3701344939
3701295864
3701263048
3722226376
3726420552
3726421324
3726287180
3726283084
3726279004
3726279149
2656736239
2681989095
2648238039
2631460823
2631428087
2623222759
2621309413
3695051061
3699310869
3707572501
3707576597
3707707653
3707708685
3715894591
3611053103
3611089003
3598622154
3607007179
3602681545
3601630936
3605836520
3598492264
3543966312
4047299112
4047364728
4051682888
4051619577
3825125866
2818353258
2818346106
3084682506
3072168458
3037721098
3037721166
3037360894
3038324398
3218613670
3216507046
3215589510
2679771270
2646221971
2646090913
2640866465
2636704945
2636967057
2670634227
2653338642
2653326338
3727096834
3743837442
3475389698
3446541590
3706391846
3634961702
3634957799
3635943852
3635943812
1224223108
1226325380
1262040516
1245671756
1245606157
1245634830
1245701438
1258087726
1268561711
1218229037
1217172076
1216909916
1216905804
3365517148
3369844588
3361716581
3357448421
3440281797
2400110661
2399590468
2382875908
2656452916
2660680484
2662785572
2595742260
2593514032
2660557537
2660557478
2655284902
2651065254
2652178598
2534803622
2534815894
3591776390
3594661062
3594772486
3599803142
3600065030
3602162198
3602232119
3584524581
2498659684
2485816796
2486864284
2486950300
2486894492
2486890493
2491115501
3053025261
3052951549
3053221885
2507962365
2675801565
2673704413
2547871197
2547875069
2547875071
2547866846
2550093054
2550026494
2550026726
2550092646
2549961526
2516341558
2491168566
2491166263
2491230775
3565099543
3581811223
3588103693
3583906573
3587969404
3613151340
3608973548
3607930104
3607407756
4144273549
4144269519
4148529358
4115041102
4257651214
4249284126
3159810590
3088441886
3092640318
2832527918
2828308781
2828316964
2828317012
2840892100
3138683588
3138569860
3188117412
3188124837
2856675495
2877638822
3112585398
3112586438
3181272262
3185473351
3187217943
3187487251
3187422001
2650567009
2650567136
2631684576
2623492544
2623497664
3645763028
3747479029
3755998679
3755933127
3755924807
3758083414
3715945975
3715945975
3716010479
4252357103
4283822583
3746882390
3730106198
3730138998
3730798454
2656991062
2673759511
2640266551
2650621237
2629653877
2629825885
2629817821
2629687260
2633824253
2638018541
2638006247
2638202871
2638116214
2640143734
2505958710
2514351446
2513958214
2648630598
3722368327
3722397015
3755756901
3757898597
3690785573
4219333428
4214742788
4214736644
4180841236
4180849204
4183011876
4181766756
3913327332
3909149397
4244698805
4278386085
3208805543
3217508518
3213297854
3214297295
3219029199
3219057743
3187594527
3053164349
3187259165
3187192605
3176706877
3176698685
3176764013
3176920687
3172722415
3172691678
3172695774
3206103038
3212580334
3086746862
3082092766
3216389327
3216401615
3186978047
3178560623
3174358318
3174554974
3040278094
3073897039
3071668815
4149535455
3075273445
2815222245
2781734372
2916019436
2890848348
3159804188
3159804732
3178682909
3178651151
3208062478
3207864846
3203674414
3199467630
3216261358
3182706862
3182842046
3170264199
2618715271
2618747781
2618714804
2638704308
2681548420
2681552516
2675380164
2675314677
2675318757
2641829349
2650021367
2650023383
2633770910
2650563486
2646368958
2646369966
2683856558
2675474350
2670251502
2670316590
2674758718
2649534478
2644877319
2628247815
2632442639
2355582511
2351107631
2351041319
2356283686
2354456850
2362845186
3436581891
3438612480
3430678544
3426566144
3312369920
3354034496
3337520064
3337588464
3329014496
3324881584
2251209604
2251217796
2251054068
2273063212
2415670063
2411471406
2411602730
2411275050
2377658666
2377662570
2365096170
2354614426
2618856586
2617871499
3691747465
4228557192
4228622728
3960056456
3976965768
3859461768
3860509321
2787017435
2786509803
2788615147
2787467757
2808353261
2808420221
2774939517
2766550908
2766618492
3030652252
3030651997
3030660173
3030873167
3048699087
2545382606
2530602462
2530603006
2522218406
2524313574
3077952486
3044524886
3027489031
3026448661
3026251821
3026252844
3023174684
3040083204
3077766917
3086147093
3216131831
3216180223
3212050926
3207860718
3208057322
3211935178
3220319563
4289934799
4293945323
4285587947
4247843307
4245737929
3708830539
1564507915
1564633387
1598187818
3746715690
3748808734
3748938766
3748970574
3587686862
3570844654
3570856638
3583410839
3617490581
3600656052
3600605604
4141408420
4133023908
4063805612
4080652524
4047172860
4030393692
4030390029
4051357212
4060007996
4093494812
4093440525
4093501965
4085248541
4051399451
4034549018
4101655850
3036235886
3032041710
3048824030
3048857038
3081631118
3085824926
3043877806
3045057455
3044471487
3044463327
3027588855
3027529703
3157536743
3157274599
3161470950
3186832246
3165803350
3165802758
3165712694
2628837414
2633031734
2641417239
2641615879
2670917895
2670910215
2654390789
3195456021
3195903796
3203183908
3202916644
3194663188
3194655045
3191522261
3208369077
3157915047
3162074535
3027989927
3036218791
3036414375
3036488183
3044483543
3044488663
3044357590
3050577398
3050659182
3046595967
3046571855
3082813263
3086876493
4152157535
4147963263
4148027519
4148162687
4148064381
4118761853
4116140909
4116141933
3050823293
3050831453
3218472525
3218407245
3210540893
3210605437
3210670941
3212825469
3179139453
3179107693
3044889981
2490973565
2490973565
3564846461
3564846429
3724229975
3724086647
3623427446
3606658391
2533047319
2398819349
2390294544
2386235392
2407145473
2361008385
2361078323
2358851170
2358785762
2358787746
2358779558
2362985894
2381925558
2239495366
2272914438
2272914695
2273045765
2281368860
2281663276
2205948716
2172389932
2164197916
2164136476
2164076332
2164014892
2180779311
2172388714
2172474730
2172474746
2172482938
2170385754
2177758554
2177752410
2177760730
2170419674
2170419658
2172516810
2172648394
2171599691
2171599691
2172649307
2170550139
2170549625
2178937209
2178807161
2178783097
2247991289
2280497145
2280634873
2398075375
2255470063
2255076847
2255074549
2255205525
2267788432
2234234000
2151330960
2419767184
2419762816
2419779268
2423942853
2440724053
2440578917
2469943141
2434328365
2975397661
2957573645
2965937677
2965933583
3033106239
3033175406
3041568110
3210454366
3191519183
3195713487
3195721421
3195717533
3195557804
3191354348
3208131561
3174573801
3161073258
3052088874
3047698218
3081256314
2460488906
2460552330
2461731978
2465807514
2482576555
2482701499
2205906057
2203803785
2199511177
2199508057
2199516217
2199645469
2180688445
2444929597
2444930589
2478554653
2209986111
2214102575
2541258535
2539160038
2541322727
2541458599
2541409463
2541419671
2541680775
2671700101
2675894661
2675899269
2642312917
2642245333
2508023381
2491164503
2490904439
2490903846
2490969382
2491092278
2491092246
2499495686
2516317710
2545542671
2549675581
2532873773
2524483372
2524482940
2457373820
2457459804
2453634136
2453552473
2470330361
2436766459
2422087359
2430484415
2224895422
2224829590
2224829590
2359063702
2359098546
2382159090
2390596659
2385157139
2385161217
2318052353
2590682113
2590745617
2587402273
3659063521
2602164405
2551968183
2551902645
2556059541
2631535236
2633702020
2633591508
2633595604
2629597781
2683101013
2666321783
2666320230
2666451430
2666451446
2666484183
2667319799
2407280869
2373723237
2354916397
2354981181
2363361597
2225019677
2227120669
2227140101
2227028501
2226946933
2159837671
2179760551
2171372967
2167184294
2200943542
2200877974
2185149318
2201923015
2470372551
2474501207
2541609079
2505961783
2489308471
2497693495
2497697591
2499800855
2491280917
2490956341
2506869364
2540358356
2531970948
2531837844
2531849636
2532893604
2524504741
2524701366
2520479462
2520325862
2519207206
2519206950
2515078198
2494180374
2225744898
2225748994
2225748994
2229994754
2221410099
2271770416
2264594240
2398790976
2398729552
2398651764
2666044788
2675547508
2642066668
2642324717
2669534446
2667859118
2533629118
2533825694
2500214206
2483431086
2492342974
3566088862
3566015119
3565965965
2224612956
2245570108
2205785660
2171309596
2167129629
2150289951
2150265470
2151350782
2153514174
2160872622
2156686574
2156883054
2161044494
2178864134
2172551431
2213126421
2213126421
2213192452
2264569604
2264633316
2522389988
2522398116
2451160212
2451168404
3526972604
3527029916
3594399900
3594387869
3581805501
4109308653
4108612205
4104446509
4041269805
4042301980
4031816200
4027616776
3540027928
3590580792
3594709545
3603097901
3604109351
2463501345
2440364049
2424242192
2420002832
2422132752
2430517568
2426307264
2476638848
2459931283
2461840034
2466030242
2457657506
2453426342
3509390494
3492415630
3492419726
3492685966
4033752715
4042206856
4037826184
4054636168
4055694984
3551313624
3551307496
3555485416
3530302185
3525845675
1378562474
1395261610
1365902506
1353332906
1353394330
1353476298
1370286282
334280139
309166411
304513289
304578873
304132397
287367469
270659885
1348664621
1348664109
1348643613
1356966665
3504585673
3521552011
3555167883
3539453578
3539403450
3539280554
3261342634
2195988650
2196508906
2192310378
2192379947
2192519179
2196709386
2196517130
2192322826
2209101114
2175630634
2158999850
2158991658
2162788666
2154596827
2171373977
2171438472
2204996296
2204996296
2205000440
2200806120
2167235304
2234331880
2502759147
2502758635
2515338346
2494236779
2225813531
2230003721
2351573001
2351835145
2351918089
2382191881
2409482011
2392842538
2392252714
2392252714
2392248618
2394407211
2397356842
2414134058
2405728874
2372255354
2372909946
2372778490
2406325738
2406069434
2403054746
2402989451
2369693065
2369760392
2403158220
2383874172
3323337836
3323340076
3335922476
3331728180
3332338245
3302880837
3294285761
3225062849
3229272385
3237566483
3229095971
3223857511
3257413095
3261740979
3265988499
3265790643
3267101347
3281269667
3285198242
3254844834
2182121954
2184349954
2183309570
2212670722
3248727826
3231822387
2158006881
2426442464
2422245088
2418069216
2418285137
2418481955
2418423842
3508939810
3534103554
3534107842
1453732997
1453720708
1186204852
1179917476
118761964
68495820
70659404
70663516
7619948
16041325
72388983
340828502
356753750
1464049942
1455599894
1456649494
3600006454
3604069671
3528498469
2471529765
2467319591
2434140711
2438076966
2513582694
2513641206
2375032758
2408584630
2408584374
2375233734
2375169223
2343593175
2347824613
2339437797
2335231223
2333330646
2333261270
2298652118
3376522646
3384845750
3384849855
3653277117
3720453548
3720519100
3746742268
3746731740
3709064924
2635187788
2368962125
2368875039
2400332590
2383625006
2387687742
2329230654
2394371359
2394886412
2394620184
3433632536
3433591384
3437757144
3437822648
3429376680
1277699496
1143498921
1144584362
1159452826
1461364874
320841866
303924618
307593611
324502475
1398178651
1366729531
1349952319
1414964527
1414901095
3562326503
3562850791
3588214711
3621701518
3600741262
3602768318
3606897134
3598508398
3615351934
3565089814
3565081623
3565081879
3565156149
3564959605
3581736949
3615487957
3598644677
3596535237
3730818517
3730691575
4152156647
4152157159
4118668271
3053449709
3053442429
3187496317
2684114301
2540524925
2540526911
2674917151
3211788095
4293787455
4277008159
3740258591
3740254237
3741044764
3732496440
3728240696
3728241720
3695065144
3695065400
3707652632
4240394828
4239150664
4243379913
4234986187
4234986142
4293825198
4277121454
3203174566
3194802310
4263833734
4264878214
4264845542
4262863086
4246085862
4233502966
4237693279
4237689293
4238095309
3701237724
3701272540
3721195484
3712806845
3712483229
3713458077
3713451999
3612722687
3614818815
3614953853
4151829789
4151829789
4151702845
4151833901
4151834413
4151826239
3042432383
3042301278
3042309630
3042309630
3042415999
3050805119
3084359263
3075847773
3075794525
3071599487
3206308719
3172954479
3162378607
3162375543
3170768247
3170835831
3183435125
3216990037
3199688005
2532832581
3606443205
3598046423
3591663847
3591729318
3608633526
4149637534
4124465054
4109783038
4244070366
4243970895
4235524879
4234473279
3697600303
4244436799
3170726719
3170661183
2625401711
2640147301
2648667109
2514417620
2514417604
2512902084
2512770496
2505430256
2505430240
2506093813
3042899285
3042891607
3053373207
3053442871
3078485303
3078419751
3078415415
3078419573
3061171557
3059210221
3059148525
3059152575
3059078815
3075823246
3042264990
3042399742
3027726822
3027726710
3036106838
2767540286
3858030638
3891585087
3891651853
3883859213
4152281352
4135504200
4135573849
3061709097
3061634345
3061600571
3078377754
3043823898
3027112314
3036557690
3170768250
3170835822
3187485550
3181211519
3181213309
3181146637
3722207757
3692847629
3692827231
3692959711
3558751646
3579185342
3586476222
3615840446
3603231902
3603226831
4156858445
4157911069
4116156460
4118192172
4118258988
4116162412
4082472557
4064642797
4064708349
4064726751
2992045823
3067473919
3084185071
3086281983
3077887229
3077918877
4128600221
4145361087
4151718319
4151711407
4126564071
4109786839
4108680774
4108609287
4100220167
4100285445
4100289557
4100291616
4109724704
4109724960
4099356432
4099364368
3570876976
3589784113
3623338515
3606509123
3598120770
3732135234
3732131154
3740786034
3757374822
3757342054
3757319398
3749000414
3749122143
3746975861
3723981180
3721752892
3721683228
3713296140
3579080476
3579312956
3713465149
3579240287
3581329998
3581199050
3581199322
3581199338
3581203946
3623345642
3623288314
3596020954
3595953354
3595956298
3596079435
3621187963
3587695467
3570788201
3570790008
3570916956
3564489468
3564424957
3577077757
3577083359
3608670350
3608662222
3612799198
3612799102
4158124399
4157994287
4124372285
4124372285
4124372269
4115920189
4115845389
4250292997
4249178903
4232335911
4232335982
4228347630
4098244302
3578141582
3611761038
3603258814
3603199150
3598987454
3598983311
3619954829
3588059353
3562958889
3581830185
3581868345
3588946187
3622566155
3622345499
3580403483
3580396361
4117267273
4117332952
4117337080
4117607400
3883837288
3778979692
2704709484
2704639772
2738128652
2803144476
2786457128
2790778409
2789626667
2799108970
2790588794
3061657978
3044946298
3036552570
3170769274
2629646718
2629576822
2629577926
2629395654
2629427395
2633793731
2675933377
2519630289
2519643968
2523838016
2532226640
2532292192
2523718625
2536304993
2503759351
2503411191
2486648294
2499227110
2495032822
2495022550
2511668695
2646361559
2650592599
3714901265
3748635939
3744440627
3727679763
3727618307
3727675399
3727638533
3749646373
3716097060
3699324964
3707701549
3703507581
3703392991
3703339662
3723816590
3480614542
3480732318
3480732342
3757159159
3750798309
3750797797
3754992100
3729826016
2654180592
3727856832
3728118977
3728135363
3728131266
3745464822
4252848742
4261175910
4240187942
4240187918
3703120399
3707314951
3698930965
3699201301
3697105949
3697269853
4259297757
4257135069
4156473229
4273969037
3732178829
3727999887
2654782454
2654819174
2671665958
3212732198
3186488610
3182286098
3182408963
3165299968
3182081280
3182137808
3078193584
3074216112
4131156128
4131328165
4147514791
3879147942
3891338150
3870378726
3870415623
3869293317
3869551876
3865354252
3861360692
2938548260
2888212516
2888225044
2889237076
2889167588
2901680869
2897482478
2947810030
2929984110
2929983806
3202617374
3202813982
3186500618
3170773066
3170789577
2633951688
2625555080
2625424012
2621243020
2642211468
2642203324
2683696109
3220562415
3187007726
3185045718
3184694486
3184702710
2949889383
2949693221
2949692972
2924523036
2920588812
2939532828
2939614765
2906052399
2906080558
2893825262
2918993134
2914995366
2948484278
2931775638
2868668551
2927422933
2927553988
2927553988
2943776132
3983963520
3984007568
3967033505
3966771363
3964670114
3964666082
4241633622
4241629958
4243730958
2092306958
1436890634
1436823050
1471949594
1455216955
1455196441
1996261705
1983417801
1983415433
1999406281
1965981897
1949208793
1950261501
1950277861
4097647072
4097774560
4097716960
4110295776
4122948324
4139650628
3602844164
3601668868
3601627925
3618433382
3618418022
3622606814
3614213070
3593438158
4130247630
4131299806
4131299838
3057426790
2776408422
2759632238
2759829358
2759829486
2759702262
2772222934
3879584727
3862872927
3861795117
3866046509
3865911341
3866895405
3866895487
3875353851
3892188411
3887994362
3887470554
3885319882
4120199882
4124530250
4116145998
4099237198
4099368286
4101402495
4109784941
4109752173
4105488220
4122316364
4156001804
3874995724
3874989580
3866469909
3862204725
3862204463
3862229231
3860623598
3877441710
3877503166
1834877118
1819678654
1828066974
1823948510
1823747710
2108960382
4287917647
4271173455
4271173455
4277450063
4269244871
4285956551
4250842063
4229948415
4229751535
4229719791
4229787375
4234100463
4127006703
4160494943
4160492895
4160517471
4160583135
4160714207
3615323615
3613218271
3613349279
3621672351
3621139869
3621204925
3623187373
3614733295
3581178879
3581212543
3581211967
3581191454
3581191454
3589782815
3588661007
3588658949
3571877653
3564409636
4231328036
4231328037
4232007989
4229322039
4250273142
4267052886
4267052998
3730247622
3738437078
3738460670
3751043326
3751076062
3717722331
3755471961
3747067224
3210190684
3210059356
3184836220
3184834156
3176461932
3176514300
3206005469
3205972735
3205985262
3176473070
3176408174
3184802926
3168230527
3184942159
4258692175
3721815375
3746980174
3747041567
3746840687
3755234415
3755302253
3755866477
3739085820
4267555804
4275937228
4267542476
4269638540
4265181644
4279992781
4231704957
4231717223
4231651687
4234704230
4235031910
3169785710
4243459966
4261351183
4244389639
3704892167
3704957719
1557479186
1557413138
1288975666
1288967218
1284837426
1301704706
1184288834
1186889922
1186955650
1186697617
1185657264
1189851568
1181462992
3325793744
3610885600
3560483813
3560827749
3565153127
3565145671
3573008199
3570784215
3696555495
2639586799
3210014182
3192184278
3201748422
2681619910
2677436918
2643812838
2626970087
2631164263
2631169831
2631167779
2622844723
2622782771
2622813475
2635396146
2669081666
2657015107
2659110339
2659110849
2667568881
2684186337
2682005088
2371629600
2371625521
2354848545
2354848035
2365535267
2361000979
2361005250
2361005251
2359906515
3450651073
3487925188
3462759108
3328477012
3328483124
3324291364
3325864237
3275532335
1128262703
1379849230
1378533454
1378533838
1378546174
1379590574
1377674158
1917625263
1926005167
1942259103
1933948317
1934075293
1900471709
4047959965
4123457469
4124467901
4107543229
4099154623
4115937263
4115938799
4126432623
4159993919
4160059663
3622169870
3589793542
3572945414
3564552726
3563024919
3562865173
3562811956
3579584812
3621594156
3604887612
3606972424
1392379912
1392334872
1388107785
1404879882
1404338298
1463070954
1463070890
1461485754
1426964650
1997455786
2001129130
2005327519
1988558479
1451683534
3738691150
3755238206
3746849086
3713294654
3705565497
3705540904
3705536808
3705471768
2631419656
2648243992
2646187880
2680134376
3216882379
3219963530
3194785450
3056371690
3056435706
3055981002
3056001482
3072778714
3039715694
3027120495
3035444583
3036491063
3036488823
3036493175
3166508407
3181188563
2677932995
2661176259
2661249987
2667344887
2675467239
2641979383
2625321815
2625583382
2625403174
2625431846
2633885750
2650727430
2528608326
2528608710
2532737527
2532745633
2524422560
2518017456
2518666704
2520698320
2524923365
2524800997
2524734309
3078382445
3078386525
3044897564
4102027036
4110343964
4110338572
4101888541
4101831229
4097634095
4114408815
4113879295
4145365214
4149690590
4149674142
4158001566
4124451254
4124516518
3586400422
3569623286
3561230806
3561452487
3561449029
1422392861
1423432220
1469577740
3602246477
3606444493
1449647327
1445155038
1445019870
1446199518
1601323262
1576493550
1574200686
1574203182
1565813294
1599897119
3747446277
3453941508
3453665540
3438985556
3438924148
3698958708
3699089716
3707416852
3703214853
2645202519
2683018798
2523433518
2519501358
3056388734
4130241102
4147064590
4146864958
4159439166
4159570206
4160631070
4127137854
4126957670
4108117222
4106812662
4106808726
4106799558
4056731591
1900987863
1997432133
1997938949
2004230917
1474758420
1474496021
3589428791
4117976678
4099997158
4100258982
4033137830
4058303646
1911014542
1927729542
1927738245
1390863236
3539362740
3539231140
3528748460
3528781228
3530939868
3530946008
4079346136
4050116936
4033278232
4041638680
4037444408
4104517433
4108644153
4100255547
3559161659
3559350075
3576581915
3614328667
4159657467
4156383737
3082576329
3619439048
3619439096
3590222697
3588121129
3579667001
2501665307
2501662234
2501664570
2505852970
2539407402
2682080282
2684048394
2684055818
3489263947
3757622232
3757670888
3757743592
3740969128
3673860280
3672816781
3664483471
4281893071
4282089679
4282048735
4246347887
4246414125
4250477101
4242080297
4237887033
4237900299
4237896203
4240140811
4240165498
4257008346
4261201546
4286366346
4282172042
4282245818
4248822698
4246593706
4250726570
3187458218
3049226458
3081670730
3085869071
3085869341
3077482284
3077545516
3078475372
3208502908
3206510173
3208542015
3212644654
3219914798
3085713450
3051831354
3047609370
3182885915
3166152987
3185420569
3185354841
3210524745
3189609545
3189489737
3191521371
3057275114
3057283178
3061526766
3068861678
3219855870
3186301406
3169524687
4243525325
4243526349
4243534536
4242879192
3702797033
3702813421
3704913645
3721718511
3713330143
3742673358
3742805070
3743347790
4250850382
4250845278
3716071534
3716075878
3722310006
3587564023
3621058037
3066420724
3192774116
3192774116
3202203620
3202268884
3221141188
3044980548
3044905813
3028144437
3023958311
3022288231
3022288230
3043440486
3085309942
3086358486
3082231767
3086229463
3069452117
2541567813
3615438596
3615303428
3581752084
3581752085
3573494551
3573429014
3573437718
3570748726
3570719222
3570722966
3586521222
3620183198
3620050334
3594879423
3594813885
3594826205
4132757629
4132824108
4134857772
4151635245
3078094653
3044464141
3187065421
3187065421
2647773917
2647712765
2647712237
2647978349
2622805357
2622838141
2639680861
2641780045
2641780063
3715626335
3715487071
3713390046
3713390046
3713922526
3713922430
3747607934
3755996542
3615413598
3615479126
3615479127
3615478615
3590312919
3590181845
2516449268
2499667940
2491282916
2491284980
2491274580
2491405652
2516579669
2512386039
3081631478
3086874358
2524763894
2520602358
2520602294
2520741878
2541580790
3085783159
3048034391
2515296263
2515362839
2515362855
3580878133
3580841301
3580845509
3580845509
3581902229
3615456661
3615325623
3749541303
3732886999
4286566870
4286042390
4251439158
4251242534
4251249701
4251248676
4251973940
3221154612
2659084852
2656992788
2673694213
2648262358
2647332534
2626365094
2626172582
2626160294
2630354342
2631402686
2625184846
2624152590
2624154636
2632674412
2632543484
3706469516
3714848908
3744795020
3725987260
3725999532
1578526124
1578557871
1600037198
2147463182
2147258639
1602004255
1600955663
1600761117
2104147741
4252679959
4252671767
4252946199
4118662487
4286442847
4286578047
4269792639
4269661567
4269659639
3212694007
3212825591
3178722263
4235686647
4235679463
3161939687
3170189029
3168022517
3184537559
2647680327
2681267223
3218199606
3209921558
3218576662
3218451735
3214257959
3214261797
3214908980
3210579460
3174948353
3158040081
3156893411
2754301666
2754104738
2766687394
2779303090
2812988546
2796182658
3069083010
3056478082
3056346082
3056345442
3039568162
3031302183
3031306277
3031249941
3031198724
2511109124
2506934276
2636827717
2637876677
2637884869
2642341207
2650791799
3187531637
3187464181
3212634101
3212682741
3210606037
3210596821
3210605015
3210600822
3210704230
3195958630
3196012390
3195471830
3195344854
3195344607
3746838271
3721733885
3721739901
3755281948
3755020044
3486850308
3488955412
3488951344
3447530512
3430883328
3424531456
3424273728
3424272832
3371844481
3417981891
3400254274
3400123170
3467149606
2661855598
2666046826
2637741051
2620963467
2621024905
2621156025
3157965497
3155867275
3174802058
3174798218
3175055598
2952692846
2951119919
2931213319
2931220485
2935414789
2926932005
2921607215
2938376302
2905018602
3978704362
3966635754
3971878586
3971432075
3988008587
4256460745
4250199369
4246529097
4250788971
3713426555
4250285391
2088109327
2097024351
2113830783
2113826301
4290770253
4273852749
3738996829
3730604141
4261720301
4261716077
4278559087
4278626303
4249272319
4257652413
4291223221
4292272060
4267071372
4269148044
4130801565
4147591165
4113896749
4099997999
4100010302
1960862014
1956700478
1956704542
1957754654
4102088479
1958805471
1950539157
3561376149
3511028101
3579709829
3621662101
3623434135
3606648726
1459163838
1458123518
1458053742
1458053934
1458053422
1475092523
1475141675
1566957611
1562877979
1562817545
1567014153
1576446729
1571920667
3750803769
3750804825
3754399177
3712386445
3575546301
2501820911
2503628286
2541364574
3614127382
3613991222
3613991214
3613995326
2512073022
2495296318
2495156221
2495114156
2226711468
2220415932
2232979340
3344597900
3338306444
3338306013
3605631341
3609765229
2536023333
2536484149
2502864197
2502864709
2507048901
2507134933
2508183541
2541606885
2550003428
2548922100
2523738868
2523738876
2523738876
2540442349
2515284399
3568054446
3568043242
3568113786
3571804186
3563448334
3559238670
3609699342
1445372175
1446412559
1446478111
3593974127
3614942695
4152268263
4118709751
4118726631
3044990951
3078549479
3087003511
3085932310
3085801238
3077420822
2808915511
