879607222
879606198
1701165495
1734721207
1742847669
3873554100
3873552116
4142052964
4129472036
3055611680
3072453920
3072478240
3072465921
3044148227
3052538963
3036023890
3031834066
2981510610
4055326658
3556105670
3539256726
3539326358
3531603334
3531599238
3527241142
3527154855
3527150831
1933382911
1903109213
1894458709
1357456757
1357461108
1357846100
1358779984
1358784080
1415376464
1415376464
1415378513
1423300113
1418187266
1435943686
1419755830
1977439270
1968728102
1964533806
1964665118
1998220110
1998093263
907569117
907567545
911200697
919584937
1992671737
919061981
927442383
927311871
1061531503
1044627246
2127007038
1992608798
1985338398
1985408055
1985373223
1997943909
1968636117
1951806341
886445701
349572789
349114017
348487345
340029395
289729859
289793043
356773889
357810177
357810449
1465110833
1465050897
1465314817
1465310789
1607961301
1574800103
2110561125
2110569829
4258839605
4258839605
4250510389
4246447157
4279873588
4279873824
4246401824
4246393392
4231938608
4236199792
4101326304
4109716960
4105689585
3854039505
3887590787
3887463810
3874805170
3799306658
3799372210
3812090258
3812615602
3778901410
3762052514
3766319542
3791616406
3824122070
3803019478
1659731446
1659731414
1659729398
1651054062
1650988462
1650998702
1667771838
560672159
543829391
543825807
543889294
552154782
552085246
564670206
850143870
850143774
1923889678
1391213070
1391278622
1408187966
3501078046
3232638478
3232654862
3232617998
3232550463
3249315373
3270281580
3261909244
3257682172
3257796860
3257542892
3261737452
3261737980
1097476829
1080760973
1076566669
1076567693
1080766108
1089044156
11041708
16316844
7928300
2676972
19650940
19659132
53209404
23619900
23623999
6904639
7035678
15620638
15628830
15694366
15498046
33315622
1107052854
1140611382
1140799798
1140791574
1107237654
1100943126
1100959575
1084055381
1084063572
1079803252
1075632500
1956176
1505600
1501504
5695808
5634512
367056
506256
438160
17280912
17276816
17140624
21289969
22342113
55847267
55916898
50215282
50211154
50212178
50281970
66849266
56379891
22862289
23067073
56621504
56547777
25156049
25165139
4177234
8302354
6995730
7060242
1105828626
1136237362
1136245042
1119484210
1119582482
1136294162
1136277763
1102715152
1102645600
1106774496
1131940768
1127746480
1109203888
35470240
51129252
50604980
17070516
21256629
29710782
29718958
29387182
29420014
22150142
22137822
20306766
24505166
24505094
32889110
28821782
28789014
28801334
31942966
31942966
33519927
33409333
31312180
30263604
29739380
17291604
17291732
17168820
50723252
17136052
29710772
25516469
327645607
331835814
323447206
319121846
319117766
320162246
857045447
857074135
863365591
863369719
861264375
861264375
861395447
861395447
861264375
829815287
830335479
838691319
838695415
830429559
830429557
830437749
829253941
862845237
862845239
862837119
862837119
863869303
326998391
293443959
293443959
8370547
8370513
16759633
8371025
8371027
8305603
58653635
50265026
50256770
50224002
50224018
50166706
66857379
33302947
31926673
31938705
57112785
52750561
35973345
35974625
52755793
19397955
23518291
6805619
6649953
6781041
6773232
23493072
23493056
23485376
31873728
31742689
27589347
27568738
300198754
291879794
325565234
846182706
846116882
854505475
846174209
841324561
572823601
572897313
572979297
589748467
556157411
543574754
547818210
564399090
568601046
593766854
589572598
593902310
564533990
564529911
547687119
816069325
816065229
820280269
828701149
824506877
862447981
862387052
870775676
828766556
828701020
807729500
807926108
812055388
820435580
833084013
866442094
849672686
853866734
841275646
841439486
841111806
857897438
828533470
836921933
832797261
870603356
870603612
862214493
321214685
287800797
270956543
275149439
283562591
279302687
279228991
279228987
333758267
333773115
316995643
317192251
325515339
291928267
291903627
283509129
283575176
283574952
291775144
287580904
291776488
275005421
820386527
816208606
820501230
811924078
824486782
857782622
841070671
576821335
576821271
572758071
572766262
572700726
572700726
572692534
572692599
589494391
539162871
539130103
539122166
543296230
551750374
564140774
597703414
597699542
568338886
543177159
543374279
543308509
547511021
547605229
547396221
564177437
580955653
576764933
572636175
572955679
572963903
572954671
573487159
573487143
573216807
573229093
661309733
661376277
762047765
762051861
745262357
678022517
677988725
694770023
694778215
728316263
711793015
711793527
720182263
720182259
716126929
716127937
732905089
733963905
701884033
683994753
684043921
751221392
751274640
751143824
742697937
608219121
625209313
1699141617
1733707761
2002208241
1968524785
1970621793
1962236257
1710717265
1709697347
1743255891
652598643
652598626
644218354
645393858
657976514
641072210
641588258
641715234
644733986
644742178
653126946
669908278
661642518
661638423
627952983
661510647
661510631
661511159
669899767
602790903
569244631
552566663
544177543
544161175
545078710
545074598
545075110
570236598
570232502
564989622
565001942
1621978631
1689021959
1957490183
1961683463
1952836117
4100455221
4109737760
4107570464
4107568416
3033650448
3050562304
3042113024
3042113072
3075626545
3071411825
3075670641
3075474149
3083875045
3083870701
3046118893
3046116601
3029367243
3029432783
3033594334
3025467870
3025466846
3021336798
4116107422
4149661854
4132892854
4131837334
4131739542
4131747718
4148226002
4114736114
4099138019
4107457011
4107452625
4098937937
4031814708
4115708964
4151486580
4134725700
4134725956
4134723012
4134651125
4132488423
4132458726
4149244006
4149289334
3086116630
3048367638
3048396343
3048328741
3044072997
3044081181
3075534349
3058953997
4132568429
4064298223
4060087534
4076930238
4043705758
4043709886
4031126974
4039450110
4036238798
4053022030
3515884879
3515901247
3516196143
3516200253
3520378173
3511990044
3512049436
3508506444
3508518876
3507464924
3507486429
3507412685
3545157599
3553019375
3548902894
3533038831
3537233015
3528785239
3541400903
3608575303
3541448023
3545634165
1398146417
1373050163
1364530451
1347435793
1347499345
1347555649
1355940801
1354830785
1354769397
1421877741
1421878765
79706605
12585453
1078004133
1078016439
1078163846
1075051910
1091625414
1110540742
1114801110
1123197718
1119003411
1119004467
1117891875
1117829409
1399896097
1362135073
4027681125
1951828309
1975953733
1737928005
3868376081
1716753457
1712362547
1846654067
1846797555
1863511271
1829956519
1825733287
3969075861
3968957173
3969136951
3964942359
4229180423
4231277574
4168494374
4173205030
4173202982
3636135542
3652720342
3686295175
2614679175
2333642373
3407448965
3407522757
3407784647
3374230086
3373787718
3646422854
3696653670
3705033062
2631024742
2643521782
2642534598
2643648711
3721635013
3713056180
3708860836
3708861348
4245863084
4279435004
4283598412
1867612940
1869656348
1869668396
1831923752
1831990328
1746140248
1746074088
688028648
687897257
725633689
734035609
734032603
700478299
693138267
693166427
701752619
697482543
697539967
697343951
726712263
722599887
722657231
722624463
722632151
722615783
710020455
720440679
716193079
732964115
733033747
732960002
1777348866
2045911298
2018653442
1481770242
3629190450
3637606450
2559735826
2626836754
2643712338
2677129171
2677060277
3213931172
3213922988
3044049580
3023078060
3023080876
4095969452
3827550444
3844233420
1730291916
1713515724
1713518028
1717700557
1994524365
2011375356
2007183916
1436615228
1419776780
1420829452
1420845852
1420878649
1420882490
1420882474
1567675946
1594986026
4262628923
4262628873
3994266376
3994070280
1859167544
1854964280
1871741496
1875952153
1836081722
1831940714
1865613994
1714619818
1718814890
1726171306
1721976970
1722014858
1654895754
1638109578
1625723530
1617355402
1613128410
807871018
807674154
862199851
853807147
312803369
312946701
318185476
307695616
39273504
131583008
83282241
83295169
207776641
207752835
203558531
207832722
82921122
347104931
361818019
902882727
666942647
574856325
570662021
570662045
587307260
588494908
588429340
556960024
589531960
1663281720
1646439980
1646436908
3794174764
3795091752
3778314536
3761685352
3831947243
3840334570
2900548346
2900482810
2892036842
2892038106
2904614346
2942558666
4016296442
3982705147
3982578169
3982587257
3966893433
3975411769
3992184857
1844701209
1843525657
1877203993
1742881883
1734492234
1650590042
1650667882
1650663786
1650533358
1659185150
1676095222
1705451190
1689717426
1690196675
3852398531
3784092992
3817641024
3821830224
3796808768
4062111040
4145997376
4152252000
4160505569
4156297827
3065786722
3069992994
3059511302
4133385222
4066274566
4083046982
4049554007
4116466423
4118601207
4118598901
4127051997
4124954829
4124897484
4124565972
4124501876
4124505972
4116173620
4151628084
3077861676
3077859132
3075960348
3084271196
2983595772
2985625340
3052667577
3052671675
3031700122
3165983642
3170120106
3161744874
3161748586
3157553178
3161747466
4250693898
4292834059
4292802073
4292783672
4284328553
4280068857
4280068747
4280065674
4284253594
4252270778
4231381146
4231516378
4231426286
4231422054
4244004903
4239843361
4239803184
4289024512
4133840388
4129775172
1445333716
1579551396
1583680437
1583614102
1583619238
1600139430
1549807762
1282543682
1290940946
1286808098
1284514338
1284515330
1284763138
1267924483
1251135042
1251462130
1251236322
1236543970
1223960611
1211373601
1211369505
1211570433
137768193
137768193
154545921
158469889
266406355
249645522
249649587
262273459
262404563
233036243
217315826
208775666
82946547
82946483
28424627
28416947
28416689
28543664
1097042608
1092717232
1126537904
1126677136
1109895856
1109764768
1378659040
1382918768
1383045648
1395497520
3509377569
3492608545
3492571939
4033624355
4033624435
4033681619
3522103441
3555593361
1391331457
1391331521
1391401283
1139620115
1105996082
1080830242
15476770
15542370
15603922
32393410
65981570
40880258
40868226
40876675
40893139
36534899
53226082
2894370
2894114
7170083
15616115
11454657
28244096
61794688
49191552
49253008
40749745
40729315
57485922
23866146
23865634
14952482
14690354
10627074
77731842
77727746
77727762
232855586
257959954
259205122
183650626
179522002
177297907
177302001
177433073
181631441
175331649
187910481
187783987
156298019
147909411
143698211
143764769
143766897
164868433
1263702465
1263698897
1246988241
1246990291
1272154451
1272027187
1297131555
1276176419
1276209187
1142055939
1146245379
1171440451
1207092179
1181959122
108070354
103877074
104139218
106371554
96741218
75768674
75772449
75760160
75715088
79880704
1157801728
1175628736
1179814272
1123191168
1118931345
1123326901
1382334133
3526132388
3542975164
3492713108
4029325924
4029325856
2955470368
2955472416
2955734560
2959888160
2968274208
2968372256
3018835184
3001994448
3001993665
3001994177
3002063811
3001838562
3018615778
2985045922
2968272290
2423010722
2423068082
2423133314
2423155842
2431577218
2985294018
4059027650
4092569667
4067338563
4067339073
4063215169
4063215315
4063098611
2989090531
2993290595
3001862179
2750203937
2716649520
2699618304
2699815680
2708123153
2708127281
2737489443
2720646706
2720581138
2720581138
2737327666
2741508898
2707962146
2716604450
2749962290
2997491730
2997491730
2460629010
2461674514
2461674514
2191076402
2191006774
2191002679
2191001671
2195458117
2204047429
2169403717
2177825733
2177826453
2173679269
2177675941
2161947301
2153550513
2155713168
2151323264
3225065857
3225336033
3225266211
3256657955
3256788994
3256788994
3256808450
3256795202
3286156210
3500130979
3499751073
3499739808
3499674272
2425944736
2423827104
2418715280
2418718336
2955588288
2955588096
2972489249
2720835105
2720900625
2720969217
2720977409
2720907809
2720842275
2720809763
2725006435
2732935286
2745682006
2745686134
2712131666
2696407234
2700602819
2685821571
2702598786
2971013810
3006661282
2988770978
2993425842
3001813010
2460747826
2460751906
2192320562
2192386050
2192451586
2192451586
2192508930
2193557506
2214397970
2214332471
2205964391
2205964407
2206029911
2206103895
2204039493
2204105029
2212362581
2212297205
2212363237
2187311589
2189408756
2189408724
2189277652
2185083348
2183117012
2182002932
2182019284
2182084820
2182052053
2198763981
2165193551
2152610638
2160933470
2156755582
2156919534
2156788462
2177694702
2186074622
2186058239
2194454687
2194520223
2177808791
2161031605
2161023925
2160500372
2151921296
2215687856
3289446048
3291502305
3291487843
3291556354
3291556098
3295766562
3320928290
3331840034
2258536450
2258275330
2258273282
2258277634
2260247842
2398678307
2415455523
2365282597
2230995237
2229995807
2230074751
2229810021
2229810149
2364101356
2380878568
2381107864
2381091464
2381102984
2406267800
2385295800
2385361320
2653862393
2654910667
2587796682
2585698506
2585633018
2636112106
2620809450
2620793962
2620787758
2618690358
2631084598
2675977750
2659462678
2659479094
2659511910
2391072487
2262077415
2256309663
2255273167
2267987151
2267987151
2502883535
2536499695
2535975405
2523363692
2540133244
2507479868
2486516236
2486643212
2488674828
2497067532
2495561228
2226985516
2226919972
2225879844
2364280101
2380794997
2380815447
2380881239
2380914007
2356009303
2355714903
2355723127
2355723127
2355853687
2372630903
2406185303
2414573911
2414607703
2414476759
2414476791
2414460407
2406063607
2372508663
2372770807
2355993335
2490350199
2490351191
2486156919
2486171379
2486105811
2486073075
2490335219
2423077363
2423068915
2448373971
2213427282
2196650066
2196651074
2196651074
2196649030
2197763286
2197632230
2214337766
2180783350
2178750678
2178889942
2178758870
2180790358
2205956422
2205957446
2185051462
2199862534
2203008087
2203008087
2202810453
2169247829
2169264325
2169264581
2165168607
2165168607
2165176830
2169108990
2177628662
2177497590
2173434358
2173434326
2177628631
2177497431
2177596247
2170256245
2170190693
2170190709
2177497461
2177407356
2177408380
2170134012
3277436412
3256464892
3255408020
3255540884
3523844244
1376360596
1376385168
1376401617
1359624275
1342843154
1342843666
1351233042
1351495186
1082998274
1082932738
1099697666
1116474963
1116479409
1116503968
1116526496
1137231780
1129088932
1090557356
1090622905
1090764185
50575771
50575770
50444746
47311306
45345097
44217609
48410648
53915705
1127710761
1093959739
1077198138
1081576222
3237136958
3237141054
3250027070
3249936910
3317040654
3315467022
3451461934
2377670698
3455635563
3445211304
3445328024
3445139596
3440945548
1327024524
1327192972
1327375244
1326850696
253108924
490083052
477373293
485777725
480293913
484481033
493205513
505915404
1580120076
1312725004
1314883596
1180472333
1176035341
1178292317
1199182239
1157247414
1151992758
1151992486
1151862438
1151877030
3563617262
3560483151
3560745228
3560745740
3564476940
1433770508
1460905484
1444061708
3725779660
3737330421
3732936423
2659196263
2395998245
2270169124
2266040324
2253596676
2257790980
2172857348
2172787717
2172794087
2173924518
2174009774
2180825518
3261903262
3257774490
3258298522
3275206810
3275138250
3258361866
3258361866
1110943754
1110935562
3261499402
3269897226
3265699850
2191966218
2209267979
2276344169
2242773353
2230069101
2221681253
2230271735
2226024119
2226054805
2225399477
2229569189
2221966260
2217836980
2234758036
2234626684
2234552857
2234576395
2503011082
2486413610
3027679530
3036055594
3216934970
3066004747
3065819145
3067904072
3055321321
3055349929
3057606827
3057524911
3023975854
3027110798
3031304910
2964265550
2427796254
2427726142
2427726094
2163484110
2159415943
2159411847
2159411877
2159281829
2159283877
2154564501
2167347585
2167289985
2167351363
2200725763
2204920067
3266111761
3266113301
3283072369
3232666081
3232661921
3228467616
3224207840
3224145200
3224144144
3492587776
3542984961
3526273283
3526277378
3526265090
3526232018
3526234770
3525968530
3513385650
2427000483
2158507493
2158505060
2158504996
2158504964
2158503948
2175281164
2209212716
2209188133
2192541991
2192410919
2196605222
2263714086
2263717942
2255468598
2255468598
2255472854
2250950855
2250918023
2251970951
2233105303
2216324039
2220517895
2228939527
2226780935
2226699047
2224601894
2244774694
2261551398
2261748790
2395913430
2387257590
2399729910
2299021811
3407481281
3390709568
3457826624
3457691632
3457691568
3457706928
3457874816
3443194752
3430583169
3435039105
1286375857
3433864679
3433345383
3428884839
3424822119
3424822103
3425870430
3692135134
3691022078
3695225578
3628116858
2580003642
2613492026
3142555930
3143403786
3145238282
3145315097
3153711656
3120349736
3111436840
3111572072
3138577000
3138843433
2856640811
2865032251
2865031195
2857236506
2874046666
2819250571
3898231193
3899279801
3899202968
3915914632
3949483416
3932705192
3949908136
3949457640
3911704776
1764974792
1748197608
1750163945
1757614825
1757545067
2025985578
4161800762
4245948954
3748923690
3737004074
3737069598
2394765326
2392400911
2392457229
2277118221
2243572527
2176467495
2174665255
2157758183
2174523047
2173470375
2177666727
2170330815
2170329789
2168314551
2168085239
2167028519
2171480359
2171545639
2179803159
2179409927
2204511239
2188778503
2211847175
2210801687
2206480439
2177108007
2177108327
2160870767
2161955823
2229064703
2245907339
2248126874
2415769018
2407053738
2407053738
2402924986
2403056026
2369436554
2369435531
2637865352
2675679624
4286161048
4282224872
4282220584
3980362024
3963548440
1681270584
1681270312
1681268520
1681198888
1684279064
1688477192
1688471048
1688487496
1822479048
1822479048
1826669256
1818252024
1818309353
1831023338
1836266474
1869685866
1810969642
1805726778
1809921034
736179274
728835146
728839370
695276762
701568154
701584538
701719706
700670106
700670426
692150778
725836794
725820410
725821306
725706218
725740778
734113002
700554426
700552346
700551322
700559771
700691099
692302523
1744941738
1744941806
1812173550
1812117222
1812135910
1813149794
1817270370
1825789987
1821530115
1840446465
1873992705
1857193217
1861388033
2119275009
2131812929
2098258513
2081518305
4228084449
4228995043
4233190755
3973302642
4019439618
4002658306
2928916738
2931007234
2935199235
2925761045
2938339876
2938225188
2904576548
2905616932
2905614180
2943353956
2817590500
2813527284
3082163420
3048617165
3048615119
3048696990
3048537262
3082067182
3195311342
3191115982
3189092558
4262768842
4279559386
4279729646
3976599983
3977653167
3981848239
4258673599
4254401421
4254335948
3700695372
3566477624
3570411304
2228301608
2228607784
2492766984
2509545224
2543291657
2526512443
3063254314
3063188586
2790558826
2788527210
2786561070
2786496526
2920718350
4011254030
3979764591
3962909423
3962573551
3966767787
3830448811
3838838713
3834649593
3836819736
4105386264
3031578888
2495031560
2276732168
2192860424
2192867592
2193523704
2191426473
2459800491
2526843822
2531034030
3076298670
3071653806
2803218414
2805380942
2771823886
2770513166
2938285103
3995315241
3995202601
3995194425
3996177705
4017145705
4017213289
3982740073
3990997883
3990936443
4024495451
4024558975
4017280383
4017275999
1869792343
1836182615
1836117095
1836181735
1868814695
1852033399
1860553079
1717946751
1717692799
1717824351
1734540127
1684196191
1685310295
1685183831
1685384575
1685122559
1685192191
1692912125
1743244285
1744161789
1719007965
1716644573
1716775645
1735642973
1869729145
1868616955
3982550255
3982582271
3965870583
3974251223
1818444375
1818313591
1818252599
1818258749
1826646077
1826781245
1860323597
1860585737
1718024521
3865438537
3865377785
3873757929
3873820393
3873820409
3865368283
3865375691
3865371514
3865502058
3883331946
3849770366
3832937598
3765726462
3765790966
3765917942
1617381879
1617382871
1634160118
1634040830
1633774463
1642294047
1675840287
1677052189
1658115357
1649729549
3797279069
3797349369
3874932473
3891710649
3855862457
3838892697
3829459913
3829460441
3829527673
3964761113
3973411865
3975507049
3992447339
3991333227
3991329499
3974614731
3975530059
3967074890
3967083274
3979666234
3979797294
4013355822
4000793978
3999614042
4016331994
4024719610
3990968570
3991034362
3992353758
3992419278
3958730574
3958662622
3941950974
3939909878
3948282071
4015390855
3977651351
3981780135
1844715941
1840518565
1704265140
1687502276
1691625920
1679042880
1679108880
1614162721
1626737201
1623068161
1639908867
1673267011
1922832067
1925973731
1921844898
1938568866
1942251218
1942284230
1942284102
1933946230
1665511191
1665511189
1632083732
1632108340
1627913588
1627778516
1627741652
553983444
554110452
558238197
600181751
595987446
595927030
583280598
583280582
591685574
591718366
591779838
600164342
600625142
600626679
600696311
600827255
835708277
835714325
835702037
835702077
1942878493
1942449501
1933995468
1397112284
1397099964
1363611564
1372403628
1368225725
1350860703
1350891406
1367733662
1368765862
1398116782
1393930670
1379246991
1916118991
1933045263
1932978699
1931901467
858151738
862210346
1944325498
849608906
866386123
870646233
835846504
886181160
877865260
879765820
878717196
878717196
887166237
895618365
828509503
895487245
895749397
627964279
627964279
627947895
896384375
896384502
896382390
393065910
376287670
376290742
309180854
308918454
309180598
309196982
1382889654
1374042502
1358314886
1358311318
1425286902
1425286710
1425024806
1420060455
1420061989
346859828
346982708
343575412
337546228
1595718612
504147412
504212820
2114366512
1041738784
2115288112
2115279872
1999674368
1966509312
2083948800
2082917313
2087176915
2097015395
2113761059
2113675555
4235993378
4229177606
4229300534
4233504622
4237692526
2090142446
2090089406
2089052558
2089085070
1971637390
1473447053
1461059789
1427513548
1427513836
1427513964
1423259244
1419001436
1419013708
1434775053
1388613437
1388678461
1381927949
1377754125
1109290253
1111310140
3246198316
3304984092
3298701836
3298714428
3298615596
2493292840
2510070056
2542567704
4153248568
4137519403
4137453610
3195832362
3191707738
3191846090
2855203018
3928912026
3912110250
3894809003
3907392191
1755780767
1755397782
1756446390
2022714022
4166003350
3623889622
3624020950
3644992078
3686869582
3464506894
3464523278
3464558350
3464672639
2390998381
2408632300
2413054972
2404666364
2371738621
2371796461
2379918829
3722161645
3747200236
4263021644
4263089228
4263228428
4263093260
3994591244
3994591276
3994996780
3978171756
4229828588
4095610605
4108193455
4106030783
4103935694
4103873230
3030180430
3030165327
3046944061
3046946877
3046942813
3038554221
3074203493
3040773655
3040788998
2755580422
2755596834
2688365090
3766232418
3774356706
3769175187
3819576449
4072287360
4072285312
1927226752
1925985968
1925535392
1992414948
1993406005
1995497223
1450208518
1446013190
1446504726
1463707670
3745147926
3715777586
3703128114
3703099666
2629411093
2629476356
2628296788
2640887008
2671545504
2669648804
3204889252
3192318628
3192253092
3188583053
3054426765
3054422709
3055210165
2809751189
2952275598
3187155598
3187155694
3043497518
3039300910
2972191782
3009940486
4071106630
4071308485
3601478788
3601495172
3605587076
3593004420
1462482628
3559571013
3559582222
3559901758
3563900718
3571774766
3567575342
3567640622
3567554590
3568608541
2494934324
2495084916
2491414900
2420033892
3493743988
3544059204
3527025925
3538580229
3538604567
3538588453
4075332389
4068255021
4133266461
4132213837
4127753293
1980334173
1997516861
1963909165
2080793893
4229311781
4162202421
4233566773
4258536167
4287965879
3734388354
1586889346
1606353538
1572799106
1572803490
1287398306
1291593634
1283205106
1283339587
1149203713
1283218689
1282702643
1278535986
1295378690
1245587714
1249778434
1252920834
1252655618
1252590114
1252532769
1237066276
1216090924
1209795048
1275914696
1275898312
201697736
256223688
516339912
1581684939
1310164046
1312063550
1178570858
1444851950
1444569326
1427776390
1423594118
1956300454
4105821861
4105764517
4109938340
4112035716
4128810884
1981458053
1914431157
1916536487
1916604327
1928203687
1923483815
1923497127
1944349893
1944380485
1902617860
1885779764
1617337620
1625787668
1617213716
1613015316
1613080852
1629937413
1663438407
1730545398
1730545318
1734805158
1742997414
1839469798
2091127910
2090865671
1419977735
1419930629
1440782693
1475390965
1322298821
512923077
378704205
378704159
1454813487
1970648361
1948556585
1882177321
1613667849
1613661705
1613726217
1613009497
1613021913
1681130137
1681266683
4030085418
4041615466
4037421546
4037372858
4054067850
4070844042
3538223754
1391854266
1390809515
3538301099
3529777259
3546554409
1365649416
1348872200
1348925640
1348991384
1365629320
1399116184
1391772056
318210457
312906222
317120878
325346350
321135654
287580182
19280134
2495246
6685198
15139342
11800087
11803190
11823654
11840054
1152690950
1152814338
1169588482
1342079298
1342079299
1333694769
1333764384
1329046320
1327933200
1311148612
1311214452
1584761317
1593088167
1456777382
1456778398
1444196510
1379172510
1378271646
1395523974
1361982390
1349395425
1357717792
1890345248
1890377764
1890380036
1894689036
1945536780
1928629037
1926543662
1918151934
1713152138
1713152138
3997089946
4013867946
3991827118
3837743790
3837538927
3835437599
3833340239
3829147597
4097715677
4042131956
4037938084
4037823140
4072468356
4070368132
4066157197
4061954703
4061446830
4082489006
4032200622
4042680750
4042668206
4058790142
4092341447
3538887815
3538818517
3538817525
3555612661
3547160405
2473389653
2439834165
2439965221
2448350757
3517959681
3500963328
3500418624
3500422897
3496227491
3495965091
3491758242
3491954850
3508674754
1361190918
1428317190
1432479750
1172350982
1168161086
1168350014
1475775310
1467386830
1463717838
2004715354
4143752059
4139753791
4139687997
4139561005
4131164461
4131168557
4114510677
4097716821
4097716839
4101903969
4105047841
4104391459
4104928002
4104989446
4109134342
4152355334
4134447686
4143877830
3065612214
3063448485
3063448228
3063456428
2992235164
2988008092
2988978861
4062973357
4062976175
4092528814
4087818398
2997233871
2460362821
2481384452
3513164804
3513157396
3551303204
2460790308
2460532272
2527837744
2532027936
2653486625
2654522915
2671402722
2486843010
2489982598
3031043718
3030912422
3030911150
4037556398
4058523790
4083689615
4079495309
1898854588
1898863756
1898339725
1931896527
870381167
853605991
845184630
845180758
861962070
862076247
828521815
1373771223
1352877559
1352783735
1356900215
1356904215
1893775135
1893775135
1910553919
2007088445
2011347005
2002950205
1998837813
1965284373
1948513557
2082665271
2086851383
2096284183
4241539926
2106647511
2005984727
2006056383
2010216623
4149565613
4149680573
4051044749
4051074445
1902461885
1910817773
1944441215
1927581759
4075069503
4066681919
4066753567
4079417663
4045863725
2955344428
2959604252
3034930696
3036611080
2495545880
2495353384
2494313259
2494046506
2510816554
2515012654
2510818366
2242448638
2242530462
2276423822
3338467471
3325872269
3256191116
1108802636
1108763660
1108746252
1362518300
1345778221
1349961255
1347865126
1079822902
1103948550
1204603142
1200490758
1166939398
1166946310
1284120838
3431604582
3432538849
3432833700
3432822452
3428095652
1276415924
1326885252
1309059460
1577494916
503753092
369551796
373706149
382094503
382080181
375201973
370417813
353640583
70648199
74859206
346473014
1554300454
1419815470
1956686383
1956690479
4121074189
3886463500
4008090124
3996423724
3996422700
3996946728
3996942441
2923217131
2789163178
2804813994
2888701358
2888702862
2901023374
3970685918
3970496751
3971807468
3971807308
4022133836
3994837068
3927834732
3927847151
3946194094
3895868590
3900050862
3904244374
3970828934
2092370566
2092173958
2092182149
1552951940
3478133396
3457228436
3457357184
3461484688
3327283376
3604148468
1475604772
1440798508
1352968735
1352973086
1369749806
1399691310
1395493930
1395556362
1899671562
1899667467
825926681
830049576
869828904
1926793528
1926871308
1917425676
1913291788
1913290965
1913319669
1930060261
1896551165
1884947149
1895445135
1891510954
1890335403
1891375530
1895577770
1901865114
1913941130
1913970826
1913946506
1920381930
1927717674
1390862638
3538215222
3529793798
3513000214
3505271062
3568185870
3568185871
3299738157
3298559592
3302760296
3290192248
3290224712
1295951880
1295427593
1328973834
1314179098
1247279130
1314319390
1312694286
1312493902
1316619230
3400139454
3416928958
3383374518
3383236262
3383246758
3413650918
3359124846
3361236959
3365593996
3365577356
1285325468
3437003692
3423896232
3423968952
3709315800
3709315608
3709315608
3742870040
4145523224
4151836408
4154672824
4154655675
4121035194
3550675118
3547340974
3543139502
3526560902
1379018950
1379018950
317860038
313732551
313669565
297153197
276169405
272102093
271419341
271367549
812423469
1626122557
1642572044
1659287820
1650900749
1915139597
1915130429
1646608941
1646592559
1646659118
1650856494
1655058735
1655439407
1672216623
1890320397
1894658057
813621257
270368777
274497833
298623019
332169339
307217483
319741131
286193801
807336841
1952361129
1972808361
2008395400
1995747976
2128905096
2120520088
1583673576
3714322728
3697677096
3706072616
3706071592
2628192808
2627996216
2679376410
2259953418
2259968458
3266719882
3269787818
3261857962
3261739178
3253347470
3236832655
3236833165
3223847844
1077412260
1076412837
1076793605
1076207878
1084269830
1084599094
1084668695
1084668725
1084734245
1097857829
1127092485
1110311172
1111359756
1111097644
1094390060
1077438253
1077455663
1075620654
6064446
278890822
362715334
381590726
515551430
1588506821
1580118101
1580118128
1580134501
2116710628
2117755116
4269370092
4239944424
4240013992
4240063112
4244186760
3694666440
3559395912
3563586088
3500933163
2427200618
2427201642
2158762106
2158774475
2205124745
2250939272
2385163976
2389357132
3467358797
3467158382
3471352814
3328746478
3594043814
3728360882
3728363906
3610931330
1467621510
1467490519
1433937020
339225624
339355912
272251400
276695641
284494591
32782222
66339214
47497358
38129882
50745354
17195018
68575499
72805899
83290683
79022650
77122298
362334890
394813355
516441483
517624201
509223321
528098216
490562537
473719529
473359353
477491183
491817326
491817326
525445630
507689422
1581430727
1581429255
1607635463
1603453461
1569768036
1418748644
1552967397
1552998053
1572986031
1564595375
1577440431
1578470543
1578478798
504883279
372664399
372652127
392562911
283512799
279840479
279843583
283968223
275542879
271376701
288137517
288137517
275627301
284137765
284002661
283429365
291593680
292762065
319947204
319947524
319947268
326246916
333522453
333475359
299920926
300021274
299955770
275022378
342655274
343441642
486257883
486194377
486193225
486193369
484093179
488547531
490643663
1060536527
1060536719
1041662639
1054258863
914681510
918842038
906243734
906438534
838996894
856818366
838206190
832639854
815801199
816849679
816881933
821080332
812744972
1884325948
1615902764
1615898924
1610648108
1627564556
1644621388
1913004749
1912996494
1912930982
1912865702
4064542886
4069792934
4071889078
3535149199
3501389965
1353885837
1358142021
1351781895
3568536854
3568337958
3584074786
3756041250
3743532066
3693217042
3694266178
4231194562
2081615575
1821543141
1820363621
1870703364
1786817796
2051055636
2113970212
2132176932
2098597916
2098593852
2081817640
2096499240
2109147752
2142587512
2125811273
2125783627
1584718155
1597259851
1563754586
1547043194
1547050602
1551788778
4240304874
4239194762
4239167371
4239164875
3584853195
3589177823
4113469927
4046381543
4046287730
4030677602
4047401570
1937712099
1929328483
1929251073
1928202241
1929332737
1918655777
1918640421
1914188047
1914389259
1918554971
1973088747
1956309993
1956244425
1956223945
1956219593
1415297787
4061720506
4063781307
4068229291
4067360939
1937649835
1627267499
1895703501
1887311373
1887372879
1887180398
1882989934
1880910958
1885100134
1892468966
1905187026
1401903186
1385134274
1389177986
3528336770
3327010179
3336185473
3317307008
3300525712
3300394656
3299620384
3299632672
3315918373
3349456679
3353649446
3613753382
3559096422
1412596871
1343405197
1879484557
856074380
839174316
570738844
570943629
571663439
571662351
594993470
568771374
547668782
547684150
543488790
540286774
537923302
537002726
818021031
813830885
813830716
813703948
880813324
365963276
366032920
278075673
277023227
297880490
289523386
318931594
386110090
385987470
385917374
390111342
390177830
1464968246
1467064374
1466150974
1428615182
1428575503
1970163549
1911442157
1945946861
1945955053
1658645069
1650238985
1652458249
1648263481
1648267307
1647161390
1648156734
1646059758
1646085294
1645153710
1666058942
1908816542
1904622238
1938173597
1471555220
1470374596
1474585412
1399121236
1361093844
1344453828
1348634756
1348700292
1345490052
1412615301
3564299477
3588351847
3617977895
3013926439
2980355623
2984549911
4083482119
4067425799
4067321350
4067305062
4076092902
4067691750
4067755118
4062643230
4062515206
1898303494
1882628102
1886822406
1626508342
1624344583
1624279300
1615895044
1616034356
1662187204
1645347460
1645224580
1645224620
1645224108
1659900072
1622427817
1622460585
1672923337
1655875785
582134985
839971995
839934139
571682955
554840507
540161707
548550314
547754730
1621455370
1889821194
1906635274
1399120427
1394926377
1361342760
3496939832
3572433176
3569222936
3567144232
3567188457
2493163754
2493032890
2545461642
2524491658
2251915914
2252051130
2520359678
2518213374
2535055975
2488951591
2493138211
2493466722
2512193650
2533112002
2520590546
3594388610
3593340035
3324907907
1181623697
1470508977
1471426480
66333088
39070116
34876836
34876804
303496580
292982660
275877764
275877812
275955604
275947460
274964293
274763301
274782765
316680751
316869166
312614446
312876334
317070382
308743214
305400846
37039183
37121039
37127453
41125243
57901403
64194011
30643675
13868506
5487066
5487614
7465982
15953886
15876046
15865822
1089615350
1089562086
1097887206
1097919862
1131535622
1131644166
1140033286
1169273654
1169204005
3299980085
3572610932
3562121188
3557930980
3558062068
3692221789
3713123693
3746622767
3755273519
3755244863
3749018911
3715530063
3715528015
3716040671
3724494303
3724408287
3713922463
3747374591
3747374335
3747374574
3713885486
3716119854
3699203390
3706582334
3706578206
3706384671
3703231245
3703231324
3707355612
3715679740
3711720956
3745340924
3728685564
3732810141
3732814237
3738574751
3738507167
3755283359
3755217563
3721679610
3589563370
3581207402
3581208426
3581392254
3581392158
4126651711
4126520623
4126521151
3590176543
3615333911
2537397766
2537545238
2537487894
2671671062
2642281782
2633894950
2629700726
2629770455
2629643735
2646093239
2683852213
2657632692
2653540756
2654720468
3732795772
3682362428
3682362428
3648283709
3648269359
3643815982
3624998974
1477589306
1498561322
1539718746
1535578762
1535906443
1519153801
1523098536
1527296936
2064160696
2065210840
3910777624
3913001784
4017859128
4025199128
4016750088
2938799624
2938798600
2938815224
2839151340
2821334764
2821205996
2834040933
2829518967
2829531190
2847222838
3954529286
3952591046
3940393094
3939280262
3947687830
1800170134
1762208406
1745492390
1746540646
1752832038
1827277862
1823081479
1823155397
749298816
766027648
1835579024
1831372468
2100856500
2134610564
2134549189
2000594455
4113493543
4112796207
4112800303
4117519663
4155241517
3081404461
3198844941
3198844941
3220939789
3174607407
3174873646
3175078446
3174988302
3208003086
3220506190
3201577966
4275843246
4292621486
4156306606
4155905196
4122346636
1437728972
1433403404
1362149644
1362141708
288399900
321954332
334739000
328440553
311446443
315886010
307103930
319174826
286665914
286400906
810688906
821035914
816866218
821060523
837870057
812704040
812835608
820414232
812486456
275557176
275557144
275622153
275749129
367954955
397313035
380535883
379946218
317035690
309829802
1379033514
1376919946
1393697678
1360134798
1371677359
1367417517
1350574764
1350890072
3499394824
3495725832
4034443800
4042238520
2968431128
2964236808
2712583691
2792325642
2789049066
2789053098
2789192362
2789073578
2789008046
2793203630
2792152494
2808935902
2775438814
2775283167
2775213279
2783601885
2817160413
2818276573
2784722167
2775284983
2775469270
2767084614
2767125510
2901408774
2901276694
2901404950
2910842391
2944394839
2940204631
2925523575
2925318757
2927411813
2935801453
2952546157
2944229247
2944302431
2944363863
2910678391
2919005559
2919221303
2918107159
2951404823
2951478581
2951479093
2917858839
2909535767
2905144951
2905144951
2905137127
2909586919
2909554167
2918012375
2919192023
2919136663
2910743699
2893899955
2910615795
2910410867
2918864897
2951378945
2947180801
3215605249
3219734065
3219662389
3177719333
3178772007
3187150119
3170372647
3165129765
2645298229
2511166581
2511305813
2515398101
2516350357
2506966935
2641190839
2641182134
2641181094
2540648630
2536454326
2536914070
2535863446
3609338063
3609420815
3609324559
3579897870
1432398094
1441835286
1441962806
4101152534
4115830279
4048650837
4056973924
4089610980
3008541428
2471945924
2538925909
2505338853
2488625510
2488695078
2497595426
2432452658
2431141906
2426956818
2443927810
2460672771
2460926467
2528018945
2527888929
2666307169
2657926753
2657924965
2657923557
2658050493
2659184797
2654950557
2654935229
3191814317
3208001711
3174443183
3027642783
3033934479
3029743247
3566477967
3566215887
3570410221
3569361257
3577753641
1363214393
1363214347
1397825545
1930502153
856764425
823198729
823395337
823936009
806177929
810540427
810546571
274199947
282588555
282588555
282326475
282328923
273936187
273935339
273936315
290975643
307677067
307676041
845071241
910607259
373617582
373355502
373355310
357622062
343007534
351527214
351528254
345500110
344304525
881171356
1971829692
1992731532
1716436876
1713275276
3795222796
3794043180
3793789229
3793789487
3793790511
3810713134
3844263470
2770749990
2775976678
2815708071
2794736023
2794768599
2794781783
2794957829
2784476933
2889263621
2889263621
2889267733
2755054117
2759117607
2758854951
2765146983
2773609270
2773609239
2773610039
2773577527
2773962551
2784315189
2784315221
2783790423
2783784435
2707762419
2707699890
2741242034
2750810290
3824557187
3818271875
3817219203
1640374403
1908809939
1891971171
1893478439
1893474359
811344143
813437711
811484681
819911177
819903257
1620945721
1637722969
1637329545
3822357129
3792994953
3795092152
2721419944
2721510056
2788582125
2787533357
2799969061
2795781413
2812550181
3081532477
3081756701
3081756733
3064955967
3068497023
3060054239
3061094622
3057092734
3073824894
3073829982
3044467806
3044439391
3043382783
3051767551
3052752623
3052673791
3044285023
2503228190
2486642974
2490771518
2499226686
2495028286
2495552798
2226928926
2242649375
2246839583
2246839583
2246888543
2246941917
2246941917
2246942205
2246949821
2238560925
2272107197
2272107197
2200959677
2251258557
2251242173
2255437740
2523807148
2540645564
2506433693
2485482653
3493065917
3490886815
3490950351
3507530830
3545278478
3620841742
2547165470
2538776879
2538797359
2547179327
2545088029
2545074749
2545320493
2662696493
2663155309
2667352045
2591865341
2587879663
2604591359
2571004287
2558410623
2557877823
2633383487
2633330303
2633297501
2650075133
2650049021
2650573245
2650573725
2625486493
3161437887
3023017662
3022755518
3022624446
2754198446
2754128302
2775099631
2775095391
2808735757
2787830029
2787831564
2788091676
2788054316
2787902508
2720795692
2725071916
2733525052
2729367644
2695813580
2700004044
2700004044
2691681996
2699949804
2699846380
2699829997
2699830254
2699821438
2699886906
2767130938
2758750522
2758617114
2754439194
2758408282
2766915659
2762705097
2779482312
2814091208
2801447624
2793054792
2788860456
2788860457
2922963501
2787697191
2791886374
2808925990
2775436086
2758801718
2758670674
2758662482
2767047154
2767051251
2767182322
2767190482
2758736338
2809063810
2792287618
2792285570
2792346002
2792346002
2725114098
2720821350
2720824359
2704095293
2691573788
2699962388
2695772180
2695772180
2696751364
2694604292
2697810436
2748301940
2731524832
2732348065
2798940850
2792625058
2808353698
3043234214
3026464950
3027055806
3027056894
3035511006
3031333071
2964256973
2982078668
3015241676
3002655372
2990264972
2990195340
2989409276
2989375981
3010280807
2976721254
2985109814
2448244030
2447901982
2515272974
2516386830
2516401182
2549885998
2260542502
2277400598
2277437443
2243416337
2230632752
2222211360
2218017056
3290713121
3223746785
3223775427
1395058882
1382992002
1387104450
1923646918
1924764646
1924702574
1649975663
1645781359
1644732749
1644929225
1644871913
1661616363
1611531755
1615731179
1627274219
3769510623
3769510606
3786238670
3820781262
4143735438
4133237386
4128703230
1998000878
2086077166
2090205925
2089947436
2025063468
2024021033
1479288842
1480583178
1495181322
2068679434
2072815114
2055774730
2055770635
2055967240
4204507688
4213039656
4179433064
4162718696
2619214248
3695053227
3703441834
3702786442
3703317898
3434873102
1290666254
1290670390
3434012711
3434078240
3434062880
3438196736
3748562944
3727329344
3727395008
3660157127
3660091639
3664302317
3731370472
4268372392
2087265704
2083007400
2083269288
2087590568
2095454873
1034165899
1068766858
517226122
236351114
240578459
106031018
114357163
133202346
95453610
78741930
78885290
95528366
32614822
66320774
57866630
41056646
41302407
41291143
41354647
39912886
325068774
291514343
291513831
291583319
300094741
299972405
299905844
299897660
291582268
274936088
2232584
2314521
2143547
274774298
342145290
879003994
887916986
935168394
1992276105
1991946440
1996140744
1983553608
4131037420
4148093420
4114506476
4097725164
3840820967
3836496614
3836004966
3852785966
3890513982
3865348110
4129723398
4129726470
4129742918
4129689686
4129685986
4133947362
4155252386
3836557986
2762877570
2762926722
2762975937
2762841824
2762776096
2766970400
2888604212
2888613380
4012699140
3995937828
3878431777
3844344866
1684475042
1684149410
1692546226
1689401218
613561986
880813698
880832195
897624641
360954433
293649265
1367378529
1405128293
1380224725
1392938695
1392952967
1392928131
1392911523
1397040291
1396969635
1397567715
1407132871
1373513159
1369396935
1369294455
1352529622
1356719830
1365092310
1365092310
1348255222
1348263271
1347734885
1347738981
1360518965
1366712085
1400260421
1391867717
1387668293
1388196179
1388253219
1392250919
1398546471
1360863287
1344102711
1346135871
809362975
813686287
282774031
278448670
278448750
282642918
273272310
269112706
269116802
269181346
273211811
277599153
295584643
41288066
103158146
102964690
107157794
44054818
44050786
61090274
61090198
48643463
44433796
45482372
43393460
49553828
40134564
52752292
52755428
19122517
291568917
299947317
300143927
291672375
287486239
287551774
270570302
270569278
270637942
274840054
275040758
283396502
300296582
48638343
48637317
48378756
48366468
39846820
39871456
56681440
6394196
6467860
6403380
23107884
1096915260
1096988956
1105377548
1105312028
1101372220
1101504316
3315959599
3349447470
3332678958
3336875054
2251614254
2252146726
2251163654
3308136710
3253612358
3249421990
1101926052
1101794996
1105989252
1094471556
1092996500
1092865456
1076009424
1076013312
1076013312
1092724992
1096850737
1138987793
1117950723
1117958658
1117958918
1117958486
1134861542
3244591343
3223619823
3492120783
3492194767
3508972879
3508970831
1399292175
3546317087
3546382653
3512857389
3496339237
3496406564
3513149988
3614853668
3606530581
2533228309
2533160213
2533150743
2533347399
2508112071
2491302278
2491303862
3572981414
3568660134
4122242726
3069470375
3061110183
3060846847
3055591647
3072368735
3038831709
3022186253
3022441988
3026603540
2498125364
2498178612
2497979924
2497980180
2498508068
2495566884
2495464480
2478162994
2459403330
2463596610
2517991542
2517664870
2519971126
2519918086
2517790214
3595709958
2522287623
2522089021
2404648829
2413106557
2375423325
2377586015
2377397631
2310288767
2314565471
2381837831
2365043287
2364912247
2362815223
2287843063
2287838967
2300358118
2333916326
2333990038
2384418006
2384343254
2384343222
2401173950
2371818414
2361340590
2360685231
2358523547
2358519451
2362732171
2354376585
2222456281
2217036281
2233731577
3307548105
3307613641
3295552728
3303805032
1156317308
1156403228
1155883068
1147461924
1144319269
1144383538
1194780674
1178003522
1179797698
1188433346
1184235906
1186857858
1185821683
1185932000
1173136096
1164747620
1412211556
1413260140
1430044008
2000460008
1998358760
2002553001
891152555
874391695
874390927
1010705039
1014366893
900072173
899744365
933241397
383804161
375431424
375427072
102801444
238067748
238074932
1295169540
1276287236
1548913412
3717368324
3717630549
3752692327
2661867365
2590568804
2586603876
2569941317
2552635845
2553684469
2558272487
2560369582
2560369582
2560372650
3634113466
3638303626
3357297546
3443317130
1295673802
1564370250
1597923593
528466184
1064272184
1030722344
1027383848
1058841128
924624408
906804760
906337016
906988264
839895736
839847817
861537739
821695946
820671946
1890247898
1890493690
1907141882
1944890602
1920765098
1920828602
1377742986
1377726602
1377706126
1365123262
3504219045
3231589028
3300799136
3300659936
3299619344
3303809540
3299094021
3299158534
3299305990
3282524726
3269806694
3261352638
3261384590
3261907342
1122812061
1123872940
1115480236
1128046764
1093447916
1076211836
1076273436
1076276508
1076267788
1348897549
1357289997
1084668431
1101508111
1202165262
1453818382
1454162462
1449980718
1446830190
3610828846
1467596847
1467662349
1446695244
1446634316
1446634252
1916393240
1914276136
1918666793
1660848171
1644079371
1626257675
4050554379
4079845977
4063003385
4131160680
3860644200
2786914664
2791071848
3063752940
3063814380
3049142668
3032361357
2633837463
3707512754
3706991282
3707179954
3707175858
3698590178
3429900322
1277173762
1277258754
1298295042
1340230402
245516994
245516930
250612642
250616231
242233765
242225340
259010804
259203188
224534560
203563296
203439392
203438368
204483345
137591555
141753154
158522178
158485442
192039874
200432067
183720403
183589361
183523681
183527777
175139168
175171936
191953249
191953249
156301795
156293603
156359154
139655618
148027842
148027714
150124866
166893890
166889730
199461138
190888290
175155554
175225714
183606130
181466914
198243106
198210339
164651299
147878181
147910949
147894572
139509020
407083272
402823432
436377864
504535497
504797321
507284619
505987226
505954490
522850490
472789422
342237870
346432230
346108518
362819094
329263670
329264679
329269092
296882660
298979812
269631844
269664564
269521172
806662412
808747789
540520201
1618389769
1635695177
1650363017
1917749899
4061039242
4060927626
2987147994
3056861738
3060015402
3080986667
3080986665
2510626924
2510708940
2512282060
2645910460
2647971757
2642201071
2670577774
2670721086
2670192670
2670094350
2669833486
2674025230
3748807182
3755099006
2614112622
3686802798
3686819327
3754030589
2680280541
2638323676
2638454748
2638323708
2621489148
2621486836
2621683444
3158487764
3158684356
3154421492
3155472100
2904460132
2803796260
2935654676
2931460356
2935592197
2927141143
2922946598
2922946606
2938762286
2905234542
2888436974
3975023806
3971350710
3969323415
3973390999
3964936839
3965003394
3965135538
3973540514
3971435410
3971369858
3992341378
4017442754
4264822226
4264826214
4269089126
4276363302
4271906854
4273025078
4270850063
4203762719
4206914861
4223794029
4215536509
4215404895
4181810511
4181843279
4165195103
4165203061
4165186676
3896620340
3896614196
3963854384
3963852400
3963786960
3976378064
3993220736
3993042560
3993005747
3993268130
4010020066
2950431842
2952725522
4025365506
4159054850
4154860546
4137815106
4272032962
3753053377
3616546020
3582995940
3569364476
3560979932
3556797788
3561094716
3561406012
3502743165
3515651791
3550249678
3533415150
2526786030
2530771438
2539160814
3038284094
3021834502
3024005895
4097239815
4097238805
3841114421
3834822967
3834888663
4097925511
4110493063
4144185239
4127353255
4131551655
4135831975
4137012423
4139041869
4139025421
4160009229
4151682095
4147569967
4147574126
4279396198
4283590630
3209893862
3176335350
3167819734
3167758167
3167757663
3167763805
3167764317
4241583709
4258365023
4258397791
4290887647
4290887167
4290876797
4275278973
4275277948
4266766428
4262572052
3993034780
4009783324
3960542508
3960609576
3828488809
3840019035
3836086986
3886504586
4003495562
4271960714
4277191610
4277420714
4267131626
4283835242
4252115246
3170046990
3165848590
4238545950
4238423102
4239406383
3704633149
3721410076
3745593116
3745658124
3745717516
3745602620
3745609772
3745740905
3745536219
3745840586
3754182030
1606861754
3754062830
3653395438
3653395310
3636683055
3628130573
1480712461
1476628744
1476497720
2017508648
2017508136
4232559224
4228299480
4228815496
4246584968
4281910921
4265296539
4130997178
4135190698
4143583406
4156174574
2512135406
2512153711
2512217183
2547966221
3734958604
2661270028
2665300504
2658734888
2658678056
2636659753
2351438889
2624206905
2633657611
2562457355
2560163659
2577173979
2677835243
2682028459
2681508779
2669007545
3608269465
3591525017
3591508665
4127396777
4127204521
4131417323
1992359019
1992547338
1993530378
1943194634
1408418826
1375138874
1366814762
1349808187
1416892729
3572892441
1425933881
1425940009
1425833513
1423730217
3294388745
3293340169
3293442573
3557725053
3561656813
3611989485
3603609999
3599407502
3733621646
2660994702
2667086510
2654532270
2654790570
2671538667
2503893355
2491293997
3035505981
3035512605
2490203933
2490137949
2507990365
2549997773
2665337037
2655895775
2655830511
2655830383
2672645419
2673825083
3747553595
3755811131
3758039323
3753775433
3720218073
3707569641
3697027049
3692832761
3692896985
3693032137
3697160777
1558065993
1557533513
1423397209
1440044393
1196750185
1465253241
3612867913
3595689289
3595603225
3597698363
3605300603
3605377403
3605504475
3605459418
3623285146
3579761066
3579269290
3562492139
3562434939
3562431771
3589695257
3623251480
3623218712
3623147288
2280932632
2280932376
2507456632
2507460712
2499278312
2499196905
2499196585
2515907243
2515833594
2505347802
2501358298
2501239386
2501174138
2501209898
2501273898
3075893610
3068099067
2531096970
2531005834
2531005322
2531132298
2415788970
2415797166
2415665646
2382111014
2378117382
2360242438
2360209670
2360140071
2360124709
2364050725
2355661156
2351667413
2352724180
2352920788
2369699024
2671682880
2654380352
2658570560
3195441920
3195442960
3212293680
3210196528
3174405669
3207910949
3207919399
3207882086
3207929070
3195342062
3067415782
3079996662
3080138950
3080135110
2549424582
2515997126
3581281238
3564509142
3564515143
3564515143
3296145157
3296009989
3295944461
2220113693
2228518685
2224414525
2224480060
2274803708
2257950596
2258403972
2264695452
2256372652
2256393132
2256396716
2273173933
2239622638
2490165542
2490161446
2486523922
3560399874
3291881474
3289784322
3424006419
3428196657
3445502740
3464365828
3472771844
3471821636
3735915517
3735861679
3735858090
3739789210
3739779978
3731391418
3744105130
2637886122
2637849519
2637768620
2637770228
2683977044
2680032532
2663253268
2661750548
2393125428
3483636277
3454796334
3437757422
3429372078
3425182894
1295530158
1312299150
169355406
236546190
235924877
235906436
253208516
68596548
70423301
337818373
342003989
342066468
1416662052
1467000884
3595606292
3591420212
4128291620
3067133476
3063054887
3046539831
3163980326
2629620262
2558273062
2554075750
2552629750
2552367286
2602698902
2599552142
2593263758
2323914894
2323914991
2340693100
2290367772
2362194252
2363238860
3302513044
3298426804
3231365044
3231626165
3281957287
3271459750
3258811302
3526197910
1378717382
1378654727
1915529733
1647094277
1647229724
1647220796
1651416109
1659798573
1655603245
1655676940
1651302668
1647104281
1631372057
3762209577
3764276777
3768470058
2693679674
2694368074
2698566474
2706959306
2721771210
2720711306
2733294267
2729104043
2797138347
2813911467
2782421227
2774066415
2770009591
2770233847
2904451527
2904439239
2942114245
2941585511
2950105126
3153206290
3119656194
3111266050
4180878850
4182778658
4186976546
2071986214
2072445167
1535774904
1536692360
