627947895
896384375
896384439
896382389
929935797
913158580
913160116
913162164
1994767284
1994766772
4158766005
4158765493
4158831543
3076701943
2540873335
2540828215
2540725815
3211884086
3178722599
3186054439
3169273143
3169307927
3169180951
3161767189
3161767189
3178540375
3178741079
3210196311
3210130551
3210186854
3205857318
2771767350
2771842103
2771842103
2770784039
2774945383
2783268471
2817883735
3069673031
3061259975
3061128919
3061061223
3077854823
3052685158
3035977558
3031951174
3036081926
3036151062
3035991331
3186986275
3220567315
3220563729
3195331377
3191141153
3191166753
3191299377
3074365473
3044886563
3053406515
3049152258
3049137666
3086886466
2541582146
2549963858
2549927010
3081554018
3081558050
3085752354
3085826098
3052337458
3052404018
3043818802
3022806290
2485914962
2486050162
2490252131
2498632291
2494372467
2511084113
2511092544
2515286336
2515286352
2246850896
2246851957
2247049061
2247048037
2246908775
2246843254
2230073814
2230073430
2230073430
2246924358
2247096642
2247097154
2246949714
2238488562
2238488562
2238561779
2238692803
2238691523
2238699715
2238699603
2238593139
2238593123
2238593314
2238594866
2231254546
2231254546
2230140482
2230082114
2230115154
2221709651
2238552403
2272238017
2272239041
2272246993
2272115920
2272050416
2272124128
2272263392
2272196832
2238642656
2246998880
2247060048
2280651329
2280520305
2263677793
2263677219
2263677042
2389506130
2389571666
2389571618
2385467426
2385397842
2385385794
2406365506
2372811586
2355960690
2364283731
2364291651
2381085505
2414738257
2398092145
2389572592
2389555664
2385361344
2385492416
2402204096
2406398016
2372851776
2372917328
2356009057
2355984739
2356046706
2364467826
2226118242
2242697826
2276252386
2263653351
2255264213
2251135173
2251208901
2234431701
2221865207
2221865463
2230254582
2247031542
2246933222
2238462694
2238454390
2217548375
2221808195
2221816387
2230270803
2225879411
2225879139
2225879155
2230073427
2230130755
2247040337
2246983505
2246983505
2246864721
2246859617
2246859745
2246859635
2238667603
2238643027
2238643043
2238544738
2238479218
2238470994
2272024946
2272090482
2272229714
2272229714
2238675283
2238668147
2238537585
2221727601
2221727696
2221734336
2230172096
2246949328
2247080432
2247080417
2247080929
2238693347
2238693363
2238693363
2272247795
2255470547
2255469521
2251274705
2251274481
2385426657
2385443057
2386492625
2386459841
2386453969
2386519521
2386526195
2369683394
2356576194
2364964802
2365022018
2364888434
2381608290
2381636707
2406804577
2406923344
2390657088
3329198528
3341650368
3308240320
3576675792
3560945105
3560944881
3560813809
3565153527
3581930727
4135451877
4132830437
4132754917
4132787668
1985443268
1985443284
2002212340
1561665524
1563893461
3711385303
3715578454
3723968086
3723845206
3702882134
3702908694
2627069718
2627053399
2627055445
2627059060
2580863333
2606024805
2601781287
2585082918
2601921574
2572561470
2566262046
2562067998
2559909406
2291412534
2291412542
2290363966
2294578958
2294570319
2286188885
2286188917
2286214517
2286144893
2294535677
2294411741
2294346749
2294395823
2294518447
2294514345
2294330009
2353047193
2349186713
2349308569
2367605641
2233400201
2233362889
2235448393
2272202761
2272079897
3354210616
3350147384
3316585272
2230132268
2222725677
2218596927
2218662406
2218404614
2222537990
2260275462
2260357382
2259304710
2259566902
2259435875
2259448163
2263639911
2280415085
2246933375
2238544767
2238544767
2272230271
2272222079
2272223071
2272091999
2406348127
2372793727
2356149759
2356149759
2357189111
2356533751
2352339959
2352347991
2373286725
2406971653
2398579973
2396417333
2396417319
2396482855
2398375271
2281458022
2238499174
2238564726
2238708086
2238544214
2238544215
2238544215
2238675287
2238675927
2221898711
2230156279
2230156279
2230189047
2364406775
2355952639
2372713469
2372778493
2372779485
2305670620
2305799580
2314184116
2305271204
2288498604
2289418172
2285222812
2283224060
3356961660
3373673261
3373672813
3642107375
3654689230
3650363854
3380879758
3364107662
3368353278
3368868182
3364796678
3364796678
3364796679
2292104455
2308814135
2341766439
2329380135
2328282405
2328285031
2319568743
2319515495
2336290663
2336356343
2302932311
2311312727
2344721783
2328082725
3401759012
3393304852
3658778896
3658778624
3658843136
4194742340
4194738372
4211515584
4179009923
4229351090
4231153314
3965785762
3903862438
2897231782
2895134142
3162516878
4236454799
3703778125
3703646772
3703577120
3453229872
1305754928
1305747472
1305813184
1264001152
1259745408
1259786625
1266599299
191794562
200116626
1236113714
1235597346
1235528738
1235528738
1239739430
1274543414
3419864375
3410382101
3393326421
3393396053
2336570741
2336571185
2311528241
2290562609
2290562609
2290433587
2290359843
2290359841
2294550305
2294550305
2311523603
2311458067
2345082163
2344959267
2345932835
2413037939
2413054323
2415151459
2280967651
2255783843
2271515571
2271581107
2238026645
2221252533
2221185973
2220989365
2216819605
2216917463
2233612567
2267166983
2250386694
2262967558
2258706711
2258708263
2258704167
2258636583
2263093031
2263664999
2272106871
2272106869
2272115029
2272115061
2372778487
2372909559
2372909303
2372909303
2372778231
2368600311
2368551159
2368682231
2368617191
2355772135
2364160743
2364029655
2364026567
2364026567
2364308727
2364398839
2230312135
2221907143
2221907415
2238684631
2238619095
2272181655
2272247191
2272247734
2272247735
2273296023
2273296023
2269101719
2269036183
2269050519
2235463415
2235508727
2239571319
2222728230
2231122982
2231196710
2248039478
2248076359
2280580167
2271585733
2271512005
2267907540
2269093364
2252257780
2390141396
2390141252
2390666244
2654974997
2654859317
2654859381
2636796245
2624213333
3639230965
3634889189
3639096807
3631754663
3627560359
3627757478
3630050982
3654688406
3684114055
1535207053
1522661325
1514207197
1510012909
1526789613
1526822253
1493394783
1497592927
1497576543
423760991
432217439
432094591
465649007
465649647
448864237
465575901
465582029
465582045
465631103
432125823
432125807
1480703341
1480703285
1480703284
1497472276
1497415188
1531035188
3678535220
3686890100
3682810469
3682745319
3682737646
3686993134
3678407918
3674213582
1526820046
1526852814
1526983878
1531166150
1531158007
1531157975
1531157719
1531032791
1531163847
1598206421
1598206293
2135070548
2135070228
2135072276
2101516572
2097256764
4244674605
4227906597
4228035639
4228042775
4228038662
2080587830
1967214694
2000911718
1992457063
4139932247
4140980807
4141045446
4141208262
4157915462
4149526854
4116050014
4107788382
4107724158
4108318591
4108310383
4108109615
4116501821
4116510009
4152359992
4160158744
4286048280
4285918297
4147502169
4147594457
4151787769
4118089963
4118098170
4118229482
3052877802
2511681134
2494903918
2427795038
2444572186
2442999307
2174500367
2178693919
2178701631
2178702639
2212320575
2178765119
2211795839
2213892719
2214023791
2214057583
2213928831
2213837183
2205431903
2238986335
2239183199
2222341759
2230730351
2231336559
2231139935
2231172687
2247949663
2247949407
2239552639
2273107071
2273303679
2273230207
2255404671
2263792255
2263726719
2263661407
2272049247
2272049247
2268059743
2267961439
2267946079
2267954415
2255371751
2263760615
2263776999
2259549911
2259466951
2263661255
2263137221
2204416453
2468853957
2469836869
2436282453
2436282485
2436282469
2971073637
2971139173
2973170791
2973162615
3004651894
3008715126
3008723830
3017800294
4057987702
4057987911
4091542343
3008198997
3008125301
3008125301
3008190837
3008321877
3016653141
3016719191
3016571767
2479700854
2446146422
2446269302
2422020438
2422029142
2153593430
2162047606
2157910630
2157714022
2159811190
2226920023
2225871431
2230073925
2230090309
2230123349
2230188919
2230188407
2221537767
2355870695
2355870711
2355870679
2355870149
2355871173
2372648341
2372648341
2372517297
2372517025
2221653169
2221587857
2218442129
2218507665
2216406417
2233118081
3339365761
3339369857
3339423104
3306728880
1142484448
1144565024
1148890416
1206566160
1189780736
1449821200
1445494832
1445503024
1579852032
1579852288
1529513472
1483639315
4167928438
4167617254
4167621030
4176017574
3165168806
2896732342
2880090255
2867458469
4198032292
4263043828
4262160096
4262342369
4266528481
4275834339
4284226802
4233444530
4235598978
3694527618
3698459074
3706848066
3702608690
3702579761
2628822548
2643503636
3213994532
3213990436
3218115108
3193211452
3191191132
3191849564
3057451772
3057451692
3074302633
3039768495
3047958958
3030649006
4104456374
3701545094
3705681090
3694190658
3694239746
3715342338
3753091330
1588699923
1589032706
3736506626
3663106098
3659498530
4196174946
4195137634
2047862871
2047862807
2047768629
2119851111
2130314455
2147090627
2104164483
2083074435
2087393185
1023360672
884955808
901204688
917850816
911504960
907305920
370434272
1461068001
1410741491
1415454198
1557793494
3701017174
3700955702
3703061030
3703060022
3719852574
3735773742
3735806511
3668562221
3672686716
3665595608
3659307160
3659377032
3641092488
3624316296
3624313993
1476821151
1543799022
4233151598
4241660990
4241664055
4237469988
4254510884
4275541508
3059188228
3055010372
3054916340
2518038245
2520721063
2520596134
2507937446
2491155886
2495349950
2495415502
2495157322
2628267018
3718785038
3454543935
3441965358
3425261886
3626686238
3627725599
3638207484
4171015164
4187792021
4215580308
4194602629
4194675397
4194806390
4194744614
4198939686
2866191398
2859910182
2872950806
2839396422
2822660295
2824759255
3906893461
4171173557
4175170221
4166785772
4200344140
3665636172
3665771564
3665626148
3673960468
3674021892
3388940292
3367952384
3366380800
1218879040
1219398320
1220385440
3367873953
3451694226
3472157842
3728010402
3593501863
3593520551
3610396293
3608307340
3746571916
3733991087
3732958958
3734239790
2662587182
2682277166
2380549174
3437521926
3471205634
3471205634
3462821155
1242824739
1241784435
1241784562
1241915602
1259221122
135943298
140168642
208177986
216566322
213494322
213428003
228106529
1318625552
1325039620
1178255428
1177157828
1328155796
1277843884
1282046893
1286470317
1421666975
1437918859
1454674571
1452573338
1456706474
1448260587
1448256877
4131628076
4131431468
4128284716
4128743436
1981255684
1981075508
1897677092
1881014817
1415448083
1425935874
1558780450
1554524706
1571301666
3689490498
3689560258
3672775810
1248527490
1273692562
1235817394
1219039906
1488484007
1488512677
1486661284
4174685868
4162097836
2031194812
2064757404
2064692941
4212174799
4212189486
4212357166
4214650926
2570483759
2650725663
2629748493
3166619148
3166496268
3166479892
3166223652
3166346532
3183445476
3220996597
3208413639
3158229446
3158204918
3158188390
3158189350
4232001894
4231801158
4244449734
4257098214
4271769990
1522410885
1519657348
1251218308
1255166908
1242625004
1242604396
1224846636
1220913468
1237625117
1329895727
1314363702
1314823430
1180336390
1190838598
1115308482
1094320546
1077546403
1076767619
1080953729
15141777
32841105
66330753
55861395
55861426
21258338
1078256674
1079299362
1087801906
3267275266
3267276291
3267274243
3265037857
2191295009
2475198049
2425067232
2425069472
2483588512
2484636832
2487209136
2486103280
3157189968
3023990528
4114558464
4118556161
4150013459
1927087650
1927086626
1390347042
1383989510
1400774662
1365123078
1373381678
294397998
294414379
1368176651
1401456651
1120634634
1108062986
1124774666
1426699099
3557340139
3696791021
3701115132
3703216604
3720003052
3689605092
3664503540
3664323269
3665502854
3682153390
3715642798
3694663854
3711436974
3581544590
3589937294
1471818126
1203241358
1202217454
1168662893
1168662824
1164468328
70803756
18770236
18761988
21351216
29674272
130336547
105165574
235315462
236364038
1245085702
1262414870
1228564550
1224362178
1218992546
1219033763
1220083360
1220059808
1217962656
1272488592
1243455888
3658391792
3658395888
3658398720
3659446273
3743324417
4231695105
4234857009
4251455073
4252513893
4286063341
4275578799
4275773359
4271574446
4288417210
4254864778
3717489034
3737186507
1589698635
1577094171
1309903134
1309927710
1330719070
1557277662
1553088142
1553339278
1553859006
1553727919
1559756973
1551391900
490498252
490534924
490723356
489576764
489573940
472796725
208565778
216851970
234677810
224196466
222680530
264756354
260496514
260488322
1200003201
1200015488
1200670880
1326501024
1326501600
1326632448
254963200
254881296
254029344
254027299
225371923
502174979
480937409
481987777
1486400993
1507371361
2119739427
2121837606
1983423534
1982350398
1982398490
1462370330
3563730730
3567920746
3567912554
3567781599
3299358413
3299350221
3304590991
3302587015
1154148999
1149954711
1204550567
1187696039
1188749445
1182457989
1177268231
1177391142
1177333798
1193649198
1193781534
1177545486
1325198142
1318902574
3465038142
3465088286
3453551054
1291461518
1287266957
1286222468
1287193508
1287136160
1299980704
1176256676
118968476
87222348
70445324
69396748
73591053
81840446
123796798
108065034
504615178
525517594
533463850
231212846
210259758
210493303
206237639
206237585
474540465
475572624
475707536
349944976
391885952
371110016
303997056
840863872
571901376
570918881
574916193
600080929
563380783
555520523
1648226826
1648240394
1663707402
1630153002
1625962858
1621756394
1621821850
547958155
833101961
867704969
303636616
303980732
302932388
302327716
314838944
848039588
852234133
843853717
307177365
323888821
291403415
284673742
283497998
283487758
283618830
283552526
300334350
300268590
300723246
275555374
1345102863
1883159581
1883146540
4049505061
3522857525
3535440391
3605704199
3597296134
3597279750
3597271586
3622306786
4104650918
4104650919
4104917213
3572244492
1413226508
1142696973
1142843663
1158605318
1192069686
1183615510
1183353350
1183417926
1183486662
1317704646
3466236806
3470500259
3487080865
3453531552
3438919152
3438919152
3430530384
3693722064
3693779920
3693784048
4234849184
4285111968
4264268416
4264526528
4264542784
4264018208
4263981089
4263783463
4247005222
4108658734
1973827854
1973816142
1924009670
1924989582
1455161998
1453134782
1402740902
1356603558
1079979142
1075715206
1074662534
1078725798
1150033830
1082928813
1082928876
1099705884
1099181580
1100230156
66350652
52555556
36755236
34652453
33669389
33677645
50570697
285388681
818060169
813861769
545491849
1619172233
1623431817
1614921352
1694540472
1728094889
1979736745
1979917035
4145160811
4149359659
4155575339
4054059051
3517188105
3517786121
3249482761
1101930505
1102983433
1100677387
1103626555
1103675882
1091093930
1091144107
1074502025
1074510728
3490365320
3490693064
4028415816
4036792072
3770531368
3785337384
3818826283
3806242346
2787025450
2789114430
2922201342
2922123498
2938900650
2888040618
3966113963
3970832637
3970857676
4022270541
4005554701
4003260943
4275888462
4263276622
3728605422
3745382886
3695051746
3697938082
3635088114
3634961010
3366459938
1218984226
1286089986
1290478595
1282023425
1282048000
1282113904
1294565840
1328120208
1177256336
1181453712
1181452688
1190115760
1181727153
1177532819
1178597810
1111322018
1128080802
3242141602
3246270370
3250468786
3284082578
3282574738
3265799602
3265799666
3265865154
3270065474
3270057730
3270057746
3270065970
1122514211
1122513201
1139405104
1105826064
3236663572
3228271892
3224079124
3223952180
3223894564
3223894757
3241712358
3273148078
3269264014
3331986126
3348763006
3451527206
3434636326
3370674209
3362318336
3362449408
3375007744
3408496705
3391804611
3391779202
3463053698
3472495522
3472434082
3468190625
3466092964
3468222884
3472400772
3471483276
3312092108
3295577676
3303446088
3571949080
3563109928
3563103787
4231046698
4231046954
3960510250
3960706858
3960642874
1679015194
1695656970
1695656970
1728291850
1728246811
1694683195
1694646383
1698840813
1682047212
1690501612
1690502140
1690506972
1690509020
1686182485
1954617943
2088843798
2088775186
2088775186
2025875218
1489237250
1497551106
1497559362
1494377410
1494356674
1546781315
1281491617
1289949152
1285626208
1285568609
1289758723
1282484226
225650946
225656082
234034994
229836146
228656626
94440913
94440912
94445008
31530416
18954672
20015505
20048258
53602690
52791698
40339858
49252754
44800402
44820882
44689842
44693938
44693938
1118416866
1122545634
1122544482
1114220882
1114290434
1122670850
1122736402
3270090034
3270045474
3286787618
3236656674
3236581922
3303752482
3303621939
3303626003
3303628033
3429464321
3429464337
3446233953
3479818097
3404453825
3404452672
3404435792
3404240224
3395858720
3391660320
3391725840
3408503572
1227465492
1227469084
1546228013
1562948649
3743984681
3727341657
3727333576
3728378312
3730411224
3596142184
3612885624
3575317064
3558478664
2491036024
2495227240
2495489385
2495561195
2495370750
2226967006
2239025614
2268381390
2268483662
2369675614
2354980207
2363451247
2363320166
2363258710
2363252550
2354863430
2373967126
2386222342
2256207110
2256172294
2264609030
2264412983
2394432359
2394448743
2392355815
2409153511
2379793383
2295907319
2287567301
2287656389
2283469013
3357341925
3357341925
3357465813
3357435077
3356385476
3373162948
3406782916
3410949060
3419329492
3381516020
3431788260
3431788269
3431968751
3432943086
2248115694
2273149398
2251145414
2251276742
2251182551
2252231159
2273211237
2279434085
2241685349
2241724247
3317694279
3455909727
3447520639
3476674015
3476747735
3459936471
3459998199
3460129271
3726500215
3726505831
3729110631
3737622135
3733370823
3733299591
3732971671
2676007087
2671834285
2667859116
2500151460
2501298532
2501307156
2507598340
3086378500
3618103812
3618108164
2510799157
2494873638
2488287462
2484077798
2483031206
2416053670
3489804222
3502386830
3549570702
3553699471
3553891983
3511961501
3244082671
3519608303
3520648511
3554398479
3539706126
3605651738
3605651770
3328926010
3328835898
2250899770
2267678507
2238388011
2222538555
2362982235
2378719195
3448297211
3616387835
3582964427
3582821322
3704390106
3696006378
3691816170
3691951338
3691967707
3691962575
3691929805
3691996125
3696177772
1557070380
1418527276
1418466876
1418473228
1435314444
1456351501
1456343357
1449004847
1384056350
1379664462
305926734
320610910
270299887
270062315
273204203
281647081
282769881
278575307
1402714315
312187083
848992458
853194954
844866762
1914232954
1914232938
1913380971
1644880235
1644941675
1665713003
1632158586
1632146250
1632219978
1883894618
1892284202
4106869291
4102740536
3565840924
2630511372
2622221068
2617896268
2623258956
2550055372
2461974988
2461974687
2462052518
2461856166
2457630182
2436634086
2419922422
2419003750
2435715878
2440966934
3495305991
3502515975
3229889799
3229879655
3230027110
3230072774
2160521158
2246039494
2279446215
2262677463
2262673397
2254303701
2256335349
2252207613
2252203501
2254305133
2521101933
2529542703
2525414159
2525409551
2525274319
3620005039
3612114094
3574335662
3574533310
3574477966
1426989454
1460543903
1431249807
1422144207
1355092493
277288509
9776701
11823677
11823641
10873627
1135008011
1122946315
1114489099
1110294811
1111479259
1108145147
51176427
5043177
1355600297
1355799977
1355725261
1355725261
1355782477
1372559631
1389013263
1917496591
1913299215
1914405151
1913225583
1913254383
1913184687
1644724655
1648918957
1632403885
3788345757
3762730397
3762731997
2697444349
2697304703
2697378431
2714151647
2747704991
3083330207
3058000559
3059548845
2988245933
2990277037
3006006439
2976726246
2968403062
2964206598
2964202766
2431262990
2447908878
2481467454
2481456175
2179535933
2230008893
2230005039
2231195439
2227029533
2227163661
2243941132
2415887884
2390459932
2252066428
2252078716
2251910744
2256365560
2533189097
2667406571
2660529386
2681475306
2672837098
3742581210
3741475274
3712180618
3695452606
3695444398
1547978158
1543948719
1476852125
1476848076
1480911308
1480894404
1497871300
1497543364
1564639829
1564640117
4290810151
4290813990
4290831406
3737371711
3728921871
3611719439
3578164766
3561423422
3561816639
3561752383
3561751871
3569620309
3565569349
3297137988
3348035012
3332370884
3336405468
3604582908
3529225724
3531193853
4067998954
4067993834
4061768938
3810110890
1628213690
1628210074
1628210074
1661899706
3809391082
3813646574
3880578286
3875863806
3842268366
3842405598
2806932975
2816353263
2946437741
2946302509
2914529836
2897748540
3169330696
3169332744
3169401353
3169651229
3169667437
3170158829
3216017661
2798881993
2798826697
2789385033
3057885787
3053560443
3858883578
3859108330
3859087594
4128048362
4132373738
4136504554
1989018750
1988834638
1988702990
1456022286
1448026382
1175413838
1192191054
89025742
72251598
72239558
80169414
80170967
80049783
75855474
79983154
80572978
1146057234
1163810562
1163871490
1197460498
1207950354
1191181330
1191181330
1191040274
1342035762
1342035506
1304419890
1308450354
1289510514
3436994419
3428671347
3437191153
3437049841
3455923697
3455940083
3481236947
3480966611
3480976722
1332444498
1298758994
1298758994
1307270514
1307269491
1302944115
1307146609
1307082097
1298758993
1265335632
1298881872
1298881872
1298890064
1298759025
1298759025
1298881873
1307303377
1307311569
1307179475
1298790899
1298790898
1298921970
1332476882
1340832595
1340694387
1340694385
1340702064
1340833136
1307147632
224950640
220756320
254490960
254425408
254490960
258693969
258694001
267082611
199842674
191494482
191490386
187300178
191617106
258726226
229333362
229333362
229202803
229210993
229145440
157842272
153713008
153835856
220944720
220978000
220986192
225181521
267108179
266969042
266976754
1332329970
1332323570
1198241010
1173066994
1168872946
1152095731
3299448224
3299456416
3303584928
3295196336
3291067568
3308893616
2233071008
2233073124
2244799973
2244869479
2514451831
2271042839
2272818966
2272884487
2273010207
2264609343
2264478271
2264412798
2415403902
2411275115
2411426795
2377667563
2381857787
2380055369
2371670984
2371796936
2352921080
2367535592
2669459944
2652871128
2652810632
2588844424
2597298633
2592973770
2593911530
2589618926
2635739886
2618950374
2625245926
2633503206
2633502950
2632462550
2632474831
2632540237
3296273485
3296408925
3292140877
3294240205
3294498269
3252424685
3353157593
3353239497
3353337801
1180556747
1180480987
1180213723
1598595323
1581822079
3725308159
3726291439
3726308845
3743148012
3742985836
2681110044
2643394052
2642867716
2643973652
2643769124
2644284772
2644280295
2684204022
2675938294
2671608806
2671364070
2536230374
2536466534
2536450102
2519672853
2524846404
2533236164
2528523712
2528579968
2526499200
2530566305
2541047969
2503426229
2486567047
2486063559
3564073942
3572359782
3568099878
3569148454
3707560478
3699173150
3695170830
3711884558
3711883534
3745433870
3732555806
3740944666
3740945674
1593382154
1509437726
1484272447
1549284135
1549345575
1549476835
1549472755
1417151363
1425539457
116326785
112066944
112088004
1191112693
1176300391
1176283950
1175235354
1191492106
1111788042
1120835338
1117434634
1117446408
1184559160
1186709544
1182318700
1194909804
1142615116
1142614028
1141540932
1141606613
1410177271
1544529351
1549706183
1576960967
1505723350
1605034998
3752552294
3757784935
3749199205
2675449188
2641898988
2641896924
2650286028
2650285004
2411225789
2392519342
2258301614
2258285230
2257355438
2261552782
2248522382
2249567114
2534910938
2501290331
3040258395
3023482633
3028203273
3036656139
3034423867
3025977899
3038528043
3072070190
2535268718
2535335023
2514365669
2495548645
2495548500
2512342084
3590186052
3510629636
3543594245
3526816773
1379335175
1377262647
1377072167
1398043749
1398076781
1901582061
4032218877
4032220871
3495886535
3490500230
3490459302
1359482534
1397425838
3536466606
3533317030
3533316519
3549962407
3583516837
3589857517
3560485917
3559435533
1428990221
1361950989
1936693517
1915656205
1915657229
1932952845
1729527837
3843469375
3843469359
3843534895
3843399727
3776229423
3875853613
3880241709
3863955999
3863939614
3863423518
3880206110
3881636110
3881500942
4250611998
4254802730
4239995690
4239987690
4238884809
4238928840
4238911880
4234713496
4230515192
4230582216
4097540872
3845894664
1731896072
1715118876
1715118380
3862622508
3996699948
3999811887
4008327470
3941218574
3958058254
3924305214
3907522922
2833973626
3165323722
3166241182
3166204335
3166234029
3166203308
3169349004
3160992652
3074030492
3059383980
4133105340
4133103236
4133229461
4064019365
4084593069
4051153133
3765605389
3831602189
3827345413
3827346181
3827546645
3844529685
3845538357
3846046261
3977839461
4250477037
4254794157
4254794157
4187488399
4221052111
4210566218
3732415514
3732632666
3738860618
3738847242
3755624474
3712735579
3696930123
3562792265
3570987273
1425592601
1425556265
1356554025
1356479273
1365118767
3524202270
1376126734
1376129294
1376723454
1380458926
1384657326
1384694158
294158730
277516699
1355459772
1879812220
1880664380
1882762012
1631169284
1648012037
1648002823
1648263430
1648279814
3794420566
3794432738
3861525218
3869770467
1722287072
1723340256
1721246852
3872926852
3877529732
3826673796
4097202564
4101131188
4109486756
4103142116
2759896620
2760959548
2710627868
2708760108
2707695140
3781563941
3790472742
4054714086
4059825830
4051437230
3007061246
2990357630
3531500574
4074630158
4086866950
4036536070
1351320071
3498738245
3565852357
3565862788
3562777764
3694717093
3710667941
3727576193
2116438211
2121714962
2125823778
2125753634
2123654194
2119491586
1579147458
1579073666
1562034562
1425719985
4105948832
4104768160
4104714976
4125682208
4146653712
3594054404
3594448388
4135511589
4143890982
4141728038
4141663590
4132211814
3847002358
3830421718
3830357062
3830355015
3826176069
3960856693
3960758381
3960742124
3960944108
3965127656
3839036088
2776709816
3045341884
3046391500
3046381261
2511684559
2499236830
2491245422
2491246382
2491316030
2515424534
2511303990
2544661815
2548856087
2548856087
2508026199
2508018151
2489143782
2497560806
2497565943
2497434823
2505833925
2501569989
2503671252
3610934612
3608884692
4145558940
2002267580
1993882044
1989876143
1452947886
1457205166
1448617902
1444688734
1446912270
1467769102
1441304862
1957201726
1957337886
1957343221
1958257060
1962451428
4231561588
4231627020
4096447244
4096713224
4096159272
4095887916
4104309293
4105423422
4273007374
4270893130
3199239370
3195306186
2519122058
3727085710
3744866438
3694535142
3707119331
3700820513
3703314977
3720096305
3673696785
3665374722
3397006594
3392815106
1245429762
1262215218
1480122482
1484300790
3640244214
4172986069
4170882772
4170746596
4193823396
4246252204
4248365740
4231674780
4097458052
4097443221
1953957030
1962217638
1957761191
1974534327
2008096965
2008047620
1457562628
1398844692
1365293360
1344313633
1344510243
1348901171
3496401169
3570851089
3588148496
2530135808
2521747200
2522793472
2531259920
2526847520
2543624736
2493290016
2493290275
2631698210
2619123314
2636031698
2501830290
3074323090
3074295698
2994341298
3019382182
3017287863
3017308308
2975365508
2971432836
3005047756
4078887757
4083081503
4085248046
4093497390
4059878510
4041000046
4041065966
4108240858
4110340683
4101923401
4097648137
4248579641
4281154345
4264327211
4276901935
4272736319
4272866319
4272607247
3741049103
3728384583
3745166039
3694838423
3697984183
4238984103
3165248679
3165165741
3166222573
3170412781
3155733581
3155944717
3155878157
4231680845
4248720381
4252903405
4252913381
4294921125
4160510391
4156325303
4160545927
4244559047
4235640835
4231295282
4231275298
4097057330
4097188386
4110291554
4138599138
4138534786
4138535302
1387071639
1387010213
1388079276
3531402428
1920787592
1379836360
1379238345
1383371769
1377085163
1377089135
1394067071
3510031967
3510039381
3497419044
3501613092
3568632932
3585344580
3583257671
3314821462
3319081318
3319082342
3721885030
2648031526
2650112278
2646507790
2680066317
3623398668
3598231868
3594033452
3594116092
3594132380
3594130844
3594125759
4135190958
1996161454
1990795758
1453941598
1455025934
1392028174
1375320582
1358596870
3497691398
3493575958
3493455142
2486723878
2422880055
2427324215
2158888497
2175600177
2209101617
2193368353
2193367393
2193368289
2193368231
2210139303
2213808279
2197096631
2197231799
2212829655
2204457223
2170910983
2171070743
2179459351
2179459383
2170935607
2171455799
2171391295
2171440511
2172620767
2164166559
2164243391
2172492223
2172426685
2171443645
2205137341
2205068255
2188290591
2452536862
2469303838
2469369374
2469373470
3006000678
3073108262
3077097510
3219671095
3215546439
2650418182
2642027779
2642028355
2373594721
2373922657
2372667489
2380531953
2380597328
2376472640
2377525248
2377525249
2377526529
2377391649
2377391649
2381643557
2381618983
2381614895
2271580031
2272103805
2255330301
2255330301
2255329981
2255329981
2268052125
2234432159
2502867615
2486102703
2486103727
2489701551
3164980399
3165115543
3047679175
2514871493
2506484933
2502290631
2502322423
2502302181
2502302693
2541107924
2533239428
2533109636
2532584836
2532584948
2264208868
2264204772
2279954388
2246407925
2221397607
2221399666
2355617298
2355493378
2372270354
2405759026
2389530674
2389261330
2401975314
2301238326
2284457270
2284522263
2288528135
2296916743
2292722455
2292783911
2292849959
2309692709
2376600613
2376861717
2280409093
2213398853
2205010901
2205015029
2205015015
2205015015
2205023205
2205146101
2205121365
2205121365
2171566917
2171566421
2172615029
2172516455
2172450934
2172442998
2170411382
2203949398
2204088662
2170534231
2170534263
2170534261
2204080597
2204081092
2187312068
2187180528
2187114976
2189203936
2206046688
2172041713
2170993521
2170993233
2172041923
2172103379
2205465315
2205481702
2201238246
2167675638
2167872246
2155747702
2162047094
2157787190
2157783046
2157783046
2164094982
2164103478
2155649846
2172492311
2172492309
2206055237
2205526468
2211821780
2203424996
2203424996
2201311460
2167871732
2167806308
2170960484
2179349028
2176199205
2209622613
2213817159
2211715399
2170292343
2170423799
2170428407
2178824919
2178886358
2178693846
2178161366
2178161238
2171943766
2171935510
2172066102
2180462903
2180983063
2180851973
2180864325
2180827477
2172438868
2171456372
2171444020
2171575157
2205137781
2205134837
2206187519
2206048191
2172493502
2172492478
2172492478
2168453822
2166061758
2166045438
2172332286
2272995582
2280352990
2280385743
2238442701
2239347844
2235141508
2233044885
2216402341
2233122213
2236266660
2538252692
2538318212
2539367300
3055266500
3061493348
3078270501
2805902887
2788081206
3861679142
3861677094
3861434414
3861467182
3878289450
3827957819
3829021897
3829283784
3829271256
3841788520
3837545000
3852270136
3869042184
2794234376
2794234377
2794231147
3058533482
3054357550
3054336046
3071682622
3021350942
3023449102
2968915214
2964721222
2427795186
3501473506
3518791395
3535592176
3539765952
3527187264
3527383040
1379833856
1916708864
1916709904
1933569056
1933573153
1933204533
1629160548
1632114668
1623732973
1888035583
1888101070
4035589838
3498643150
3498580686
3498588902
3498588390
3498576102
3549104231
1385052228
1116611652
1112416260
1108226372
1108177892
1124921828
1091350948
1091338669
1363968447
1372357051
1368233403
1367850427
3515333563
3548887995
3548883962
2462558826
2454104618
2450435882
2451500858
2468279646
2434676223
2438862335
2446730733
2446731236
2480357364
3537182549
3536854277
3528473607
3528535063
3277007910
1095832614
1089801495
1087852295
1087819527
1355254343
1346673383
3494157286
3510933862
3552876910
3536305502
3536301950
3523735422
3540860782
3507424110
3511552879
4035844716
4035852908
4035721740
1355561484
1342971148
1359748204
1359967468
1359963388
1393392783
1397509262
1137494158
1137531294
1120344574
1132869998
3280354094
3246795566
3246796574
3246860046
3230414605
3230431068
3252473852
3239890428
3273443772
1126029720
1109260760
1125120472
1125120344
1095760185
1095760665
1078979353
1078979871
1078983967
1095605566
1129094462
1129102718
1112383342
1120770942
1120901982
1137687390
1372568415
1372519260
1372253020
1355508604
1346993004
1342787436
1342791148
1342922220
1359707580
1359609247
1363728782
1137203598
1132992974
3284736478
3284876158
3280611630
3280611630
3247320366
3247389982
3230432525
3230465356
3252473340
3239874540
3273427964
3273431804
1124973308
1125104220
1108327260
1108343069
1129314623
1129314366
1129248830
1129282622
3276635486
3276627294
3285081470
3285081966
3247398782
3247259478
3246997342
3230219101
3234429788
1103722876
1103722876
1095301244
1091098748
1091427580
1074765308
1074705868
1074706372
1141768135
1141168870
1287932642
1283808098
1216559906
1216494370
1216495411
1266869521
1522771217
1514186001
1509987665
2046860656
2046867796
2046867924
2063711188
1795275508
1761713812
1745067653
1745010325
1745010407
1749196263
1757535463
1774243059
3946937411
3930219715
3926025427
3930223843
3955384291
1803755251
1770068675
2021661379
2025863763
2017475107
2017663521
2030242865
2034441217
2076261377
2059465729
2059445313
1522644161
3661870529
3661733777
3661676193
3670064801
2613163683
2613294802
2609051378
2575497190
2575465958
2579647718
2630027446
2621655175
2638436487
2504161429
2537781653
3607178629
3590401925
3590336407
1380003767
1396912055
1942107559
1901212839
1902118055
1902118039
811606221
828400845
828437581
828750972
828881276
862304604
862239564
862296653
870816349
870840909
870776399
870766462
1944515951
1936127087
1902638191
1902419023
1902427151
1902427151
1642443806
1642575162
1642577210
3823550250
4083595818
4083595819
4079090233
3005282824
2988695064
2992824104
3001210664
3064186664
3063990029
2996888847
3001279806
3001201710
3076686894
3043148830
3023227918
3023301646
3023169590
3023301414
3025566246
3025542774
2966884087
2983988951
3013365462
3013369846
3065871862
3065904374
3070033014
3078419510
3040670742
3040703494
3040683015
3040814165
4118691428
4261284453
4257090295
3183282902
2645830214
2650025494
2683333942
2681394198
2664662030
2660271117
2659230732
2659230812
2680206844
2622981804
2555809452
3162427053
3162427055
3162323631
2625383151
2621188959
2620930318
2637916183
3212540965
3220962357
3199984644
3199902980
2595922180
2679870756
2684127012
2642185764
2637482548
2637617700
2638117413
2642311719
2549877287
2549877526
2482780102
2481661318
2481661366
2447901871
2544370863
2544372895
2548594830
2540272014
2536171598
2536175662
2502662190
2502535182
2490084366
3026887694
3043681358
3044779446
3084493477
3084575396
3084567204
3053011668
3044542156
3022794252
2486053679
2486052910
2508134462
2516387854
2549954574
2547983630
2258247950
2258318110
2273956142
2274918766
2509799663
2513997012
2641922196
2642119044
2637937540
2638196356
2669651588
2669601428
2669077148
3208005612
3212004845
3086084197
3052533861
3052534023
3044146438
3044140870
2484200006
2488492646
2488492902
2496754022
2492554342
2511359079
2515618935
2515656133
2538733509
3075866573
3075850205
3075996133
3042441637
2977353191
2977416695
2973069654
2503287622
2503287558
2540052790
2540055846
2549029158
2544703543
2276276247
2277324815
2277259279
2176587021
2176581645
2243690541
2242662445
2246886509
2246888557
2246872565
2238482901
2272107415
2272238519
2238626743
2238098343
2238163895
2238032791
2237971079
2271582871
2271714039
2271657719
2254876375
2183392967
2183260118
2200041446
2204294574
2440191407
2440179101
2440112524
2440264076
2440190348
2436061580
2435931532
2419187084
2419178972
2419303788
2977146157
3010573599
3017850638
2992678430
2993923631
2993923631
2993804831
2993935887
2993870399
3010909997
3010809645
3010743609
2977398027
2985717019
2985778219
2985643051
2985645402
3010876746
3010876746
3077927802
3077858682
3077961178
3075996922
3075971323
3076360443
3075840203
3071720907
3071715275
4147552974
4151677566
4151825263
3078082927
3071635567
3004441711
4048895101
4057340989
4036369436
4042661133
1895118093
4042532633
3505733177
3506380344
3504160312
3504110552
3494174344
3510933128
3548676744
3531899544
4068913816
4068909754
4089881578
4044729706
4027956270
4030630958
3762195722
3762203978
3829247242
3827145995
3843983725
3978217837
4011523565
4015613021
4015607885
4015673695
3959050751
1811575791
1777935343
3925354494
3950522318
3950521178
4202178938
3137026106
2600081434
2595883274
2579176714
2293764874
2293772827
2293838379
2360881707
2361145131
2361134383
2380531743
2380548447
2372749663
2372786551
2372786679
2372794879
2372794879
2372778495
2238560767
2238692863
2238690751
2272245183
2406462911
2389685693
2389687709
2255468957
2254944701
2250750141
2250751229
2267479165
2233871391
2218143007
2220239647
2228628031
2228693551
2157263423
2156136991
2156662533
2174485765
2208044341
2194408741
2194410789
2194410789
2194431860
2194496372
2195544948
2203868021
2205997941
2205997925
2206030693
2172615015
2170517879
2170386774
2169338198
2169338198
2169338198
2169338198
2169338198
2177726838
2177890678
2177890679
2178808151
2178808133
2170419525
2170403188
2172500836
2172500852
2172517236
2172648308
2172648052
2172615541
2172615525
2172483943
2172483943
2172615031
2170517847
2170386775
2169338198
2169338198
2169330006
2177726806
2177726838
2178906486
2178906486
2181003638
2172647766
2172516822
2172516807
2172500421
2172631436
2206186908
2206056380
2206056124
2206056124
2206071484
2206071484
2168421116
2168453421
2172647725
2171598895
2179918879
2213473291
2214591755
2197605691
2187119675
2186038395
2202867963
2203007355
2170436474
2153659258
2164144762
2163030878
2162966366
2164030815
2164055391
2180898141
2180898269
2172500957
2172492757
2171583477
2171321333
2171322359
2171322359
2172369911
2172238583
2155461335
2155461207
2172234327
2172365431
2205940343
2206194551
2189384055
2189384823
2206014581
2206014581
2206022773
2172599383
2172533847
2170501366
2170362102
2170296822
2170362326
2169403846
2169403846
2169399622
2177854790
2177662326
2177695095
2177760631
2211446101
2211297237
2211289076
2203882420
2203947965
2203955133
2273159615
2256517550
2252331438
2251803134
2251757630
2268477454
2272670734
2247500047
2226266415
2226352943
2226181679
2363526703
2363787831
2355399471
2373229421
2406848893
2674367837
2674368349
3211237981
2938608253
2905578093
2905586285
2905455213
2905520751
2905520751
2939076463
2939084655
2939150207
2939149695
2939025759
2943220055
2943220087
2943220087
2943351286
2943351286
3983530494
3983538686
3916429822
3916298750
3916429822
3916429822
3916429566
3916429534
3924682974
3924682975
3959421149
3959355485
3959355772
3934255420
3934124828
3950902076
4018010684
3984579132
3984579101
3966622333
3966552703
3899443839
2842483583
2842483583
2876012927
2876078423
2876078455
2876209655
2876209655
2842655223
2851043831
2850511863
2850511830
2847243222
2849303510
2848254422
2839865814
3913673174
3913808374
2840058358
2840054262
2840058327
2839935445
2839931285
3913808309
3922188724
3922188724
3913808820
3913808860
3913677788
3946969596
4015118717
4015114557
4017342781
4017346877
4017355071
3983800639
3983792958
3983657278
3983657278
3983661374
3983665470
3983800606
3916679454
3925068063
1769175351
1766943029
1766946837
1750431765
1767209077
1767340149
1769359477
1777748053
1810319445
1793579093
1793579093
1793579349
1793579861
1785199189
1785199189
1785166421
1785166455
1785559671
1793948279
1793948503
1794079183
3958274511
1802435023
1802500575
1802501119
1768807423
1777204223
1760426495
1760426462
1761474782
1753218126
1753182287
1748979839
1753026671
1751920747
1759785065
1760367992
3958315864
3941538520
3941292760
3937000152
3938319064
3938234056
3952911049
2844566218
2832179946
2819076970
2818937706
2819083626
2819094890
2835872126
2870466910
2857883999
2857885535
2866272223
2866140895
2866148351
2866148351
2840945499
2824303450
2824303962
2824295802
2824297946
3897916890
3897832922
3897832922
3897897434
3906285786
3906408666
3906409690
3906436298
3905317323
3905415643
3922062299
3955604427
3938819019
3930437515
3926233995
2852422603
2852635119
2853359983
2874405167
2882916647
2851600177
2843209489
2876767505
2876753201
2876588337
2876592433
2876592437
2843038005
2826400573
2824304505
3897912185
3897850233
3906230649
3906324953
3904887241
3909016009
3925794249
3917467853
3950899423
3950891247
3934253294
3934183782
3934188391
3934179891
3932025395
3931432503
3931434559
2859789167
2860271979
2868660601
2868725849
2868861145
2860477641
2860475593
2860503513
2885599737
2885600233
2847921903
2831015678
2835217398
2826759158
2822564342
2822633846
3896375414
3913283711
3917437023
3950991455
1769961565
1769957469
1802991677
1802983452
1786207260
1786215708
1786215708
1786083708
1786215292
1786190428
1786190429
1792498269
1792498525
1792375773
1788341711
1809247695
1775697870
1750522830
1750584270
1750453246
1750465518
1750395886
1750395758
1750461295
1750464895
1750584655
1750549597
3897839725
3897847917
3897847915
3897906281
3916847993
3958786776
3958852312
3937786616
3935369848
3934317128
3934316360
3951093065
3955484026
3913471338
3892563050
3892563178
2818755834
3892727006
3898039774
2841083870
2849468158
2883026686
2882920190
2877685502
2877615870
2848255583
2848255581
2848321373
2840067964
2839924604
2836746108
2836749661
2836753757
3914693981
3914824799
3913776255
3922156798
3922681310
3922614750
3922717150
3922586078
3922525150
3956074958
3956141534
2881879519
2881869277
2873619964
2873349604
2869153252
2873348068
2873347028
2881612756
2848058321
2839674321
2839674227
2839770407
3913499943
3913499927
3913495815
3913494303
3909299007
3913358143
3913620287
1774524799
1770850781
1754012111
1754033359
1775035599
1775035853
1775083997
1775153645
1766298997
1765836613
1761644357
1795329895
3942820719
3942886255
3942771583
3942906735
3930512239
2856765951
2856844767
2857168127
2856647935
2865028351
2881945087
2881943535
2877740782
2844247806
2848245758
2849308159
2824134143
2819739135
2821900767
2838690143
3914590557
3948013853
3948013853
3946965273
3947101465
3930283288
3930217756
3930275100
1782660412
1782660396
1783831852
1792216893
1788022621
1787960911
1788243791
1788276687
1805121999
1775737038
1750571215
1752668383
1748475391
1748483567
1752674287
3897931503
3897931501
3897948139
3900047355
3895844859
3895844859
3895844523
3899686570
3899686570
3899686842
3897589723
2849008089
2882594905
2882656281
2866273304
2866211864
2866277640
2866146585
2866276155
2866272042
2874658602
2874658666
2836909434
2836745726
2836745694
2840952030
2874633470
2883026302
2880953727
2948586847
2948595549
2919067485
2916970333
2891808765
2891808761
2891406328
2891402232
2887076313
3960822744
3965058008
3980918524
4022730461
4022658765
3997493197
3997494749
3998022893
3998087405
3931097197
3956197693
3956210205
3948867101
3948412445
3948216125
2874469677
2874461477
2874395957
2882718037
2881678165
2881678039
2873223895
2839603927
2839604214
2822883702
2822883703
2822884695
2822892629
2818633045
2818825589
3897711461
3914759021
3916778367
3925625342
3925625310
3959282142
3959422302
3959422302
3948932446
3914198366
3913674206
3913600478
3913797118
3913698799
3913764095
3947199711
3947982047
3956436222
3956464890
3956492410
4023613790
4022544718
4022546254
3888328287
3854769773
3855683309
3771797244
3771797468
1624259932
1624520828
1619277885
1619344397
545549583
562883854
567051534
558667086
558677070
588029150
588225790
571381998
570857583
570873903
575068205
575068205
574979100
574979100
575634460
642677788
642661645
1045052749
1045045069
1004228189
1006325501
1002034943
968488599
955900807
947512198
947508110
679073470
679214766
687569582
687422202
685320826
685255530
684470059
676080937
676082985
1766602536
1775056424
2039166504
2038980184
4220059464
3666653000
3666656584
3666721864
2593102936
2593111144
2593111144
2609814636
2613501037
2412137583
2403732591
2403667311
2403665263
2673170287
2648101502
2643890782
3164058334
3163858654
3167010782
2906951006
2902755678
2835855706
2819012890
2819004730
3892751674
3892767803
3892702267
3893361723
3914255722
1800359290
1783461210
1783457243
3930399995
3930395885
3930524909
4007071229
4007010268
1721700188
1721699925
1721712213
1721446215
1721445703
2140749254
2111389126
2086352342
2082149782
1008669078
940376966
939787230
675546110
675551102
684142154
684075531
684010041
684468777
680274473
680275545
684471881
684470873
684472185
701298683
734903801
734903785
734903785
734901721
1808381385
1783215561
1778956249
1778958315
1796063211
3943604203
3943610219
3909531499
3909539691
3896690543
3896725487
3963686893
3964734973
3830521333
3830659541
1683175893
1691564503
1624324183
1620121655
546379799
562510855
562375683
562310147
596380931
596118787
596133891
600332293
591939589
587729237
571152757
575290213
600455781
596196085
596122327
600595415
600628183
600611799
558743511
567263223
567263223
550354903
550279639
537696727
537778647
537745751
537540983
554318631
592063015
596257319
596196147
562567939
562584835
545840451
550083906
541834578
537631218
537631218
537630834
541825394
541768034
550218083
541715283
537623107
537541187
537541185
554318433
592124513
579541857
579549553
579546433
579546433
579353921
851992035
852024802
541646306
810063282
810128818
818516914
818647954
835425155
1942665091
1942666115
1456122755
3603540915
3603475362
3603733222
3603859142
2521748166
2656985798
2659021798
2667323878
2661032175
2660827373
3736600696
3757573192
3714853896
1546594312
1546529032
1547575112
1413365496
1952407288
1960625864
1960613576
1952229064
1964812184
1965004696
1883211672
4030498744
4034723753
4051513257
4085196715
4074648235
4070441642
4072542954
4072501994
3551289694
3618432062
3589061678
3576469550
3576530974
3576600590
3694061582
4247710734
4251599119
4293542239
4294574591
3755496302
3755504494
3755501550
3755502314
3724045034
3724078847
3703240413
3701396172
2644296392
2647966664
3042215928
3073874408
3073817068
4130257404
4130258381
4130190799
4131164254
4131176490
4131217450
4130218030
4146995246
4117640494
4109242222
3568176126
2494372741
2494311300
2226924420
2231175044
2222784900
3296481748
3320635748
3349471524
3333398821
2259595061
2263792419
2519501603
2535758627
2536292135
4147099463
4152271303
4158562757
4149670108
4145434796
4145430780
4147252733
4112648815
4116912686
4120906286
4120914462
4120932110
4122010894
4155740174
4277305358
4000748599
3862340663
3996558389
4000756769
3995041841
4011819269
3961439045
2755294789
2755279589
2775124708
2812807844
3081243556
3064741284
3082625412
3032228228
3036504452
3036607473
3036598642
3036529698
3043817506
3057416226
2520528914
2520463366
2520397846
2523540950
2531922886
2544501446
2494120646
2494153447
2494083812
2494084836
2494082868
3026758916
3022564612
3022759172
3022712108
3039489836
2804599356
2808859420
2791890748
2788715804
3812107597
3776452047
3763996078
4036626086
4036630182
4039059126
4043122306
3525127810
3525197442
3525250946
3528219858
3532446834
3533493298
3533418514
3501891586
3501891842
3501896193
3505046084
3573236372
3560447660
3560712876
3610519724
3574859948
1422133485
1417938950
1418529798
1155408898
1157554946
1148117506
1148117522
1164624402
1324073475
3471409664
3468264304
3734799328
3733762020
3737955236
3729566380
3741883052
4249389741
4165520042
4166864810
3095295210
3091030126
2554077230
2570915902
2602446862
2589859855
3666812949
3666834213
3666731557
3666667109
3683433207
3653798647
3642264501
3709504661
1597674637
1580904588
1578782861
505032845
521805973
1545216933
1549412076
1553536620
1553466920
1553470984
1555588616
3753435912
3468337416
3485122827
3484993338
2377699114
2381896554
2373569387
2402901483
2407031243
2390254025
2331599305
3401187705
3401187690
3422028074
3380086570
3359186730
3359260458
1211772682
1480208138
1484285706
1483273546
1508410827
1500021147
1533575611
1533645243
1533776827
1533776827
1542108090
1542104043
1504371691
1576723435
1576792427
3715888505
3715888505
3715888505
3715888504
3749442904
1466560857
1466487257
1467601369
1475990009
1474023931
3620427755
3620423531
3612041065
3306909561
3306778456
2237166424
2245612504
2241549272
2241549273
3348845483
3348640682
3338150314
3325563050
3342533802
3308915866
3308920010
1144677835
1144644937
1144583944
1143523080
1143506696
1143577881
1277930794
1550560554
1550491674
1558953994
1588314442
1521107274
1252684154
1252664169
1256923944
1249388328
1496857896
406355224
405528328
942391112
946452297
972658635
989566410
979349722
975155450
975040746
974450922
722735210
689373994
693506602
693511722
969354794
2038705722
2039283466
2039264587
2072556872
4220039496
4225270360
4225270392
4227433080
3153834600
3134957096
2858133032
2853938792
2872694376
2872624744
2876786680
2884175355
2884175338
2884308202
2884308202
3949665530
3949673594
3949671546
3917357178
3923664970
1775165514
2068553802
2051581258
2047387594
2047393754
2047606714
2047508398
3662299054
3683261870
3683262374
3649703830
3633842566
2297969030
2289646054
2289776934
2298095894
2292852998
2292721926
2292981526
2292977430
2296647454
2297695039
2312129343
2302724415
2302794111
2302794079
2302802271
2302785887
2302786015
2302786015
2302786047
2302917119
2302918143
2302918111
2302915807
2302914813
2336469241
2336469241
2336469240
3393368312
3393371384
3393698296
3394222552
3394157464
3389702040
3389699976
3642466696
3692798088
1545253000
1545253016
3692733609
3696930219
4233805483
4284219051
4133084921
3596154585
3598209561
3614986776
3563590200
3572183608
3572179240
3567984681
3567792169
3701998635
3438871611
3480880139
1327109195
1327133771
1329124683
1232635211
410551625
410684745
406500825
406758585
2034017435
2065477771
2048229514
2048295066
2048304554
2047271850
2047206058
2052453098
2119680762
4275556987
4278022697
4278018617
4269631001
4269630985
4269798681
4286444857
4235969593
4244358393
4242263289
4242267323
4241049754
3712515290
3712494714
3708298298
3709543482
3696898106
3634233406
3367895854
2293630526
2293564990
2293505590
2293501478
2295336495
2294296127
2302701343
2311090015
2311117663
2302790495
2302794111
2336332159
2336332255
2336471519
2336471519
2336472415
2336341375
2336472447
2336472443
2336472313
2604907769
2604907752
3141778680
4215510200
4177761432
3909333144
3909333176
1745023208
1744991464
1744977256
1744976744
671226408
675486264
679553800
679487816
679488845
683681230
969091022
1002582774
2059539174
1522602614
1518416406
1518417414
3397465622
3397598758
3397467686
3397402158
3414178366
2306869786
2311064139
2311064155
2311085915
2302697307
2302762843
2302762875
2302771067
2302803835
2302934907
2302934907
2302795643
2302794619
2302794619
2302802299
2302802427
2302802427
2302802395
2302803417
2302803417
2336355801
2336357881
2336751097
2303719913
2303458173
2299231103
2303408927
2304453406
2312842014
2312842558
2313108782
2311920958
2311327103
2311081311
2302758239
2302761311
2302761311
2302794079
2302794111
2302794075
2302802267
2302802267
2302802267
2302802267
2302794075
2302802267
2302785915
2302787067
2302787035
2302787033
2302778841
2302778809
2302786984
3376659880
3359882684
3355688092
3355687388
3624073700
1476556900
1476536416
1476537440
1476535408
402792512
402792768
402797504
406991568
465777397
448795229
448803403
448869899
448871947
448871961
448806713
449068313
449068299
441191690
441976138
444089690
199804282
468309882
468317050
464122746
195679098
195687290
195818363
166323049
157934185
422175464
422180520
422172600
426362264
434754952
971625864
963245448
959050136
959017432
959148313
992674075
992620858
997073210
1005543482
1005155386
1000949018
468305242
468305370
468300250
468300250
468292058
468439546
468447610
460055658
468444266
468444394
468313531
434762137
166318488
1240191928
1240101816
1214931880
1214981032
1214851051
3362336570
3371907386
3367573818
3367577898
3384618282
3401004314
2327184154
2327184154
2329215802
2327860074
2319475050
2319480171
2336259439
2336349551
2302802303
2302802303
2302802303
2302802303
2302802303
2302802303
2302802303
2302802303
2302803295
2302801247
2302801247
2302800347
2302800379
2302801403
2302801403
2302801401
2302801369
2302803417
2302803401
2302787017
3376528841
3376528840
3376657864
3376656856
3376656856
3376518104
1224840136
1225233368
1225234424
1225768936
1493942264
1494924680
1528479112
1534832008
1534698888
1542034840
3664483257
3664491515
3677021162
3676987754
3644465514
3631878442
3633975594
3633979770
3634061689
3633865688
3654875096
3644382680
3644362232
3644505480
3644501384
1568339337
1568392585
1568231867
1568232363
3749401579
3749671915
3749671803
3757928731
3757957433
3758089512
3753897256
3757961080
1609889752
1601488840
1563739080
1562853832
1428570617
1432760699
2103849275
2103845178
2112759066
2112824602
2146247962
1609069850
1600673050
1567147290
1567217018
1550447994
1550374394
1558742490
1558808474
1558811546
1554617242
3706229722
3723211770
3756696043
3739918825
3731531241
3732510696
2658764792
2659039224
3196056536
3212833240
3179172313
2625520121
2624992235
3696567147
3564384875
3581163067
3614783243
3623171867
3623689531
3589217339
3589100635
1441584331
1416413385
1417466057
1564471769
1598018011
1579111930
1578970426
3726453050
3730782522
3414042938
3388353850
3367379738
3367436810
3367043610
3364880938
