1407093518
1407092494
1405518350
1942393359
1942332261
1942266724
1908704612
1883538788
1883684849
1879240433
1879170803
1879101171
1879367410
1879179250
3779261923
3787646195
3783441729
3783499009
3787497232
3779111728
3779111472
3808541204
3791822356
3791822357
3791822389
2718160421
2717963877
3791672167
3812651375
3779077487
3787531631
3787660671
3787594063
3787602127
3787536573
3821341868
3884400828
3884077196
3867242636
3871371400
3871404216
3888242920
3888275496
3846401080
3842205960
3826412313
3832740411
3774007818
3769682634
3769683850
3773875610
1643368634
1668444378
1651650778
1649553530
1645355050
1913856042
1913856042
1901135150
819203390
813976351
814021391
814542607
277646861
298813004
307135180
303994572
304004804
1377746932
1381809633
1405926627
1372366051
1892655254
1884725382
1343680643
1362509955
1362233235
1399985827
1391541921
1922051745
4069550049
4069549409
4073775377
4086419713
4052930817
1892868355
1884485395
1880181542
1880099366
1880168998
1879124535
1900096039
1933651493
1916995332
1917010244
1925267908
1925501180
1925498348
1925498348
1942277557
1934089621
1900198053
1908582564
1891757284
1891736788
1891868100
4057115988
4057116532
4090752821
4073742135
4065615654
4065672486
4065738022
1934763302
1909667094
1893139718
1893076742
1893080862
1884696350
1880369950
1343503134
1342984010
286052298
827117514
827119578
332003306
328853482
328852986
295294426
278513113
278650348
282782188
270199276
270264668
270134028
285830924
302671628
839545612
843727308
843793829
852282791
848070823
579639470
583899310
575650238
1648868766
1644540558
1645581007
1663537679
1629921823
1612866075
1612849707
1613119023
1613117743
1621362727
3768862759
3768895489
3768952897
3768951873
4088300481
4068377217
4064182913
4063154881
4063168099
4062981923
3798738211
3790348323
1622020146
1622020102
1621962783
1622941759
1895575595
811347995
811338762
274515978
274565194
819955914
1889507726
1889450382
1889449870
1891545742
1392415373
1382978196
1378800308
3526292388
3526779808
4067909984
4075840545
4054871079
4038092839
4042319927
4042385431
4057136391
4090681095
4090679813
4064526868
4064334380
4064334380
4060135976
4060202536
4060174936
3808524873
3774888937
3779361003
4039395579
4036316298
4035399818
4035342474
4056313998
4089868702
4089901478
4089832359
4081378727
4081122727
4081094037
4064517509
4064460165
4082279879
4090684647
4084331622
4050711654
2960157782
2960223254
2959240486
2959236391
2967654181
2967719701
2984378116
3017860868
3018905348
3010511476
3008549605
3008557797
3008590567
2973762150
2973762078
2973766174
2421368606
2421632286
2423597102
2431920174
2428454943
2428422349
2981795980
3019546508
3061683868
3060564668
2720301804
2720371436
2721092396
2718999341
2719000111
2719215135
2719119983
2719111791
2719091693
2731608557
2733653468
2746236108
2712733132
2696349132
2700416973
2700439541
2700439015
2700115431
2698042614
2698038355
2696989699
2697125139
2688740625
2957176593
2957242129
2973821809
3015760225
2999011825
2999077361
2999110643
2999123955
2999183347
3015767538
2982209014
2982213047
2973812119
2969787783
3003328983
3003263479
3003263479
2973908471
2982362487
2962294038
2962425102
4036048142
4056950046
4047519022
1929448730
1912933642
1917065226
860108842
592198698
592190474
558631946
555484490
555308506
555480571
592180715
592051707
592043483
592027099
558479867
558610939
558610939
558492505
558489161
554243609
554382905
554383145
592131371
600519723
596188203
596188219
596187163
596121611
600643658
600643914
567106891
567106891
567106907
558759259
558890331
827194747
827194747
827186555
827325787
827325787
827325787
827194747
827186555
827186523
827325771
827325915
827194747
827194729
827317627
860872027
860880843
860880731
852344699
843947899
860864347
860864347
860880731
823000955
823121791
823129951
827241983
827241983
835567087
869047727
651009471
651140255
651081871
642234510
772061374
772054190
772250814
772193534
705078510
1778822383
1795615983
1766256111
1766226415
1749506926
1749244734
1774410270
1807900222
1786990126
1786824486
1786803254
2051040262
2063625218
2080537666
2080528578
2080770498
2094926546
2109426418
1069113073
2124181488
2124180848
2119985520
2115852628
2115955028
2115955140
2132209605
1029169095
1020776407
1020628727
1020639989
1960160116
1960160112
1967237488
1833020528
1862528208
1828977873
1694649585
1678118369
1683426787
1691684707
617954855
620047923
615853617
616382005
616372757
614234645
617409028
609004292
621591876
655330500
638029044
642223268
637836453
637831333
571246759
588159206
554608870
554625382
542046514
559896850
660569362
660438387
659897715
660553203
629083635
620694995
618467315
618405623
613169911
613165782
612641494
612723446
612690679
1703210711
1724182469
1858383301
1850056133
1850117589
1850134007
1866915303
1816648054
1812453494
1812355414
1816554358
1816652342
1824910966
1824915030
1841681990
1858401878
1850015543
1849740583
1849804839
1858263077
1849879589
1849945185
1845755091
1862458563
1677909442
1682361026
1690716882
633686770
667183730
1715760435
1984195619
1984261155
1984383030
1984321606
2001131718
1967578566
1976027014
1958987670
1954645687
1958866615
1958865589
4232178324
4227984116
4228115172
4250139108
4015119716
4023702644
4023706644
1874258965
1874253879
1878509607
1869989927
1798658102
1781873718
708262966
706165814
710350134
719261526
735776326
698044102
698047174
697957062
702086086
685304822
676916198
676981623
677051223
677039893
685491509
1758020964
1833436260
2135436388
2097686884
2085170164
2085239508
1820986068
3834268372
3834203860
3834169047
4035482294
4035486374
2953360038
2953348838
2970132214
2970271430
2735406022
3809430470
3796700118
3806206454
3818797527
3818793428
1641688532
1633238484
1880692164
1880818756
806957084
819470380
563621948
563613709
832057359
832311323
282853435
281562139
13224202
30263626
63949274
47159770
47167966
46839246
46838222
46838222
30060918
13283702
13284675
13285699
4892993
21543009
38312032
306748641
302690497
302706883
302919874
286134354
270406502
274674278
277688942
277620331
277620345
9182792
13442888
5126984
5122889
14486345
14437227
16570734
16579950
16577862
16699718
67031362
49205715
48951795
40563185
41595376
37466353
35361265
52148727
637430
4827630
281651438
274311374
1394129102
1377353930
1377583354
1379733738
1920873451
1925079791
4070466285
4070340325
4087152325
4086103941
4081882581
1930219989
1930383829
1896755613
1879974333
1879974825
1892038569
814026681
815012744
815021000
819215176
819215112
810821384
827601160
292823304
290922760
274157833
273962281
272944427
272944939
282458907
299368203
318234379
318165771
318173963
318173451
307622187
307556459
320139499
269810922
805673466
810391994
826661274
835050954
868734410
868634955
314995467
331768633
298213929
4514345
4518441
317241
318267
5032831
5081471
13539663
30326095
48166223
39506253
39506253
303747533
303755749
307818989
844685740
860418984
810342313
810522265
827242139
827309738
860667818
575446954
576494010
576633242
584494266
586661050
603436186
568845515
543646729
539370520
539370796
539372844
539438380
543637292
551886652
551820044
565447629
563891103
567069627
566614975
566615967
591716047
591765215
592953215
561491758
560311166
560310782
560314878
561481982
595560670
595577055
590310623
590310653
560868653
560336685
560336429
568667677
568601101
568597023
569182783
564988735
564934943
565995982
563894478
567101582
835571086
835700126
298766782
282059198
281911798
282967411
14531377
16755505
16755505
16755472
8301312
58633472
41846016
310281472
1383760129
1392148817
1390122353
1926805473
1935191777
1900592865
1632411365
1628217319
1628231151
1661751790
588001514
589246570
593375594
593376122
559821690
551370554
814488346
814504218
814545162
814524683
819767563
811441419
857703691
840876299
842953049
840835449
576594297
575484268
583799148
600572268
567023085
558644733
592195037
592207261
592272799
592280991
592279967
600792063
600791935
567245631
567110431
568077071
559770895
559906079
558882095
558875946
567268666
567131418
567123274
558668250
558676442
554564026
554687930
588176826
592368810
592377003
600286379
600161467
600161755
566673369
566672985
600288857
591703883
587513099
587504667
570809403
588725291
587607145
587345257
559296297
563494441
563482171
545529359
545531407
545535503
545539855
545572111
545561887
566541597
558210316
558341468
554163564
554106732
591851389
591855453
592305627
592240106
591713514
587518202
558354650
558264539
541553115
541422041
541422937
541580601
549903145
549976891
818276939
818801354
819853962
828219018
861902746
845141434
845083070
853471390
853455006
1923002782
1923019262
1929175535
1937532269
1932815725
1899329837
1903577901
1911950124
1907703580
1911824908
1945444876
1903571484
1349915197
1349780269
1356596525
282855725
282867765
274544757
276576725
276760965
310265231
310268367
308199886
308204022
316469350
852288550
852290606
843893054
860870938
860875035
827289433
827293656
827201500
827201468
827135404
826570157
826572207
558128287
591781006
591912334
591847838
600236543
600301949
601223481
559194392
806658841
806725433
538421801
538413609
541428539
549816651
818777419
811065675
861351945
842400009
842400027
846598955
334901034
297036586
280292138
1889307466
1889308618
1893502858
1910347674
1910354586
1935651547
1918808793
1914630905
1914593916
1914594092
1914581292
1650210093
1658598701
1675371801
1633428491
1632375835
558629995
550307049
562890233
562894217
600577417
860689801
860714425
860845483
827319739
818735003
818722714
818716635
818782203
814063481
835056985
868737368
843505688
323412248
285667640
285724968
289734441
289733419
323275071
315414542
315481102
315552782
324980750
291426310
270463302
274659062
273323747
298439347
298644115
323810177
306987921
319620069
286135141
273560373
281944877
14427949
14428463
14432543
14424351
14448918
14481670
10323270
10453446
64917958
50246018
41857234
306090226
306090099
304066675
304082993
840720677
843850536
827074088
550246952
550312536
550312520
550255321
568081369
568098187
568087690
870174858
861917338
861909418
861905323
861909435
860328410
860328938
1942467434
1942332014
1942267502
1942272878
1942477294
1942419950
1942481134
1933966559
1900496077
1900433869
1900441932
1900438844
1900309804
1908685100
1908676924
834935100
558185276
554073912
554071832
554095368
541443032
558142457
558667707
558663579
558751627
554556826
554531306
554645995
558770539
592325945
600783929
596587897
596451673
596390217
567017801
567034841
835539963
818799355
818799195
818804235
818913035
835623689
827242777
827320601
860748089
856448345
856638921
856577481
860771289
869233577
869069801
596440041
596488697
600814041
600679369
591697753
587501433
587505449
554170667
554102059
558263595
592330026
592330026
592327994
592387418
592256474
592203162
592207290
566581690
566590874
566509002
558110155
558175579
558313771
558244139
566634299
562507577
562388761
562330393
567040777
558680905
558746073
558881241
592379323
592436667
592237979
592312250
592445370
567279534
567279534
567114174
567114223
567115055
600828989
601877533
593488909
589167645
589093181
588106109
554667007
558799855
567253503
567052766
558668174
558738846
558804414
558808238
558863598
554538239
554020991
554098749
538370093
538371373
542566957
550926893
550771213
542906893
554437389
571415305
571350793
575543065
579736365
579809839
579605055
596383246
596399950
596434382
600612238
600673678
592420254
592420286
592428478
600811711
600815805
592443629
554580076
555624488
555624504
557722936
561919528
570308136
563951161
563926537
562857673
562859915
567053707
558734747
537763258
537762970
537902238
538885278
538897638
543091814
551480358
547355958
553516034
601844738
576613635
576593155
576587537
576586257
576655924
585048620
601629228
563885608
547101224
546069368
567073753
567057291
600808331
584039818
575517066
571249034
571462058
571404778
588149230
589182318
561850223
569124399
564995629
565007901
569132809
552393992
544008456
560855097
562010169
559908889
593397787
593402891
575648970
575451354
571248890
588087466
554598570
554602666
537916650
538929403
538851689
545143336
553527848
566110776
570178056
601634312
576459272
575607353
583930669
579679085
596399997
596434911
596433823
600611742
600611726
575446430
575649182
575583678
592356798
592422398
1632484863
1632614893
1615772157
1611590653
1611655804
1611628140
1612676717
1616868973
551384429
568071421
566496477
558107855
591727839
591822015
600206782
600239518
600171998
600627167
600606171
583908699
584035611
575647035
572368955
572389403
572480538
588667962
559291690
542521130
549922363
549926425
549787193
545529449
545275625
545287129
562088393
566544841
566595017
558350153
558344025
558343996
1631970860
1631968812
1631932012
1632049772
1640971245
1640970749
1640839679
1674386654
1657607374
1649235166
1917678814
1917711806
1926100414
1942814111
1909243277
1892654989
1892589469
1892597757
1892662781
1892466045
1633462333
1635772479
1635706942
1665038654
1665019182
1665019710
1667175998
593237535
592197471
592187359
592187359
600772095
600717679
600648023
567044367
567037199
567136013
566886173
659144493
659405676
659405804
642628596
642619860
785221876
785234165
785229941
718252055
709814326
705591334
705570854
722348070
688270118
671496758
684071478
679811606
948189766
947923526
411052742
411056854
1484807126
1216404358
1233190806
1266728375
3414278069
3414401013
3414269652
3380723452
3364208364
3368525548
3427261420
3695696301
3691366829
1560631717
1560624599
1560755527
1426470150
1963357447
889611575
923104551
928304405
861719821
870173964
869240076
869129564
835510269
902619133
902688751
894300139
894431210
894402554
927812954
927712606
923532639
655093087
659156319
659094879
667536607
936021247
902475247
894102975
889781647
889769871
877252503
1959714727
1955491238
1418554854
1418472930
1422218322
1439102274
1430708546
1430774098
1439164242
1439145938
1434947538
1434814931
1439013363
3573919219
3573919731
3607474161
3607543505
4156989137
4123434705
4123958977
4115635137
4111309393
4110744115
4110745123
4077223459
3792008739
3797165859
3797164323
1648628003
1657012259
1925447779
1925448787
1925514439
1917195463
1380334791
1397112007
1372395655
1355635095
1355706247
1087270791
1087334019
1087362947
1087340995
1087353107
1355654451
1365091635
1430234419
4148145427
4147029250
4147033858
3861808646
3997074966
3997139510
4013814374
4011123311
3977519723
3977519721
3981707257
3889170649
3872590073
3872528635
3868342427
3867307147
3867271307
3867189387
3868233865
2794754232
3062149288
3066413548
3058057700
3053859316
3070632420
3176538605
3184927727
3166046206
3166113786
3165657594
3164617082
3169876250
2486205194
3576752906
3608211274
3725632474
4262572266
4132679850
4141187258
4136992959
4136599807
4153314597
3042877217
3021381425
4030136080
4030096640
4112916496
4147589216
4151644388
4116119780
1977029941
1976974133
1406614069
1389640213
315894535
306456839
306990103
38682631
38715586
39764099
56541314
25018802
82692002
1156439730
1152351922
1152351922
1157578418
1155345074
1155279778
1151085474
1418992546
1353985763
1357145825
1348526692
1344385829
1394643253
1377870100
1383112708
1919987996
1920184636
1915920172
1930529580
4078209816
4080388888
4080458088
4147571160
4114017608
4235642632
4244030217
4244619577
4240236591
4239941678
4237844526
4242157614
2086277230
2082149614
2084126142
2084256670
2088319630
1576614542
1606106766
1455046286
3334086350
3331852830
3332120366
3332119850
2257855754
2258051338
2257986318
2274767422
2243363631
2247378735
2247380845
2180304357
2180316581
2213395893
2213518765
2179962287
2171450799
2171385279
2150405311
2150486269
2150535645
2150544220
3229542172
3246385692
3288197900
1180424972
1176160524
1176161284
1176190996
1176203268
104538116
104472844
87716172
217732557
217762765
217959373
82693085
82819805
82684829
23899549
57472445
36457645
304354477
305468847
326243231
301085327
301085375
368059111
401629991
392225063
375448871
375498039
392410422
358781222
492999462
485656374
2094237526
2109779926
2109778391
2143402455
2118302023
3728914759
3725770055
3742553399
4245831991
4233183527
4241502503
4241568549
4239864364
4105635388
4109831708
1970752012
1966557708
1964268300
1964255004
1964249405
806617117
810942493
886448159
886448191
348397615
348390702
349048430
483269246
1569602058
1335769610
1324890634
1249385994
1244141370
1256739130
1253830970
1253810538
1253679465
3401097704
3401094376
3467163880
3475540200
3458975976
3459909832
1178475592
1195251016
1396585048
1404973672
1371288168
1371284073
1369203435
1368978090
1373165486
1363713966
1363794838
1359863446
1360000694
1359868598
1359843975
1359840069
1372426516
1368243220
1371514900
1405069332
1400875061
1396684853
1394526215
1393478662
1393475910
1464779510
1473237734
2005725870
2106385070
2093277854
2093792910
2018351838
2019072767
2019089007
4164549181
4164578831
4164624655
2021204254
2071535678
2063282238
1526345758
1526411551
1522087213
179906852
247019556
251148340
240654340
242747396
104449028
104497217
121278529
221941827
225349715
141525235
141530355
141540563
154119409
187652337
455411955
455284979
421740067
434320931
949035555
947921443
947921463
411066903
406881073
406887793
407222769
407370227
407366131
139454962
189692354
172629442
172622210
172622210
181010866
445141410
445146274
445146273
461955476
467386756
186175916
188281260
253292988
236649917
240892207
251181358
115915046
115976454
107654407
57573639
32407815
15647045
82756049
82724321
83717473
89663779
1192782115
1174989091
1174990307
1179301763
1188725634
1188725378
1174046338
1148161682
3291336370
3295534754
3295506082
3299700130
2225874146
2494309602
2443979874
2175544387
2213313619
2213346673
2213535089
2280578387
2247024467
2246956915
2238510643
2272064051
2267903507
2200385041
3278323057
3538361824
3555007716
3555007668
3555007620
1399291340
1395042636
1931913228
1931910172
1931772973
824225837
556048395
539463691
539414555
540475435
538709483
806292393
810420905
818813608
814623368
815622857
1889335817
1354534411
1409060363
1391241019
1987027743
1986954063
4143874381
4141253100
4141187564
4156859300
4098158244
3829530293
3842244277
4144133815
4145174182
4128458742
4132443486
4132445214
4132517902
4143065103
4159842335
4126305309
4126570253
4126556941
4158079501
4157948735
3552867623
3552865383
3552902247
3519503479
3519446023
3494257927
1346773767
1346859559
1883623983
1884078895
3763113279
3763116315
3763116091
3763312683
3763247899
3758987787
3775695371
3809248779
3809444442
3809383146
3792614058
3859608494
3860616366
4001107134
4000061630
1795045558
1795045543
1807624437
704522309
703473669
677783812
685972020
681642548
681642548
682696212
680537604
696266245
998256135
440417814
440473394
457266738
164068886
147844934
1217391430
1217067974
1217067974
1217051590
3381303750
3415772630
3398997222
3401094382
3401094574
2327545263
2331674540
2331742124
2390331324
3464005020
3476657556
3425350036
3425347476
3425347472
3291131792
1144713152
1413147584
1413146944
1362820368
1396331792
1379488017
1379520789
1379520823
1937371623
1935208879
860659119
843877822
843894202
839896474
1913570698
1376678282
1398678474
1367286650
1357849386
1357783611
1353393691
1371477529
1371342681
1392317769
1391285705
1391318105
1408094297
1374540153
1358295417
1358227259
1358223163
1366578474
1362384170
1395598378
1445863450
1462644746
1466843402
1442726746
1421792090
1421668923
1419559720
1419560744
1425859880
1413342584
1546642776
1563350488
1563940824
2100664265
2138354379
2004202202
2004333274
1987572698
2003301306
2003169723
2003169723
1466266041
1375072697
1375195577
3522679289
3522680185
3521631513
3521619225
3521490233
3521487929
2481443960
2481438968
2464628952
2196181241
2196115945
2196640747
2192511722
2192324330
2196516602
2213298170
2213371866
2213500366
2179954574
2238545822
2238545599
2238545663
2233949918
2233980702
3307730710
3575963958
3575963942
3580158006
2515382326
2242749462
2377952278
2644293654
2648283157
2639956276
2675608372
2682948148
2682949244
2683930204
3212608204
3189015196
3187970732
3187786412
3187930540
3187795117
3217253566
3179442366
3162640574
3167883390
2624720910
2620597262
2619417614
3697618238
3698735926
3707124503
3702938375
3719743301
3758080453
3732701381
3593306309
3593437399
2519643637
2519641460
2523835252
2549070644
3047989044
3031209772
3031209772
3031209516
3086267948
3061098031
3056924198
3056878114
4147380514
4096004130
3827569762
3827702898
3836091714
3836639939
4105108161
4104583809
4242848385
3206856369
3190079137
3195322017
3203710947
2933718498
2929589602
2929720626
2931686706
2934733858
2926079074
2926062690
2927115362
2860190946
2860385495
2868778181
3135120581
3135055068
3217827324
4258014652
4232867212
4233067916
4233033100
4233090460
4232889788
4241282460
4233999772
4250908124
4150177116
3864440092
3866601757
3883907103
3883898911
3850345503
3833568319
3829371959
3827208487
2887680295
2887697191
2906636839
2906506787
2940040739
2944235122
2927129186
2927129186
2927130359
2927132407
2935511645
2935507548
2935774044
2935831308
2952735564
2952736524
2916886364
2784756605
2784232959
2780574958
2779520174
3047950510
3081570542
3014596862
3014540511
2481925325
2481792076
2481796316
2444039420
2444194972
2427417757
2431640991
2490233758
2485486270
2486014890
3043856554
3077551290
3060706522
2792269898
2787617035
2787617545
2787617288
2804329992
2804330008
2804393513
2771506730
2771636778
2770588202
2707636778
2707702570
2716092202
2716618542
2712534399
2712660444
2716855772
2716721116
2708328348
2704066492
2704070572
2704041896
2704107448
2708301720
2708240283
2716620218
2716619194
2716619194
2741850522
2741858458
2750378122
2750375066
3824149722
2750413850
2750413834
2716789771
2716789003
2716789017
2716785448
2716782136
2708198920
2708067849
2708062777
2737623595
2741817899
2741826362
2741818170
2708259626
2708308266
2708452667
2708450363
3777887289
3811363901
3878538301
3878603821
3861830701
3882777645
3882777661
3849214333
3849275997
3832437343
3840891487
2767026813
2766961277
2783738460
2783738460
2817325660
2817325916
2817317724
2817317340
2800540125
2817513973
2809068031
2809035261
2775480829
2775480828
2775538684
2775546876
2783805404
2783739868
2783737757
2783736734
2767025086
2767024574
2758570430
2758565310
2758637726
2708469918
2716854495
2712528989
2746148893
2750339341
2741954061
2738807311
2738872959
2738680558
2737586926
2741782446
2708227518
2708436374
2708431254
2691655063
2691521687
2699909267
2699942131
2695362673
2712135697
2712594433
2750343937
2725178881
2720982528
2720920113
2720847397
2720843301
2741817125
2741815607
2741819487
2742024319
2742016127
2742016255
2708363453
2708363693
2708368301
2716756925
2750249885
2750177180
2750174620
2750182812
2716619229
2716676573
2699960703
2691573119
2699508094
2699364442
2711640282
2778822874
2812467422
2795698382
2795695439
2799887885
2792612380
2787242516
2803921460
2803905828
2808419364
2942764069
2951087221
3185972435
3169202387
4242936022
4243795990
4239405110
4239401022
3702535182
3700452366
1553000458
1557178666
1561368942
3708127694
3708259726
3574043791
3607597197
3607474349
4127556013
4128670357
2524365509
3530969797
3538317941
4075037285
4092339045
4058785069
4043127839
4043250783
4043119663
4042857519
1886991423
1899573263
1362702607
1343820555
270008859
274219579
810276415
810528319
1893509439
1893505119
1637648591
1674545357
1917238671
4060521103
4060521102
4060529310
3792519854
3792437934
3813423022
3783802031
3784845485
1639454893
1638545548
1945773192
1935220936
1398566984
1397506425
1364181803
1364124202
1348461066
1415370250
1356615178
1422707018
1440664058
1473957338
1473965514
1469752718
3621291454
1474078125
1465690029
1430103997
1363080092
1363080140
1350456132
1358823700
1358758180
1349255460
1349263397
1345069365
1345216775
1350459654
1356121942
1350864806
1350863783
1350941591
1401335429
1388752517
3527845509
3591819911
3593978799
3597976494
3597951470
3623117294
3614712190
3514118431
1366759183
1365645069
1365646620
1374567740
1374559516
1408107788
1399673100
1400697148
1395958041
1362399611
1897172458
1900317610
1933871786
1933949594
4081495690
4082017930
4083066507
3009320617
2751301032
2751245548
2751315292
2751371020
2716766748
2708320796
2704073277
2687361559
2687267366
2704020006
2704018735
2708215839
2716669980
3014539292
3081648140
3081647116
3081641996
2511221516
2512155181
2628526635
2632725034
2624331246
2624342190
2621397182
2638112910
3745410190
3726533774
3726566542
3730240654
3738617006
3732194542
3597985006
3598509310
3611226574
3580772814
3572384078
3568189814
3299688934
3299370471
3303564775
3303620085
2221547468
3295289292
3295231996
3320389612
3320338300
3320608060
3354161436
3354194196
3320705301
3320164661
3320165669
3228874021
3224747333
3224800711
3241578375
3510017927
3548306823
3615475093
3623667687
3623647215
2549900847
2549884462
3590074943
3589800506
3572040222
3567980862
3500810543
3505333357
3496740972
1346115676
1346120012
1396451596
303459592
303456264
303480841
844398875
844398891
828158763
810332971
810390313
818777385
818776185
819968217
1885317323
1902045387
1931409547
1381946762
1456927658
1456923306
3604312730
3537138330
3553915642
3545523818
3545526062
3512151838
3520466702
3554542350
3516863262
3283947902
3283636718
3285741806
3285837015
3284700357
3276311665
3272119345
3238760705
3226120448
3235570112
3302680048
3313231264
3309039024
3307884416
3341471616
3345663620
3622815447
3617900262
3622889070
3622889326
3580946282
3580948970
3578847739
4098941401
4099248345
3025515992
4099390840
4102004328
4127165992
4160601624
4135169545
4135577099
4131246906
4131209514
4147970154
4118221038
4118152670
4099278222
4099286414
4106495167
3569624247
3569840343
3587633367
3587625045
3588019540
3621551380
1474058260
1591547925
1583224853
1602100255
1601835038
1543123262
1508520494
1223373358
150475306
150475323
142107144
135835400
134855112
134986120
487242120
1595587464
1595575177
1446545035
1449689755
1458143931
3605631675
3605697195
3605701615
2540429679
2540298535
2548683047
2548691255
2515236223
2515498847
2490326911
2490179575
2490114023
2490178935
2490172759
2498565207
2515345751
3622642007
3605930447
3539341775
3539403615
1400111983
1364460845
1343503677
1345660953
1345595449
1366584376
1400333320
308732168
308723976
309641592
309379432
290505065
281038633
12606251
12795198
79832334
71442702
79831310
80887822
114738510
116837838
116829639
108434823
40862087
36470927
36483231
36679867
4105659
276753321
276814761
285035176
283966120
275574697
812442041
1902940569
1935979003
1931784554
1898025258
1902358830
1885584686
1885579574
1885464854
1885595926
4058181495
4058404839
4091955189
4084679413
4084691575
4084688439
4125370165
4158923061
3617857847
3622056247
1466306847
1467355405
1467351309
1431765273
1414857017
1423383833
1423341833
351582489
349485321
903121673
911711049
642235849
1712697481
1712619673
1712619689
1714782377
1698074793
1681322157
1681011607
1681010342
3832691366
3836750502
3836751526
3853526998
4155598278
4155961671
4156003591
4160070967
4160005927
4149526311
3071581991
2803212159
2786512479
2786510559
2790704879
2807420655
2807330799
2773775855
2776397055
3850171615
3858625791
3858687221
3858687221
3850368213
3850368213
3849827413
3849712765
3849712991
3844470111
3844601726
3877889646
3883138670
3882995246
3874541374
2800803646
2800876830
2801138974
2800088351
2817881375
2784458077
2775992157
2759198669
2759810781
2776465005
2784780077
2784780077
2780089629
2750737679
2717181199
2706765599
2702696319
2702695807
2702540271
2705677807
2714062317
2714197373
2748792157
2748657437
3780460061
3780451901
3779534399
3771023167
3770956607
3770943775
1623461199
1623530847
1636121693
1636056141
1636047884
1636060172
1938148428
1942486141
1900389502
1359261790
1359266254
1359462622
268882170
273084538
277279866
277264665
277265176
294042172
306690620
1376623372
1443861516
1443799052
1444315214
370573518
353784022
336998630
335950054
1413817318
1417686630
1417685542
1417689654
3296999942
3229882950
3250850374
3268818630
3265135302
2193556166
2192528374
2192896998
2193421286
2197611495
2189219821
2203967453
2204105181
2204105181
2169502173
2169239935
2170251647
2170251646
2170255678
2170223934
2212167486
2212495166
2212290366
2178731839
2180828983
2172493175
2206055799
2206047607
2206047735
2206178805
2206113269
2172567029
2172631525
2172434845
2171394253
2171592157
2205089277
2205089661
2196172653
2197219949
2197088876
2188704348
2188697164
2201280092
2167920221
2165765661
2152654429
2161110621
2425216989
2441992685
2446186925
2437782709
2433725629
2433660060
2974721180
2974786716
2957294749
2957286653
2954139885
2685909101
2685840765
2704715103
2702638973
2706820973
2740375149
2740452973
2740321917
2742345309
2738675277
2738683599
2738749183
2743070319
2817912687
2817845567
2813655103
2813646911
2952252478
2943777854
2906022934
2906006534
2906534967
2906272807
2892631597
2896891645
2846428925
2846367455
3115854542
3115870926
3187174222
3187341678
3187329386
3187394602
3052963866
3053292619
3044908105
3077411913
3073234136
3073364216
3073298664
2804831465
2804831721
2810085097
2818473659
2814344891
2780659387
3053223819
3028057994
3027789258
2960883674
2960813818
2960911978
2700869178
2717441563
2750987785
2751053592
2751051096
2725819608
2721625496
2719733160
2718621608
3792359096
3813362349
3821951917
3822991789
3806275772
1660759180
1652305100
1652368444
1647260716
577653804
577592596
577564164
854518533
854505733
1886291972
1886357508
1882032324
1613731956
1626323300
1623173412
1623173924
1623038261
1622972519
1614592230
1613544678
1613749414
1613683894
1613684126
539975326
544045726
560822974
569735934
603323134
603323006
601157502
601156895
592768271
591780879
591920159
576191615
576191613
576183805
643225085
643290621
645363645
1735874493
1735884701
1702363103
1626864639
1626733055
1626733534
1624632270
1616211662
1616211674
1632968379
1666522795
1666457517
1666463661
1674847677
1641494429
1643517661
1622628063
1622441567
1639217695
1637153295
1670708047
1670707661
1674930573
1666591901
1645620669
1645624765
570822125
576130349
582421807
581705023
1655450887
1928097030
1919840006
1366194695
3496888839
3496888837
3496823316
2428361268
2426191396
2962007588
2962007648
2962011744
2963062369
2685701731
2685700850
2685901538
2769730150
2803280486
2786519638
2786590406
2786424775
2790553557
2807321077
2784252389
2781893093
2765124093
2765316447
2765254015
2756868479
2765314399
2764274143
2780903887
2780896715
2806070666
2806195338
2806195354
2814578858
2814574766
2810401982
2776888527
2760109261
2759961949
2764090941
2772479541
2801907253
2801972757
2936197655
2936263479
2936141158
2906715494
2906709222
2915098102
2915171830
2948786134
2948786134
2948849526
2948648806
2948647287
2915166487
2839669015
2906914581
2906838549
2902644317
2902578901
2885711541
2885711783
2889905575
2906674614
2915243190
2944550102
2810336478
2793602143
2811488317
2811423005
2782066956
2775829260
2773535516
3041975869
3075502637
3054580262
3054703158
3071423030
2970822450
2976910370
2981103650
2979006514
2442148914
2475895826
2475877442
2459153475
2211546629
2169802245
2165627445
2148850277
2148915813
2420603749
2437380581
2462463445
2462462149
2462527685
2445627636
2429341860
2429341860
2421021876
2416949396
2416884100
2953750980
2970528708
2990975685
2986784455
2986775111
2986857047
3053777519
3053478511
3057656687
3082825839
3078820987
3045203065
3045488761
3028805835
3028675019
3049581002
3049312250
3074541546
3057894106
2517824218
2517787226
2517837375
2534616895
2500864318
2505062446
2446335022
2442204414
2474782862
2474778782
2206400702
2207252671
2177892509
2169516172
2197845132
2198984732
2198984733
2201458719
2184685582
2187831566
2208734990
2176221710
2174124558
2173862415
2176954991
2168501869
2164295397
2164318189
2164453357
2168614781
2437053277
2437118413
2420239837
2420239589
2512442613
2546057429
2277626061
2260857309
2260989428
2269380580
2533800944
2500245952
2500245968
3175528944
3183917808
3175986896
2938085952
2938020416
2938012225
2805891697
2804208099
2770613475
2770607334
2808351974
2800097526
2796956886
2794859846
2794925894
2794743622
3062130518
3083134542
3049707214
3049703118
3032928255
3025001895
3025993127
3021764095
3021436383
3025630687
3025499989
3025483543
3025485623
3042258295
3050663286
3084217590
3063405814
3063334102
3063398855
3067986903
3076322037
3575505653
3558826613
4095697685
4095680821
4101780517
4043078693
4041178133
4041104645
4041100549
1365067013
1381844229
1384075541
1384071189
1381826615
1365054519
1348285799
1415524327
1423847158
1423849110
1423902342
1425818246
1174160006
1207817139
1190654947
1190617443
1203102001
1173680433
1156899105
1146413345
1142284593
1142149393
1142083859
1280495635
1297272851
1330824210
1333249362
1316324818
1316214738
1316222930
1181972210
1181832182
1179735030
1179734502
1456546278
1469128823
1199645791
1166107997
1153520957
1153455404
1145075508
1140881172
1141331268
1141261636
1145492597
1145562229
1146482803
1163382867
1163379010
1199030610
1199559538
1207957362
1174402899
1174386643
1174386161
1434301921
1467848112
1451066800
1451073008
1451204084
1988074997
4133991797
4130714999
4264928118
4262830966
4262847334
3993362790
3997229414
4005687783
4005688823
3997693381
3997687125
1866976356
1699203172
1700132980
1699871748
1699867652
654568501
654570533
637783077
641850405
641850421
654441525
658603317
658726261
625167861
626215319
617827223
768727990
768728758
797048502
797048822
801173494
1858169718
1866689398
1799563638
1767053654
1767061959
1750280647
1758674327
1757616023
1757615767
1757632150
1753337558
1837170422
1837165174
3984632326
4018187015
4018399495
4257414405
4248982869
4110616053
4110484965
4110497253
4114690023
4123213543
4123139798
4102102726
4102056646
4106283718
4106742407
4106743429
4123066036
4156606372
4131406252
1983906236
1983980716
2000759980
1900226989
1900165613
1884494847
1951481678
1951426062
1951425295
1951453983
1968235295
1976688958
1972495734
1905524086
1367427446
1371556214
1371867446
1472600375
1473653557
1473654580
1979002644
1954313940
1410651792
1343275648
1342227073
1879081618
1879278230
1933743510
1925360854
1921099798
1922082870
1924180023
1923131445
1927462180
4079128356
3810969124
3809986100
3776271892
1628926468
1612067332
1615213365
1623536429
1623470888
1640239929
1665408521
1665407819
1648630266
583276714
579618986
579094666
579097738
584372362
591777930
554086779
558281003
591831339
574989611
574924094
575971359
570785821
1644675133
1661943852
1884160364
1884173176
1892561432
1892561432
1892494872
1888300569
1888320027
1888287034
1972164954
2145160394
2136972682
2139082634
2134656650
2100565674
2134324138
2121671082
2119573674
2127716491
2123550921
1048678649
1052811305
1061202985
1057007913
1057208635
2130884939
2130889162
2130857162
1595016334
1593967806
1606562222
1535254959
1535582943
1501901533
1501569661
1502618156
1506829868
1477502764
1476441381
2013369397
1006744647
1006875847
1027783814
759344278
792968374
771792038
771808438
771874038
788692006
738344231
743579175
684789285
680529460
680527412
729882164
717238036
708848900
708847892
708852020
708843892
717232981
734019541
725630933
725696469
692142007
700530614
952205238
952139670
952237974
415367062
411156374
411090902
1535164246
1518575382
1518780166
1518775575
1519303959
1590541396
3754474580
3720975604
4249523444
4245591284
4245063156
4245082100
4228079348
4227935925
2080582325
1950558869
1950558868
1959079572
1975990164
2009403796
1988104340
1451241604
1452335189
1458630703
1457561646
1449176106
1465948186
1466145034
1474464010
3589441562
3589441562
4250057754
4250121242
4257330202
4257329211
4257321081
4291014845
4282626221
2130956461
4278370477
1828902060
1828912572
1813182876
1813175236
1836227092
1835121172
1868623364
773907980
773908236
773944364
707869741
705698855
709037094
734137398
700583174
700585478
696333846
700458518
700460567
700459543
700459527
734018071
700480119
700480087
683736647
683802191
683802207
683711487
675330543
692123887
725678327
721549558
688126198
692255990
692256182
700637110
696475318
1770060470
2072050358
2072083094
2072214230
2072214231
2072206165
1002658100
725866548
721673268
721472532
687909956
688106580
688045428
721665509
721468663
704691454
704691454
704756926
704837806
721615022
688052654
692247534
700631790
696421102
729910271
713079245
708880717
704687180
704887900
721615916
688053292
672287788
674385196
677530925
694374189
702631805
737234811
735080283
735079370
700509130
683863002
683859579
683855451
675399243
675341897
1750132601
1750194025
1758482281
1758482425
1758485977
1750281721
1749167609
1749237692
1749041052
3963698844
3972218540
3968016108
4254142172
4254076620
4254082756
3716247236
2676059861
2676031463
2672876517
2668677605
2654326260
2673278284
2681660684
2681660684
2677515564
2683675949
2649003302
2649064742
3185870182
3110374758
3105918454
3107163606
3105020374
3943884886
3943885062
3943885062
3943853318
1795353863
1799484703
1799419711
1799386494
1799386622
1799378942
1799485374
1799550894
1807933374
1807998870
1807809414
3955337670
3955408343
3955407991
3955463223
3946943493
3910394887
3910333719
3910328103
3914518119
3922906735
3952594687
3956590541
3931432397
3926191580
3927305596
3927440748
3948059948
3948121916
4015230476
3977489933
3960581901
3960581421
3960528173
3960589613
3960720685
3966944573
3967272255
3967141167
3967077743
3966029295
3966094831
3983396351
3849182654
3849320894
3857185214
3857185279
3857185791
3857185759
3890735455
3882346847
3883395357
3883268413
3883257149
3883388191
3848723743
3848764759
3848634239
3848625919
3848625919
3849116415
3856980735
3856980735
3856980573
3856988509
3848599565
3882155037
3882282045
3882282093
3882286191
3882339711
3882342911
3882310655
3882310591
3882179519
3848633271
3848633271
3848632727
3881926035
3890314675
3890314675
3890419123
3890419091
3890357635
3848414594
3848417154
3856808918
3990948838
3969911654
3986688343
3986761991
4020300807
4021347333
4021330949
4019229703
4023428375
4013993271
4009996071
2902638439
2902646631
2906836961
2907885024
2941371744
2949695264
2950034993
2950086145
2924932611
2920803842
2920605986
2921125922
2923187298
2927250662
2860123270
2860131462
2876974470
2843354550
2902067110
2898202614
2898071158
2898030102
2898028038
3170723335
3170838277
3103592293
3101429095
3101427943
3093240023
3092650438
3088473414
3092631318
3101029942
3179651606
3179651655
3213210565
2945225716
2941036452
4010586016
4010794932
4010696116
4010692068
4011199844
4007075108
3870690564
3870708741
3874972677
4143248437
4143248421
4141151327
4156849615
4152776158
4152776174
4152759534
4156888174
4157936702
4141823007
4152323359
4152360765
4114599453
4148072013
4080901709
4078745565
4078736895
4078732543
4150172926
4150197726
4116639454
4116606718
4125060734
4108156526
4108148334
4108066175
4108074071
4107025653
4031528180
1884110068
1883977172
1900750292
1900753812
1883846613
1884817366
1893355350
3587860822
3515476310
3519604790
3553151030
3548957974
3549086534
3515540166
2425021111
2425938596
2425931428
2421739172
2417544876
2436620220
3508207604
3508200948
3512329556
4049384724
4049376564
4077491509
4144676117
4128161045
4128156935
4128161093
4132363589
4133408069
4141860180
4158420324
4158416228
4124959084
4124954925
4118664493
4118672703
4116702559
4116706654
4115518974
4149069310
4149036478
4144959623
4144312519
1963405815
1968574823
2094413623
2109105671
2109177351
2140266007
2144394767
2136014607
2136272223
2098718175
2081871311
2081866127
2098545598
2102707118
2136274926
2143577966
2126800158
2127881486
2144658703
4258788639
4241933613
4241935661
4242526053
4242526165
4242464727
4250861447
4284475271
4279230919
3209687509
2940850405
2916667620
2895696356
2895697764
2834888276
2843274845
2871651935
2854944638
2859126062
2868464686
3942140990
3933957150
3933889550
3917095950
3900323102
3908699949
1761543804
1759256188
1750346588
1745103645
1745168669
1749237055
1807818046
713103158
713111382
713111127
713053781
713094748
729857868
700496844
687978908
687978908
688110524
688126380
688028092
721623484
721623468
721493165
734215277
729955631
731000127
697313550
697309454
701499662
700537630
700545822
700545822
700537631
700537631
692148511
692148543
692156735
692287805
692287837
692156765
692156893
692190205
700710813
700563357
700555165
700555165
767671741
767671709
801225149
801225148
658749884
654555548
637712796
654485724
655550509
657618989
594693167
1675758894
1659047230
1659969342
1928347454
1993371454
2006019870
2005139230
4152610654
3615739903
3599093429
3599028148
3594817524
3591217140
2517610484
2517544444
2538515932
2513350092
4123961805
4124027039
4107126958
4098738606
4098218414
3041361342
2500210175
2501262845
2501317948
2505381660
2508002844
2516526612
2512334356
3583852037
3549969943
3549969958
3553107750
3545763110
3512273974
3495574534
1347036166
1343122438
1343212806
1343016278
1343016918
806145990
806145927
822992791
827310005
827256757
835649463
818273687
818273687
809883123
810018290
810020083
809954391
809921795
826685699
860232467
843529747
851914291
851785587
851785575
851711463
851726837
314626453
331404757
331397076
297842388
281132788
272891476
273145361
1346821425
1346827315
1346790514
1346729074
1347245266
1347405010
1422836882
1422841235
1422906771
1439430033
1170908625
1170908625
1170847057
1556655441
1548332403
1549447026
1549463538
1566498290
1600114130
1578489218
1578587266
1578500546
1582498770
1590891107
1607545379
1573922339
1490054705
1490120193
1481767169
1498519825
2067832113
2051061041
2046866705
2047054097
2047054641
2051117347
1782625639
1849728359
1849728502
1782692342
3930176934
3930570150
3930521510
3947290583
3913441239
3913437013
1765887285
1765823525
1765810221
1799364669
1799364701
1766011359
1774342591
1757568959
1757502367
1757440927
1757473694
1757539230
1774345166
1799509326
2068988175
2054291743
2062692645
2063036709
2079682852
2075522852
2073354020
1775550261
1774497541
1775021319
3913792790
3913719158
3909590246
3943009511
3942751655
3942759863
3909270935
3909524949
3909536245
3909536229
3947350885
3948240741
3933685621
3933672277
3950322005
3950322037
3916510573
3925036333
3904063789
3904064285
3918625551
3918555399
3955255558
1799384374
3942864358
3926017510
3926017974
3930244774
3955478198
1803616134
1803611522
1774251458
1832971715
1828912977
1828880240
1833056544
1683163424
1691420960
1691552052
1691491076
1624387333
1624452887
1619017014
1619015734
549459990
541083670
557926406
558041110
558046230
558046486
566312758
562118246
595794535
595790437
578820693
583035461
574679877
591502293
591577063
591570871
591503750
591429766
591429775
557891737
553730297
537072745
805452072
809642536
818031144
1887840825
1887705627
1904495114
1938080586
1917620682
1913491850
1913622698
1930408110
1934602662
1909316006
1976327078
1959729894
1976441382
1976449830
1968842534
1968775511
1968775509
2010718684
1993871768
919094152
910747592
369667912
370780424
354134040
337292296
1411294217
1343669258
1347669194
1355009450
1351012266
1350991530
1099851450
1133438605
1120850572
1113506444
3258839660
3257443884
3257444141
3525945143
3531449654
4068246830
4074538286
4074735390
2995164950
2995164471
2999366757
3004470500
3004482788
3021280436
3021878708
3021875104
3036561073
3031305873
4104732307
4104662707
4100468370
4114099602
3611044050
3598460946
3607037954
3602257922
3735432450
2397382146
2397315638
2410963494
2375348798
2358554990
2558823663
3632568484
4175202452
4164454596
4180515844
4214206468
2049351684
2049368076
1781932044
1796350009
1762859051
1812146475
1816267369
1820461752
1820527241
2105548427
2139116171
1585496714
1585496714
1606541994
1572889518
3703842214
3703900326
3436054694
3427666118
3444455494
3474603270
1580922631
1609229057
1604886977
1604886757
3719865508
3724057764
3742927012
3726281620
3728382660
3728383508
3757999668
3753231908
4255446564
4255444517
4259638310
4281636902
3207825510
3140667474
3138571266
3138581506
4212318466
4211175970
4198512226
4206898790
4206898918
4202773158
3665959606
3666152870
2613839078
2581266630
2566545606
2562367695
2562302156
3634931676
3702040300
3697839852
2619972316
2619972348
3693731564
3693770220
4234829932
4243210287
4243210302
4234854414
4235125774
4251887886
4285376798
2122103070
2122098702
2048257102
2047152334
2047148270
2048327914
1846935786
1859518954
1855342555
1788205785
1788127992
1804905176
1754573512
1746177480
2031415496
2031476984
2064867560
2064802025
3927052781
3956410349
4019224191
4288014974
4254526030
4254453262
4254918158
4259111454
4250923862
4116607870
4112388591
4111926765
4115926253
4114942205
2001107405
1933994445
1916890445
1916855631
1916859471
1916911647
1933656111
826360877
809698365
809647391
826425111
868424503
868223799
868485942
868491062
826619702
809907719
809915909
809911813
809813845
818208612
818200548
834969572
868523957
860151686
1930222550
1930386422
1359354214
1371941222
1367746598
3515295798
3515300886
3515292934
3246871894
3313792871
3347898356
3486306292
3486309332
3477928948
1296399332
1493662564
1476536692
1476536668
402794772
402812700
956399421
956366173
994110813
994098589
994098589
977385629
994293949
1002682557
1002699197
969111997
969046461
969046317
969029925
692206887
688995639
688930071
688929047
687946007
692259607
700664599
700537367
692083463
692083463
692082967
700545335
700545397
734132597
692189525
692173141
692304245
725859319
734247935
717340319
717274783
708886431
708951967
704888255
725794223
725792943
1799534765
1799534765
1795406045
1795422284
1795352588
1795324204
1761746220
1765936941
1774325549
1841307511
1841311222
767569398
767573494
759176662
759250758
633568774
633560582
633462278
633396742
633387286
633379126
666994774
658606294
654362822
654432726
658692582
1740827110
1707240934
1690529270
1690398166
1682013638
1677811158
1812029430
1832934134
1837202166
3984747237
4286806756
4286601812
4274018629
4265696327
4127357974
4127358006
4131646518
4156812342
4123196502
4102208838
4102471111
4236614100
3972303332
3963914724
3976235508
3976317300
1828879220
1828876068
1761750564
1749167652
1757624868
683686452
675293956
675293956
692070676
692140405
700520821
696326487
696269127
696269639
696384215
696367831
729856711
729856711
717274055
708884951
704755927
704887031
704821349
704821349
721598565
688060773
671242853
671226469
675416679
683740135
696256999
696261078
729839814
734030214
725739910
725809575
734190503
734124951
734051271
734116821
1807924069
1807923495
1766038551
1761672199
1761731607
1795355747
1795343587
1795313127
1799511015
1791118055
1803766503
1770244823
1754528711
1757669701
1749155141
1744891141
1744872749
1761649965
1799474221
1799474223
1799478303
1782840351
1778547807
1778530815
1782717423
1783827119
1808992959
1775438495
1758666383
1758670479
1754345183
1754300141
1754332909
1771104733
1770039367
1774233671
1761651718
1761664006
1761795110
1761803302
1761762598
1800555874
1809010546
1804623570
1803610818
1803676353
1803746000
1807997648
1799421888
1761895872
3909379312
1763144928
1762788576
1766985205
1808948213
1804688373
1787886561
1803610453
1774255111
1749285895
1745019911
1746039831
1746082850
1745951778
1745959202
1766996770
1774325282
1803750962
1803552262
1786799622
3934316102
3934365527
3934300148
3951082964
3955277188
3909388420
3892676788
3892747492
3892767972
3892768228
3892768741
3898007269
3922906869
3956395665
3939565441
3998281105
3997285777
3993082257
3993222577
3993157617
4010975075
3979468599
3961583415
3961579319
3961648935
3978546471
3982741283
4024651571
3990997811
3924941331
3922848275
2849106547
2832333427
2916220497
2907959233
2907891649
2941450193
2941470160
2907718065
2909798817
2893022625
2900559331
2900495859
2900500434
3970121538
3969985858
3974180098
3991086338
4024579074
4017558530
4201985027
4201980947
4210388019
4208294946
4206255154
4223040514
4189996291
4194256387
2046640689
2019374629
4162594341
4162596391
4161547558
4165741670
4190967926
3654229078
2614045702
2609325062
2592437362
2592928226
2592973298
2593108402
2609681313
2576647840
2639562416
2620688048
3156444848
3156391600
3174213300
3174232036
2939350500
2941380724
2949769301
4023646277
4015253845
4015191381
4015182165
4015178069
4015210869
4023406629
3989839905
3981451297
3981522289
3964812593
3964804917
3964885621
3973151445
3989995461
3885161733
3885157637
3884993797
3801112357
1657824807
3796903462
3859948070
3859956518
3793174822
3812933878
3812933854
3821325455
3821848717
3805251724
4132370828
4132367772
4157531612
4123976660
4102480757
3163006759
3162896230
3167024486
3154433398
4278539606
4261818822
4261815750
4261817750
4274929590
4271771559
4271837111
4271706007
3751573383
3755794887
3722241479
3722241399
3721768759
3721768723
3747084083
3730298659
3596075811
3612787507
3612856691
3579171299
3562525159
3562456279
3562523847
3579173077
3579177205
3612731764
3613260148
3059605332
3061708628
3212702581
3221090679
3220828518
3220960102
3187331702
3170550358
3102426646
3093919254
4163397414
4163396903
4163380261
4168688701
4193924124
4193918284
4225441228
4216920988
4211617692
4211633564
4216317340
4220440764
4219977980
4219830365
4219793757
3653558557
1476716327
1476755239
1477853030
1477844966
1549144054
3705605558
3705408950
1607218326
1590518918
1590158727
1590162883
1599576003
1549252211
1549248115
1551349363
1559594979
4243949027
4283799011
4262835667
4262958531
3994525041
3994533665
3996625440
4000819744
2942811696
2938478096
2904936960
2905731600
2939245344
2943435040
2950955232
2913206432
2914325664
2897354160
2897353104
2897443728
2767219633
2784029607
2817589238
2809257302
2792602886
2791416838
2791351318
2808394806
2808448310
2770847542
2771309110
2771280486
2771268198
2758611694
2758542078
2691436478
2699827390
2699303070
2716154007
2980456597
3014012101
3014026437
3014127685
3019280389
2986250243
2985207059
2985207570
2985277026
2976765666
3006023330
3006006946
3006011027
3006086579
3010148514
3014334690
3014596722
3014601734
3014616326
3014354695
3018584837
3009991460
3009974564
2976419884
2959642668
3026748444
3026748444
3026947101
3022970167
2955869478
2955339574
2956359438
3023439374
3042117135
3083994909
3067295597
3062969709
3079681405
3079680985
3083867081
3578790617
3578860251
3578991611
3577882090
3577947370
3587192026
3587200202
3587429579
3579033035
1360111579
1896982107
4044600907
4044535371
4050761339
4092891883
4093088747
4084642811
3814175739
3809843195
3809843135
3809982383
3814106543
2748753327
2732045742
2732052990
2742538718
2738213854
2704667647
2704533359
2708727653
2714859301
2714789653
2706448645
2706583813
2706571381
2706457701
2714860641
2714966129
2710702161
2743228481
3078778177
3062048065
4139791169
4131402435
4127397619
4144113571
4282592675
4253039779
4253027491
4253043841
4257279425
4282511297
4278447809
4249026385
4249083745
4257275169
4257283363
4257246579
4282410354
4282611058
4282570098
3217216882
3183660402
3183578483
3049302355
3049303875
3049504323
3074596547
3070402295
3070332903
3070353383
3070492147
3070426579
3074620738
3041090882
3041090898
3042147427
3050558819
3033777443
3029583635
3033785859
3033654851
3025200723
3024213875
3024211810
3024182754
3024166898
3024304082
3021158210
3021157714
2958105906
2966429043
2429631569
2442339393
2475910337
3532867008
2459157888
2461257600
2465324944
2456936096
2450652064
2450783648
2450783696
2455196736
2465551376
2461331488
2998199328
2998199588
3013930788
2984566373
2959394543
2959378174
2976158430
2976232190
2984749038
2967846382
2967771622
2959407606
2955803606
2704272086
2704174726
2737727366
2737729927
2741915831
2745517302
2745484534
2711936086
2716134406
2708335878
2704142102
2704015158
2771033910
2808780599
2817242391
2817176837
2951456005
2943984917
2943935781
2772303205
2770263413
2770225621
2702592948
2706770868
2715094708
2717202069
2750751373
2715034527
2710835630
2711355822
3768320166
3770495190
3774178310
3840271366
4100254726
4100238343
4117081095
4017007877
3996040965
4001273349
3999176309
3999199975
4015907823
3948728815
3915173999
3915215999
3915342879
4183712797
4183700509
4284421429
4217181492
4225701684
4193933140
3115993044
3115964372
3115902916
3115902932
3120150228
3120273141
3111753445
3143145191
3109599206
2839066102
2872894950
2877153782
2877288918
2877215190
2874590710
3981755750
3981765670
3983604790
3983670294
4013161559
4013085893
4017543109
4017538756
4023895764
4023699181
3989861997
3989858157
3983549501
3979354237
3979358309
3983610085
3992064229
3987871205
3968997109
3969076949
4253056581
4253085447
4290833671
4267043846
4262984727
4262917159
4267627815
4267688231
4275815287
2128213783
2144986390
2101929302
2085223510
2081160390
1963646166
1963642358
1967802342
1967736822
2001557206
2001557190
4140783190
4141864823
4271760695
4271695157
4275954965
4284474628
3743372564
3709814036
3695134516
3699315300
3699184228
3705418484
3705479876
3704566468
3704051543
3716502910
1607331198
1590491518
1582103038
1582152158
2120203726
2120201550
2120056922
2065203258
2031726639
2015076415
2017108031
2017386549
2017350773
2017396213
2017330661
2021595047
2027759271
2023040759
2023042759
2023042759
2021928535
2038722167
1536486967
1591082503
1591203591
1591181575
1582792967
1582661975
1578496375
1577443431
2114251879
2131028069
2135292005
2135869557
2144259141
2144257031
2140127495
2144190775
2144137511
2135744803
2131616547
2131686163
2131678035
2135937398
2144162166
2135715062
2135714046
2101962974
2102295006
2043546589
969871068
952895196
952373980
952373980
943985276
943732332
943728236
943925109
952313173
952198485
968942940
968943100
2042672636
2076227068
2076423604
2076358548
2038671285
2038478519
2021693174
2026079990
2017646566
2013451622
2013416502
4160900102
4160973830
4181814294
2068018182
2067944710
2059622166
2055304758
2055239214
2122645118
2122711039
1585837551
1581633773
2114830493
2131607693
2098065565
2098197757
2098186605
877644093
890239239
890169351
1057940485
1042214917
912179509
920371557
915100005
915239413
936207813
894265813
873454581
806341365
1884277365
1892015733
1960178261
1959064149
1976365525
2001531365
1967944163
1946960355
1947140707
1951274594
1959671394
2093886995
2094886407
2094853893
2090724677
2141035845
2059242693
2063371461
2063435207
2055180759
2050486775
2048254055
2048204901
4195819556
4195749924
4216782884
3654751540
3633786128
3633720832
3633724993
3634319043
3634153090
3633088178
3637286562
3645683362
4212105906
4195197842
3926762418
3926237874
3926303430
3926304326
3994529334
3994073638
2920327983
2939219823
2909853039
2910012921
2909946872
2909930476
2909868908
2950706476
2950706476
2950904852
2917280788
2845975572
2847089684
3115529236
3113291893
3113500926
3113566430
3116220638
2558317054
3627831678
3625809246
3625872718
3691932110
1594845386
2118871258
2127222986
2123024586
1586154699
1587134537
1457033304
1448734840
1444597880
1427816572
1413136748
1413367660
1415513717
1423908471
1440558710
1473064550
1452109814
1456301462
1456297350
1464423830
1565097367
1548451765
1557880477
1558138524
1558007764
1551134516
1550116132
1545659684
1549852964
2086723892
2029122308
4187023124
4185956197
3687096229
3687316391
3679386535
2605375382
2605449094
2571761302
2648299190
2648429222
2633749430
2632701846
3706715602
3631218130
3627941075
3627342129
3625221392
3625413889
3627443971
3676714754
3659925266
3660453650
3665761554
3667725618
3666360354
3666356262
3666356262
3666377766
3666592861
1524352076
1532527820
1528337628
2065276156
990612964
973770228
973778132
705277140
705211637
705215734
1040964854
1040893174
1040864466
927596994
902431634
814417635
814223073
814230256
818440896
877390528
878369344
878366272
924827968
924643392
906813685
923594981
890032357
890232293
894360549
1036712701
1070328540
1053420492
1054453196
2119808204
2138805460
2088489461
1962668535
1962660790
1958462114
1958302370
1962439330
4101530274
4101568162
4114210514
2003762115
1986984256
1995364352
1987041280
2116942848
774693936
774135844
774856740
774770725
778716455
803947879
766101478
766100950
753532358
754511302
746106710
746172262
1820056870
1820056694
1815870550
1832484066
1834573026
1843219938
1874845670
1874841559
1858064321
1853873985
1849555712
1866262832
758507808
746059824
746051588
746047492
758503444
792067108
775814436
775277348
779471668
779569941
779569943
779045207
778914294
787302902
787306998
804092406
804125142
703592902
686815686
686815686
686684534
686684518
686680423
678422871
695167303
728594807
711776743
720165861
720231269
737008500
704641796
679475460
679471364
679323924
679328036
679344932
679336740
674617908
691919733
691919717
746445671
745393015
745524055
611310423
611309911
627964261
627898725
669899109
669907317
670038357
661650247
661519191
627964791
627932135
627932151
629111255
662534615
645757431
644700663
653089269
653089141
653261143
653261143
653261143
636479815
612362567
612366663
612223319
544069991
544069991
560847207
627956071
636344695
619575671
619706711
611318103
611318087
611187031
627964775
661453159
644700519
644708727
653228503
653253079
653228503
670005719
661617109
594491863
594353110
594361334
569195510
570244054
553466838
553204694
549010422
547060726
546961879
545847748
562620612
575187012
570992732
571062396
571394156
571394092
575589677
575593791
576618254
593391374
562003806
561974142
611126126
619518974
620567542
549272407
547174999
546122335
546138718
546139126
550264278
541871318
537660630
542054882
550398947
546269923
562428663
595974853
583326405
570739525
571316565
588163428
592423012
591767636
592287812
571312196
571312188
571447340
571406636
571406637
570849661
571357535
593365502
595528190
602737150
602741246
570244094
552942558
546781902
546781766
546142790
545815062
545844758
545845013
562621716
591952980
587819492
587885028
587922404
592104172
558484444
558664141
558664141
537704781
558807357
558803244
592423212
588101948
588028220
588024188
588155245
554604909
537844591
542034935
543153111
559765879
559708519
1669167207
1677588599
603978071
603912517
603978565
603838999
559799095
559733559
559774039
559905111
593459575
576674167
576674167
587028855
587028855
587069815
587200855
585103687
568326471
543160647
543160775
543152631
545118695
561904103
561904111
629004799
636353023
619575807
619706719
611318095
610793807
610662783
627370351
660928879
577063287
577067511
586111319
586111447
586119639
602897367
603925463
595540695
561978070
545200854
542980854
551369718
547109798
547175349
547175060
545864324
546069124
546110084
562867076
583313796
583383125
575125558
570603558
571648038
571648038
571730966
571632646
570563590
587599358
542509998
551488174
549264062
547166910
547191454
546077326
546073230
546106334
549742847
541337687
537143383
536950837
541461285
549862948
545402404
562114068
595618309
599841285
587254533
587565879
587634983
591833383
574990349
574928909
570722317
571312188
571443244
571390060
571406445
571365613
571349503
588126703
593365486
601299966
563428350
545536990
545532558
549796494
545733262
545618591
545553085
545586941
549780949
541357380
537158912
537749040
537820705
542013985
567274019
583858707
583829763
583960579
575309891
575315011
575312977
592033121
554220897
537443429
537442413
537442413
554350957
554359151
558549367
558619095
558496215
558758311
559937959
568187301
568318389
601881493
601357205
601225911
601226103
592771895
592804119
592931095
595028247
578251063
578255159
586631477
584436021
584960373
585096021
601881415
568326983
543161159
543160647
538827127
543021415
542996975
561863151
561863159
553507319
553515383
551549271
551550407
542995919
558658975
554448303
592256431
593435051
568277947
553589659
549395035
549403163
549272075
563883531
563881483
567031563
558636303
554437951
541985646
550378222
546192119
546257623
546142935
546110021
546093901
600619341
575453277
571324541
571316349
571447549
571381999
571390191
571407598
571374846
588135678
537803262
541989870
550967934
546773566
546650686
546585183
545532511
545532511
546073183
562317647
549734479
537659463
537860439
537820007
550398567
545745511
562359927
595910221
591695693
587499853
587635069
591833581
591898733
575445084
575445068
571316316
571455740
571390188
571391149
571399341
571366575
571357631
588126639
559810990
568269822
547167038
547109407
547105295
547170831
547170831
546142751
546064959
546097471
550303775
554461199
554657823
588142959
592370287
600758895
596490863
596425311
600611149
592222541
588093533
588167277
592357485
575580525
571324789
571250773
571316341
588159333
554613221
554621415
558815735
559929815
559806967
559806949
595458405
603838837
602929493
602929989
602930007
603847287
561904503
559799159
559765847
559896919
593459511
576682295
578779445
587037045
653089141
653252949
654301527
671087431
637532999
612367175
611310423
611178871
611187047
611187047
762181991
762173815
770570615
753793367
753924439
745535815
745535831
762182519
762116967
778861415
778926455
778926455
787446103
787470679
787478871
804223447
795834839
795834838
795826646
795835350
795704310
804076534
770537974
770275830
749435350
749435222
750516309
748288068
768141380
793307220
772401236
772528484
772524388
773572964
780127093
788519751
796851014
728726470
695163862
695032822
695032294
703420918
703429110
704609238
704478166
698182486
698182487
736065875
736065859
727398467
706296179
710482915
720992995
717052659
733960899
738183873
729795265
727702209
689826801
694004576
693479792
693614672
693606400
692033536
692045872
675137824
675150176
691923301
691886453
728582647
728582631
720198118
720198118
736984054
737115094
703556294
704604742
687831622
687692406
681409319
685533479
701261909
692873285
722430021
722360437
726092261
734350309
734395125
734526165
700963653
692575045
692451653
692431733
692956005
692956005
693091157
688905029
688773445
688781671
688777575
693066087
694110551
727648583
710875479
710740327
720701799
721247095
715090759
731900487
698084039
685505223
685374407
676985287
672721383
672786663
672753895
672864487
677054951
695802341
704322533
700124149
681265877
681138885
681077703
685255623
675885014
671691246
671691759
676868847
1759064749
1754858157
2025325213
2025335437
2025335429
2025405063
2025405063
1486437254
1486514566
1490703750
1532903814
1514029510
440320323
440320773
440242981
979152677
718842668
1792583976
1792645144
1784395785
1780193289
1796904203
1748669258
1748681354
1748632234
1748894378
1747780270
1751913134
1756107178
1756106987
1756640281
1756768264
1756768265
968157193
982821129
981444873
1044355081
775717899
775716923
775716907
775589929
775589913
758820971
740992107
740997359
740935918
745134574
745331630
745297582
745280191
762253973
762196917
762196885
761733781
1843668645
1822699175
1822428839
2092048006
2092117638
1555050054
1290807814
1290807842
1285634594
1285773858
1201786658
1201706291
1189585153
3458642368
3458368384
3458368128
3475146384
3441675952
3455307424
3585138593
3719327139
3719324902
3757208822
3747765494
3743566942
3743501390
1597008910
1596992830
1601254702
1533162814
1533171486
1533265678
1516298014
2079370047
2077272893
968990492
725784348
726840636
709988396
705736749
704701493
704656407
704844903
688010479
671236079
683805423
679873279
679742159
679750223
679782991
679784013
700755469
709670685
705535005
705535007
705543231
705674294
705690678
722353254
688798822
672013415
684593125
680464117
680008404
680012500
680028740
680061508
701016901
726187333
709467207
705279063
705410135
705344759
705418487
722017527
688797943
672020967
676207207
684067430
679874102
679937558
679768646
965517894
965519046
998817750
2059966710
2060040438
2060036342
2052634870
2048511222
2067401846
4181333094
4164564326
3640268390
3636069990
3636070007
1488519748
1488478784
1492689472
1484301840
1480109872
2015210800
2015275056
940488784
957267008
990313664
990280896
990256337
721821153
721821605
718147301
714018549
713832133
713844421
713877061
713859701
718055205
718054709
718060599
709672039
705477751
705559671
705592439
705305703
722083175
692719207
684330725
680199893
680080069
965227205
998777421
986246749
986233663
986233150
986232894
709474366
709539902
705344542
722112527
672825359
672825413
674988277
674219173
674192805
1747402663
1747206055
1760312998
1757167526
1754804150
1754998726
1753949634
1754031554
1754031555
2019321171
2014198898
2014190802
2014191042
2017861058
2026245874
2022051558
2038894326
2072780375
1535913541
1523330628
1514415956
1510303316
1510437460
453202548
457266788
457209444
994078580
977336183
977401638
977449830
977711974
986036054
985972054
977579094
977582326
973445366
990312567
956759123
939982145
944133441
944129345
952583504
952128864
952132960
952166240
969008992
986054001
977567057
977566801
709123187
709320039
709263207
734461671
700833527
700751575
1774499527
1774499527
1799862231
1799796213
1795669477
1778695652
1778760532
3943096068
3942796804
3909228148
3896645220
3905095268
2826964836
2827243492
2827287492
2827283397
2827005509
2831396469
2839721573
2839971429
2839905143
2873160022
2873160914
2873193714
2873234658
2839678182
3913418982
3913681398
3913758998
3914148614
1775120134
1808674567
2076779783
2072518677
2072518693
1502089269
1489514773
1489527109
1489532229
1486478707
1218042978
1218174050
1218084194
1222278482
1212839746
1258968642
1264211523
1272600385
3420020080
3381165408
3385388384
3368611184
3368811840
3368803648
3385578832
3419133296
2328614256
2324362352
2324427120
2328614240
2328462689
2320009185
2321061607
2320023271
2328407799
2328408055
2320023031
2320014581
2315897941
2601243732
2601186516
2572860917
2581249719
3147480758
3151793846
3135016630
3126103734
2853475766
2852431030
2852627638
2869342590
2835781406
2836850190
2838947342
2872438334
2859757102
2860338990
2868661562
2868645178
2866617434
2866679003
2868776137
3957267545
3923717465
3923715405
3922142557
3905234301
3900773741
1753417085
2021854533
2025855301
2017470789
943729012
943926580
952251696
948049200
947979536
947920144
415247633
406853905
406919441
415382337
415382337
415488849
415276897
968929251
960535987
692305298
994227586
985840002
2059581826
2046867618
1577105634
3724671094
3590404214
3577887782
2424454438
2424446758
2425835047
2961493589
2962001604
2978776644
4048323076
4044194316
4044269084
3825905452
3825903660
3959973933
3959953439
3959949386
1812535386
1795845354
1791653866
1788527326
1787527902
1787339470
1787339717
2055790800
2047370464
2047556832
2048526560
1528695777
1497238241
2045381315
1487539906
1487609538
1487482563
1235824323
1235823554
1273576258
1248409922
1245276466
1249639714
1526447394
1538899234
1505275185
1488497664
1487518784
1491700800
2015923408
2015923424
2017443040
2014766241
1746071458
1757478562
1757465250
3938470578
3938478722
4207045250
4207311490
4207808146
4207477475
4275577569
4275577824
4294518240
4294539760
4252596608
4234017152
4234079104
4099324544
4099312256
4115891843
4132550338
4130382354
4130398754
3056657186
2721145122
2742449442
2985643298
2981890082
2965133346
2963036179
2967328835
2689521875
2756623505
2764998017
2781316992
2797897360
2797901456
2786104960
2786236096
2788351584
2788421152
2787175200
2933942561
2930002208
2934262096
2925951424
2923358656
2923363729
2944388529
2768227731
2768164738
2768168898
2759845875
2753888099
2753887587
2753624099
2774562851
2816498983
2799899958
2791715602
2791715602
2774929714
2758541362
2766935094
3031241750
3165524998
2628393990
2629450759
2629380359
2646092085
2415417653
2415413541
2415447399
2398856695
2264576454
2281361798
2239414662
2218279346
2218263010
2218402274
2222612961
2499469680
2495214896
2495126784
2499315968
2508036944
2537466576
2520689344
3056508608
3056436929
3057500869
3057472481
3070042465
3065782309
3080462373
3046908961
2497524785
2489266433
2497577217
2493391125
2224955735
2224886239
2224819710
2222721534
2233223598
2233387966
2237316062
2278205902
2546513230
2547548230
2505605127
2501607429
3512377396
3545932832
3542019296
3525122208
3525052576
1377635745
1377699489
1448744595
1471809155
1438267010
1420519042
1424615043
1424539331
1441312499
1432923875
1466478451
1583983891
1579810067
1579799859
1579971619
1596728611
3681363235
3656259363
3652062977
3653127680
3690647296
3690565376
3656944996
4172852708
3099176436
3099180480
3170408384
3162026468
3157848549
3174588645
3191407845
3189640675
3189127571
4292230018
4122098322
4122151602
4105194482
4105227586
4117806338
4145259778
4061308674
4061307394
4078088706
3776153123
3759447586
2685192738
2685192803
2685193187
2706164211
2739587570
2731190675
2726997377
2727327105
2794247569
2806826929
2768553649
2751911585
2752933537
2889050785
2900388256
2896197808
2913000592
2947603584
2924670080
2920476100
2920475460
2924591911
2935028262
2951797286
2908945942
2770531862
2770814774
2770618150
2774799718
2749381863
3823123701
3781172404
3781301396
3781301397
3772920973
1622291597
1622225101
1620062287
1905262607
1905262862
1370562826
1089478926
1081091342
1081108750
1081210910
1087555646
3231091022
3298199942
3317603718
3334452614
3334312086
3337195683
3328938403
3328881571
2280301217
2230232739
2498735795
2490677923
2486213282
3039926882
3056770562
2792533506
2935006738
2933958179
2925569569
2921379361
2921367076
2922565412
2922565092
2922727588
2926856372
2944354485
2944289205
2944298389
2952686807
2914843734
2914315286
2914315286
2918575382
2893541175
2889009703
2771536437
2769505908
2773491668
3846190484
3846254996
3846320532
3880923549
3847426477
3851424171
3850375611
3850383754
1954554122
1418732810
1351626506
1084238602
3235916554
3235965198
3303381262
3295053838
3304492046
3588132038
3600713094
3602808966
3607007410
3598299298
3594297507
2520641699
2520670369
2537431201
3028181409
3036118688
3031747296
2761198177
2760948289
2777787073
2798758593
2786176705
2786105073
2786100961
2920317668
2920412900
2937187940
2939223853
2942359846
2808109366
2791537942
2791468310
2791468086
2799914022
2795555878
2947599670
2912157461
2782064133
2752704004
2752667156
2752597564
2756710140
2756708268
3763339708
3780325821
3780255897
3782353049
3773837497
3784311977
3784314043
1620187339
1888630795
1353918474
1352673550
1080060174
1075870982
1076092182
1080200486
3300295970
3619062530
3602821378
3333337347
3337457745
2255261920
2385282208
2385499296
2369680800
2621334960
2631820208
2627597024
3163873891
3163857442
3182735890
3203907330
2927078166
2922756886
2922756887
2920581917
2920319868
2920324860
2937119720
2937189289
2939278249
2926760879
2926760878
2935158198
2935160278
2951994630
2914245910
2900688182
2900684327
2892099125
2888298021
2770619940
2771390308
2775584116
2767195252
2767390036
2765241604
2765237509
2765236486
3029346614
3046127654
2542799910
2526282870
2258043078
2260078790
2258456710
2262618262
2254213565
2266863500
2233384844
3290348428
3290348428
3290348420
3290344389
3558780871
3558843990
3562840871
3571228965
3588136980
3755914244
4286481408
4286418032
3212676448
4294356960
4019629796
4023748263
4015048614
4010856870
4010856870
4010996142
4010992574
4010992382
3981573759
3989887513
3989895689
3983600139
3849514507
3845322266
2771501626
2771403306
3849339690
3849322874
3849654590
3858051391
3841406335
3841342535
3841857541
3774810133
4038858789
2981963799
3015584775
2461932551
2461926402
2461925394
2193559586
2193432866
2193432867
2174513955
2157496033
2156449457
2160627605
2169016213
2202778039
2471143847
2454366615
2451417495
2451364279
2451361189
3004683685
4111918485
4095141141
4101433143
4108705078
4108642562
4100253698
4100253746
3563478050
3698723874
3695578386
3695578626
3653643794
3418697234
3414437378
3399302659
3415936771
3417984257
3384462785
3455704449
3455688064
3447299504
3480862112
2407116208
2640952720
2636757376
2619980176
2619981233
2619977057
2624169251
2640897315
2657959203
2653887763
2670337283
2636843315
2624129314
2628327458
2629507282
2629451138
2627415427
3449628547
3478923153
3457418881
3457240704
3474083504
3444763376
3427920400
3429952016
3698371360
3697322272
3613568305
3592588547
3592587075
3593701058
3593570002
3591489250
3590352482
3611307554
3619696418
3049274658
3045094451
3046175777
3050345504
3050540112
2773661892
2772941700
2772605572
2768407172
2768411269
2768412309
2769655461
2771702501
2770658029
2707710701
2715838308
2816505716
2808239892
2808249680
2808216656
2783247409
2783238195
2779236370
2766600194
2766596098
2774956290
2808499970
2791708418
2791518994
2933924642
2933924642
2930782502
3216053526
3184540694
3033544726
3033544822
2492611910
2492867910
2494964035
2226389329
2226389029
2230060069
2221673521
2238602240
2272193600
2263805248
2259596736
2280162688
2372437392
2368259488
2351618033
2351625987
3442140931
3446335250
3723093794
3718819106
2645076259
2646124833
2679744800
2658766128
2520368448
2520465472
2520383552
2519339280
2464817952
2527797792
2545447456
2444775969
2442942306
2447164902
2170342582
2153691318
2153703570
2148427906
2165246354
2198801298
2181959378
2463003330
2459853506
2459558467
2461590129
2482537076
2436465228
2486865484
2484767244
2484841276
2501487404
2501421357
3579373870
3587765598
3562541894
3696886598
3694801746
3698991458
3698991202
3707311202
3703049314
3703131346
3434801603
3451562691
3480984257
3392768705
3391672017
3391673699
3391677475
3664502817
3672825889
3672818689
3682255873
3682305024
3657141552
3636177760
3636063072
3640261072
3631814848
3627616464
3627824352
1477715168
1481974752
1485977313
1484930803
1484857043
1489042115
1547741890
1560390530
1459793346
1443020226
1984138690
1912704258
1644268802
1645452562
1645395235
1645456675
3797199139
3813460259
3779906419
3813460935
3809005447
3792361383
3796558757
2731516845
2727122860
2726596284
2747567773
2705382093
2768502525
2769481453
2752770029
2754637245
2758835388
2758887612
2775730588
2784132500
2817720276
2801006549
2800875334
2799757142
2799757078
2808348470
2737000230
2703429414
2686654006
2690725495
3839899383
3856668405
3789559805
3789566109
3823120541
3818926237
3818918043
4054913227
1907490827
1353843723
1085434890
3304089882
3295701278
3295734030
3304323342
3304245518
3298216710
3314976583
3468592069
2394784705
3471409617
3463282912
3459092640
3459166624
3711870369
2625546641
3705121171
4233406626
3154159778
2885724386
2936179730
2920449282
3994198802
4000424483
3929056801
2853238305
2836452899
2836481827
2819704290
2826175714
2851343538
2851555510
2880854455
2864114324
2864114372
2864048708
2866063876
2874467844
2870272532
2903630372
2903634469
2903753509
2907785063
2775647735
2775647639
3849393591
3849524407
3849467039
3891475615
3891278991
1737502879
1737695419
1972511195
1957832458
1420895754
1419783694
1155541518
1147169046
1147205670
1155782710
1155959810
3438183426
3471737155
3467285314
3467301747
3471560995
2397663267
2386112546
2386240546
2407146514
2365205778
2361015842
2361081378
2361145890
2361145954
2360085094
2272053622
2205006199
2205006165
2205137348
2188360140
2188361164
2196748764
2196748796
2196748716
2188229036
2184034492
2184165548
2185148588
3524966588
3524180109
3524181199
1443806430
1984887918
2118810670
2114595886
2030774302
940255246
940452110
940448286
954079806
949426750
949303871
948189759
948185613
683945484
956316172
687880476
692148565
725711221
725711223
725711223
725711222
