627964279
627964279
627964279
627964279
627964279
627964279
627964279
627964279
627964279
627964279
627964279
627964279
627964279
627964279
627964279
627964279
627964279
627964279
627964279
627964279
627964279
627964279
627964279
627964279
627964279
627964279
627964279
627964279
627964279
627964279
627964279
627964279
627964279
627964279
627964279
627964279
627964279
627964279
627964279
627964279
627964279
627964279
762182007
1030615415
426635639
426635767
141423099
141423099
141423099
141423099
149812731
145620475
145619451
145603067
195476937
175553993
171353545
171292057
171226297
175932601
175936697
175944891
176140731
190755258
157196730
140222906
140161306
1484431642
1491772698
1487580989
1487650348
1487451708
1491644988
1495843356
1512686088
1513046616
1513046888
2055173353
2059232425
2057075881
2057071753
1507648649
1482548361
1482584713
1549685403
1600062187
1585381930
1584353834
1592750378
1588454714
1319953418
1324262414
1332651023
1278117135
1279100231
1279100375
1547671031
1551803746
2088674658
2086641778
2105385042
2139062386
2118025458
2118029522
2117062786
1982419122
1714101410
1713969570
1726483365
3870046884
3870042812
3869519500
4137969356
4159009484
3043390156
3043387084
2514773989
2510578854
2493797542
2427257058
2427257330
3505193282
3496747346
3563873570
3559416866
3576417314
3542795266
3542794498
3614098178
3615212038
1467535926
1465438766
4150023721
4150156072
4284377944
4284443128
4252527080
4252523944
4260938136
4260938633
4260987802
4252672954
4246447082
4112098666
4112362862
4049517022
4091464655
4089335685
4089381780
4093445052
1899770796
1882988973
1883054573
1883123753
1895694379
816580634
816580618
816621834
816621834
837716750
862620431
574259471
1645838351
1712947245
1713025125
1713021012
1713283136
3862869456
3862871776
3862757088
3862756064
2793163492
2818317028
2766936548
2766936543
2758678734
2758678734
2767141374
2695642990
2696691566
2696689518
2965124462
4038864350
3501996175
3497793676
3491551372
1360373900
1896261772
1913039004
1644342668
1644400012
1644272732
1913891900
1916120108
1915021348
1915038756
1882070324
1894651428
1890457125
1889930790
1956908774
1421086374
1559235494
1276123294
1275279502
1325590670
1309125070
503687630
1049463134
2123205950
1855819052
1788718396
3939871804
3994332220
3994393980
3976640476
3959874252
3959562972
3959554732
3825337004
3838837416
3768845288
3768845432
3785628696
4054071305
4038469642
1358325770
1350019082
1345820938
276138058
271879418
326407386
305639562
305565835
1379324047
1379324047
1377227183
1901523622
1888415398
1888284342
1888251534
1888239311
1910380109
1897534988
1899697709
1932010029
1932010025
1944596779
1370239290
1354506250
1352400970
1082934362
1083032954
1083039034
1083046186
1150282026
1201597193
1184819976
1188974344
1310672696
1312670520
238342456
370208825
369143867
385917034
398572778
394373354
394307819
935587273
935478728
901923144
901923592
826688024
826742504
822356648
822356648
856427161
856119689
839345289
868511897
864075931
277921946
277987418
284357674
15919146
7596334
16247086
83265814
83266886
74875205
72782084
226407172
1316397604
1316397605
1316400663
1315342854
1316063766
3472149030
3465866606
3733243114
3733307562
3733381290
3733905562
3469664393
3326801800
3323615896
1176124060
1176115848
1578704536
1580744104
1579688168
1546199291
1282023626
1290416138
212468746
212403498
212368686
212397358
212378926
212383518
262778648
514559608
385583832
377133640
305838540
303733900
303809692
840437928
809042104
807010441
807011210
814625450
277623530
278663722
280232458
279244298
279226634
283486490
283285515
283281419
275942667
273849611
285730251
319280011
302433211
1380369065
1925567144
1925464748
1942766328
1372377849
1414329081
1414330091
1414360826
1439592138
1368289214
1401932970
3549283498
3537749163
3529354377
1377283209
1376234892
1393026956
1393026669
1930851118
1899381550
1902510382
1902391342
1366044734
1357779214
284033803
284623625
282330664
282332968
1346640217
1346763145
1346873483
1397140618
1388754058
1925611914
1921941898
1921810858
1921824169
1918674344
1648340136
1647223944
1647239384
1647194344
573444200
573440040
590230313
552478251
548286010
1622023690
1621628426
1890087434
1890120474
1907933242
1907934266
865619002
865732968
865745768
869935720
857352792
857292616
823736136
823669080
827855224
836501625
834949371
834728187
809537961
339775929
339849656
339846568
339848616
339848089
356752073
1472629323
1992722954
1989601802
1992224314
1925015338
1924944170
1920729386
1931214891
1897726313
823726552
823797208
811281896
567880168
568068600
860636553
860668363
860668235
861700379
870154298
335523882
318744619
318629947
316262425
315279673
306891529
843773449
843768393
860537673
806011385
805937387
805937387
810262778
810137002
541629866
1623756714
1623755690
1640995258
1641003418
1640365963
1631919769
1627799209
1661349545
1662396075
1937188538
1945379258
1941184746
1941196826
1370805258
1358220302
1353041926
1085106198
1085155618
1089354274
1080954402
1077822978
1126056450
1121899074
1184817857
1184466880
1117293984
1113110944
1376319904
1376341172
302658708
319692972
269295788
810316206
818729902
814603998
814717446
814660102
815639063
821864741
863283252
841462788
909557764
909509060
924189349
889655975
876880550
885269158
885008102
880813430
880823310
394446862
377653262
914532367
914401389
911518957
907318505
907313368
907329752
775307384
758525992
739647528
739650344
742861371
746867242
746637866
746625626
746624714
746619594
763396234
666931370
637640875
637723817
637678777
654448041
554043049
1615204011
1619463850
1619271322
1904490122
1905537998
1351897550
1351926030
1351926534
1083458070
1087860242
1356327475
1356327201
1356777504
1356778512
1381909508
303742980
303742980
303743052
840522876
839399528
839399656
575151083
864689834
814379706
814240394
818467722
810062234
1883804074
1888139946
1904917226
1921952379
1923000843
1925097737
1652534537
1648222216
1648234520
1631457592
1612591400
1612587820
1625104943
1620849198
1637614286
1619789454
1888275390
1888345006
1888278974
1888246158
1887926414
1904639117
1935027660
1914053900
842474780
842282284
842327340
573612332
590393660
588481804
591564061
574865213
583314047
843356758
839683654
839437910
839403382
1913262567
1649030375
1653220519
1636445335
1619667335
1888103301
818481797
810306293
810307301
541878117
541910821
537190693
555066679
576044343
584354870
579111990
579179590
575123527
571322439
570916935
654754941
620943725
625146476
629336685
797043501
796977421
776006669
771810317
771944461
637685781
637681957
642073189
579204837
580877991
547233411
553520771
544808579
538460050
538455974
551038630
547292903
549388853
549196340
549200396
666690316
649899276
651991048
912033817
911771962
1985583610
2117777882
2134549898
2105201562
1970979770
1977115562
1972955054
1956242348
4122669492
4126852020
4118332404
4097372756
4030374420
4030375460
2961148453
2960951861
2969348629
2968300309
3018698037
3001978133
2993327373
3057306957
3055209973
2787110373
2791106021
2799461349
2795328479
2728199070
2732331438
3797164206
3792970982
3809819878
3759544534
1616255046
1624647942
1620191750
1619013126
1887446535
1887458887
1908459334
1401262022
1401274326
3548756726
3548749558
3549270614
3549336183
3549340269
3515589228
2429153896
2420956712
2416761368
2416827160
2416965912
2433673528
2479286616
2995254604
2995176396
2458288780
2458370732
2455560877
2468115367
2468089270
2451445926
3525191846
4062128358
4083103766
1937652742
1946039302
1908278534
1908368180
1941727020
1918697260
1914493756
839698956
839764492
839699020
588007964
537878301
537804127
805713103
810431710
810292398
818683054
835460270
298589622
294606742
277600134
277608071
277591701
277456532
1367975644
1401466492
1398582060
1396681004
1396615452
1396615453
1899403549
1903595295
1909949967
1909768735
1900331647
1930183279
1930248941
1896763885
1909092460
1888051308
1888253020
1888246861
1892547037
1884223983
1347353022
1347418510
1347210374
1364051078
1365168263
1398206599
1398206613
1381429733
1389819764
1389817349
1408691717
1408626199
1366615846
1366615854
1897197870
1897185662
1933951326
1934017022
1926152702
1389286878
1405908430
1398562254
1398693370
1364650490
1373040474
1372946250
1372878602
1406432027
1398108955
1398108985
1901458233
1901450601
1909771625
1909771752
1909260285
1901061581
1901060557
1896346077
1897189613
1901380079
1901512063
1901507919
1901504286
4116162366
4124354366
4124359998
4123299134
4156854062
4157062958
3083791935
3083791877
3084830469
3084830580
3086873956
3044598116
3044569588
3042465268
3076003828
4149745645
4150075373
4083101165
3814665709
3814665693
1918645453
1918633039
1918649423
1934574671
1935570047
1902011773
1885302109
1885167453
1892503389
1892634621
1892507613
1893488607
1885083535
1901875615
1902080447
1902047663
1910498735
1910304157
1910300111
1893715407
1893130063
1356248927
1350018879
1345708863
1343611679
1360384799
1364706079
1398195063
1406583671
1375098847
1375038878
1374976446
1408555182
1400363182
1377238158
1377232334
1383527246
1920463630
1928704831
1927590703
1919213869
1919213869
4067942716
4084625692
4082583356
1901938476
1910443820
1893665596
1893677836
1889352991
1889303855
4057756975
4082946345
4061974809
4061971208
4061954568
4078818824
4049591932
1906301677
1906309614
4053629102
4053540014
4091352238
4083093694
1897803998
1897800142
1897817038
1885168351
1885135577
1893529305
1910300379
1901912027
1935531514
1935662586
1943000539
1943000395
1944056907
1944052811
1910433115
1969153531
1969149435
1964951003
1969214939
4116157915
4124411387
4124358123
4124369275
4124434715
4116173599
4116140590
4099351086
4099879470
4108260139
4124906875
2011110747
1994333529
1985838409
1985870857
1985278985
1918210057
1934983177
1901559833
1884747065
1884749371
1892580923
1884102203
1884036665
1879838265
1897662248
1935610216
1407070440
3550425320
3549237432
3549171852
3280753036
3247228860
3247212204
3230570157
3230578670
3231690222
2231152110
2238495230
2234367486
2268052862
2269025614
2269024526
3613302798
3621773327
3621773357
3621708908
2539060588
2539118060
2534919676
2534854604
2501300173
3575635789
3579696671
3563058735
3573277231
2499404351
2499408703
2507797311
2507797311
2503726911
3038498615
2975584055
2983845735
2979585901
4053325661
4057527245
4049200125
4045108205
4045013757
4045019071
4045084143
1885084911
1889279214
1906054350
1906259023
1943938127
1943938061
853419789
853370749
853309037
853301101
869025663
323798491
290440671
290420223
273442302
273446366
1347358174
1355685726
1104031582
1137651038
3269406046
3269410143
3265074527
3263976831
3264008685
2190258669
2206774191
2207822766
2191034286
2189199277
2185082284
2185209308
2201939276
2201382156
2167823628
2167829820
2163664172
2176247084
2176315709
2176106782
2178711918
2178713070
3244066222
3290422718
3290357150
3560896910
3560892814
3558796750
3558794702
3579765199
3621761359
3621040479
3604263293
3595870573
3594823151
4148473327
4148542959
4148613119
4115058655
4110927823
4111988573
4116703069
4116637021
4116673917
4158485887
4158486527
4158519279
4158486526
4125054942
4057814486
4049425910
4049433831
4049433751
4051652741
4051587461
4051595668
4085150708
4085142261
4084683605
4084519189
1937043765
1937040429
4084001853
4059036953
4060010761
4127120137
4127120217
4160749533
4160615933
3019690493
2986132477
4059612029
4059779695
4059718191
4051378735
4034606639
4051255166
4051254654
4051254494
4093451422
1945963678
1945896078
1920734606
1920225674
863334810
863364538
829744554
829744298
829781179
828862683
828858571
828858651
812085563
811954491
811956027
820461371
820472635
812083995
812087563
812076299
275072267
300695817
300204313
335004441
335459129
301900601
283096889
282369833
282376489
1356118313
1943387145
1917295625
1981191245
1981190223
1981190623
1981215727
1981178607
2002137839
1968640621
1951732349
1892954493
1892692333
1892693101
1891642617
1887447499
1887455691
1904463306
1942134218
1942070667
1405395403
1380221179
1380745705
1376621037
1393463645
3578722141
3562989373
3571380013
3573480765
3573472629
3590182261
4160062229
3075769093
3058991925
2521098020
2516969252
2539119924
2505463061
2505442069
2513830679
2516521847
2512126438
2512126438
2512127406
2514296222
2506038734
3575593166
3575606479
3579800775
3581895879
3573014983
3573019103
3573011455
3579163631
3579095023
3611600383
3594890703
3595029967
3595949439
3596481839
3613218094
3749512494
3749648175
3749394239
3749324639
3724154831
3724220303
3590017421
3571437981
3571315117
3562856877
3562840493
3573850989
3573853981
4115967805
4116033327
4126584126
4126586142
4118201678
4151756110
4148053470
4064232831
4064232815
4068423039
4067370367
4075626847
4092339551
1912354142
1912278527
1895452159
1895386623
1895362047
1895361917
1887212925
1635615101
1631556479
1631564671
1664987647
1664930039
1664405751
1664565501
1668678909
1668682861
1677077293
1739729453
2008377919
2008345115
2006248970
4153779726
4157976846
4124344414
4116480254
4044128494
4044210415
4044277229
4044249085
4049485556
4049481460
4051578492
4059901565
4059832125
4059831581
4059839519
1910324255
1910330383
1910363470
1902094302
1901961982
1901892278
1968997046
1967948470
1967952630
4116706274
4116637027
4118176883
4118703105
4117641219
3580786695
3623779671
3623310678
3606443478
3606376950
3604804094
2526867967
2526860525
2547836140
2514347244
2489315452
2489205084
2491285836
3565033228
3572907837
3572837935
3589553711
3581150830
3612676686
3612697422
3612664142
3612668379
3613185531
3613232603
3578694106
3578698142
3612342686
3546152414
3546101198
1400771018
1400770943
1946035503
1946101551
1945970477
1912354621
1912371005
1904071997
1631355677
1629263437
1629263565
555519647
554487479
554389158
555359974
559558118
570043622
598682742
598681623
598677511
867112973
866985996
334293060
325889476
293439364
291276676
324831124
323259828
1405455792
1401338256
1469496768
1471610176
1436970259
1440886562
1415655202
1411395106
1411452706
1429425922
1467403522
1475847426
1473553490
2002040035
840205479
840207541
840731797
839879861
857664661
857107607
823537079
810958838
821955190
820906518
820525590
837299774
828911151
837297983
837423935
816448319
817382239
817418703
819516871
819498439
274368982
291428822
863992311
847194487
846674199
846597399
847122181
855516949
854550325
870639407
837072687
838108479
559713630
559713534
554470654
806193326
810473638
827218406
828260327
828255847
830352951
838676021
872164149
871106869
872352021
872290565
872295749
863858117
291266437
811388853
818728879
818728871
273668007
274719655
33514487
15688535
82793237
74346769
74409265
74198321
74193201
74189073
74336513
74338049
74344193
82208001
31966529
31966577
31966705
65521139
57144755
57009555
57013683
57013683
56972723
57102835
57110899
23535923
23404851
31733555
31745827
31942451
31876883
23549715
23446866
98944338
98948466
90690930
90690931
90564051
124102099
124106739
132617715
132617715
258323955
258057715
241280499
241538547
241669618
241669618
241677554
237478130
1446228210
1462854882
1427383522
1414802787
1423388513
1440095841
1469451857
1391920704
1391788608
1392312832
1381790564
1381785956
1381785957
307511655
315901311
316654942
316593502
333444478
282982270
283049822
283041102
283048270
274725199
274524527
270294381
823938413
861816157
861811037
860823901
860628333
835458413
835456365
818743679
818895135
810450719
835710815
835512287
869062111
869058013
860868061
860872701
860712957
860634093
860692477
835653119
827202927
828271983
828206463
828140879
828165455
870092639
870287198
861845342
861906398
861513214
861445630
869894654
568036351
567970685
1633348220
1931177596
1931177532
1931159340
1662661932
1666848045
1641614623
567807239
567811334
567876887
836394359
566918631
566912503
835220885
826819997
827116989
860675517
860741117
860880349
860848077
828338141
836726493
832005885
832042987
831903723
1908727291
1933893115
855956955
856145243
856075611
823586139
823520603
823484235
823480089
828262201
836687657
870217513
870147359
861691215
861687135
861789566
601874410
567148539
567140315
558718943
558849503
558880127
558888303
558720383
558640479
554442527
588057887
591858991
600710189
600714285
600648717
600063245
567020829
567037311
567102831
567139695
567148031
567147999
567146975
600676831
592419295
592419807
592428955
592314267
558890971
558891007
558824943
558300655
558360061
558163423
566555983
567661919
559406441
559414633
558296431
558329183
558202191
558325579
566648635
835084091
835141402
834944794
868499226
860183931
860847467
869137915
869072347
600612745
567119753
558861789
558800893
558807039
1632609983
1628219038
1629271710
1662814142
1663012270
1666620846
1909910958
4057361910
4040633686
1893079831
1893083957
1901472564
1903504692
1903443252
1936997660
1918309644
852890892
869733660
861144861
861146909
822349663
558123901
558194025
566713705
600272249
600141131
600079691
600067419
600132971
558877995
558882091
558361883
558230859
558234971
558751099
567140347
567123931
558743243
860722906
860723194
844077038
307212654
315597166
1389207894
1389146182
1388942534
1380553942
1405787543
3586828679
3586829191
3586845573
3587890821
3587952535
2514339767
2549925351
2549932390
2549997878
2550128918
2549084471
2548945957
2516374573
2508059708
2642402396
2642402396
2642279628
2675795421
3623708093
3607065263
3607040687
3598649007
3598517950
3613204174
3613228750
3613224726
1465216278
1467313430
1165454338
1148679171
1148605459
1148583955
1149108499
1148059987
74383699
74388339
82785107
82785105
82654033
82671441
82704211
1172944723
1172936019
1340704019
1323867443
1323875699
1592307059
3739856727
3731599317
3732914165
3732772837
3730617765
4267484581
4267570597
4267692455
4133474742
4132954518
4128759958
4147601558
4113977494
4101391799
4109847975
4038418085
4038340277
4055115415
4059309783
4058276598
4049891686
4033107238
4033168678
4033043718
3496144130
3563318274
3581017091
3614563345
4159935537
4157768753
4153574769
4153653104
3050415712
3041961569
3037771377
3037984497
3037983697
3037950451
3037819107
4115689955
4126364129
4126278481
4126278209
4117919235
3044238851
3044146706
3052527414
3086011702
3065044246
3065115910
3069306191
3192976351
3193238509
3210039725
3210039725
3042248173
3044345321
3044475305
3044356489
4117176715
4117112715
4059441083
4055184809
4088409513
1943025049
1936725449
1932985433
1898386457
1902392603
1902404923
1642390842
1643111722
1676653882
1676509450
1668055306
1936490843
1933346283
1933559787
1935595243
1943982699
1946120939
1945986047
1945969151
1946101247
1375614175
1373510879
1356732639
1356732623
1358831055
1358828943
1350529422
1349841342
1364521454
1439994350
1423212927
1423217981
1425321277
1417128252
1429661964
1429661965
1463176973
1446332191
1450657599
1458983214
1453281646
1453093358
1474093566
1474097599
1406976443
1935509433
1935646649
1935587833
1937746425
1937615323
1937612123
1668256859
1936691211
1663954955
1630400571
1630494767
1630413933
1631467501
1644043949
1639911085
1637617309
1637619343
1906061959
1903964823
1904157622
1902993902
1902928254
1911321886
1944902927
1945098523
1945024795
1919854875
4134514443
4134381323
3614409483
3614425867
3581788539
3564979567
3563017453
3573431533
3569233117
3569237453
3586014669
3590137309
3623708157
3615453663
3611283935
1463796223
1430049790
1429533630
1433708286
1970577151
1978961663
1976930141
4124485381
4160136453
4151747861
4151567669
4134790197
4130763831
4130739255
4147512695
4151706999
4126541303
4127152119
4120737749
4124899149
4108121949
4116494205
4116490111
4124880879
4158643711
1985922559
1988089023
1983739071
1933325567
1933317375
1631389055
1631461231
1618357807
1642540655
1906583166
1906587358
1907626959
905200591
903136733
928302589
2002230652
2010557724
2012654860
2012393244
2137171484
2137105949
4285638174
4281376286
4279295614
4278255342
4282417134
4290868718
4157031662
4137042174
4137599197
4141793357
4141805644
4133397580
4152337484
4152337484
4118778973
4102014063
4097692907
4097703339
4095569323
4099891115
4099886779
4099825295
4108283791
4107628511
4107560439
4109689143
4109689143
4109758771
4108841235
3589206291
3614373123
3613840659
3597061395
3606531347
3606535475
3606412659
3606345591
3597957111
3614790647
3579270103
3579270087
3587659727
3587528671
3587463143
3587466597
3562300773
3562366293
3562526036
3562915284
3562391028
3570791924
3570922996
3587699156
3621114837
2547372759
2524959350
2524968486
2537477686
2536464182
2506915126
2506911078
3589043430
4159652311
4151755213
4151755213
4118270420
4118078836
4126450724
4109741109
4118258741
4118139965
4113417247
4147101983
4148064606
4152243710
4152235518
4160686062
4160558574
4160501246
4126421470
4126433758
4126667103
4126660383
4124415773
4124352029
4149521949
4145393175
4145473031
4135506503
4135535319
4135388134
4160492967
4160500903
4160500903
4158600343
3579722885
3579721095
3563001223
1415395271
1417488215
1426023218
1424974130
1424773426
1424781603
1424810275
1424881459
1441726275
1475271617
1458490305
3598633857
3598568848
3594278372
3598480612
3598475365
4143735149
4156350829
4122862431
4122866495
3588027183
3579634543
3575441261
3575635805
3508456269
3512715613
3512715645
3521117533
3504340293
3504313669
3495858517
3497955665
3565072705
3565134675
3581715171
3615355618
3615412946
3594404546
3594454850
4133750242
4142148834
4142148838
4139068902
4158002639
4158461837
2001495945
1997303257
1998351864
2002746856
2004833769
1937625593
1936507225
1902952729
1903022361
1886384443
1886385451
1886244159
1886374206
1886378302
1886386494
1911487838
1910960463
1937232207
1937101151
1937105279
1937105773
1903523693
1903515501
1886740335
1886740351
1912069471
1912589647
2013257183
1996482015
1996482015
1994188253
1985761789
1985827261
1985704365
2002477485
1969189357
1952314367
1962928095
1962930126
4110397254
4110400790
4109745462
4109743415
4101484823
4114059541
4147614229
4134982261
4134983285
4141346405
4141153125
3067402599
3069496423
3061138551
4151776327
4281806919
3711312215
3698733939
1549145699
1557599843
1557468787
1576023923
1605394707
2129846275
2129825795
1045659649
521175057
1023451168
1006674212
1007084925
1007058253
1544969037
1545030269
1431784165
1972849381
1973178085
1419535041
1419535041
1440732097
1440666353
3581862643
3581829971
3581346579
3564455203
1425300515
1425337379
1425337395
1559653443
1568038082
1467468994
1450558898
1450562978
1450566050
1450697682
1450701763
1449640899
1458029045
1458890213
1993663973
1985275311
1981605311
4128233375
4061120191
4081419965
4089808601
4057306840
4057445960
4049053272
4084573976
4084524332
3882153069
3882209391
3882827886
3850260734
4114510046
4096667870
4100919774
4100785662
4109176682
4105116526
4105124606
4104941518
4126959567
4126991311
4152160729
4152357373
4152357357
4160745964
4160213356
4151825724
4151833885
4114052381
4112870717
4117199935
4108811310
4108801326
4126561150
4126626655
4160049999
4149494607
3612627213
3612827677
3579208765
3579214893
3570882877
3570883389
3587537677
3587530573
3587463135
3621016479
3621065631
3604353935
3595961247
1448481711
1448157615
1464885679
1431335358
1565578750
1548807678
2085661182
2085661694
2102439758
2098444110
1964151567
1966244623
4113793853
4113818413
4118012716
4159959852
4157724540
4157724508
4157724156
4157986285
4124429807
4118138350
4118674942
4118803934
4151825886
4151760350
4134991326
4143342943
4143150367
4134622485
3597751093
3596645165
3621871933
3622924607
3589370911
3589756255
3572911582
3572912094
3568783262
3568664478
3572826047
3564433327
2490656743
2503305207
2507629557
2541187925
3623317845
3623170869
3623170869
3614913341
3614769981
3581215545
3589619513
3572508985
3572525113
3572783227
3581200587
3589594315
3623125451
3606348235
3606413787
3606483819
3597067051
3592938283
3592938283
3593925435
3610699083
3562470859
3562445003
1951893641
1951762617
1951454379
1951461611
1951461483
4115779882
4115853610
4115915054
4107495230
4124278558
4115881758
4115091071
3611647615
3603242591
3603236447
1456277343
1457354005
1457349653
1457448021
1449063493
1450898501
1450890565
1467733973
1465638903
1465901015
1465901015
1465778135
1465776087
1465743207
1602053989
1610446629
1610176309
1610176309
1610183989
1601791255
1601922391
1568626502
1568622550
1566397942
1558017534
1557493246
1574270462
1573256703
1573191167
1438971133
1440068861
1423422685
1415025756
1415025748
1411355732
1411233140
3562913141
4099907429
4099907431
4242513767
4259299191
4250646390
4250531670
4250531702
4234015591
4234015599
3965539181
3965474797
3965466621
3990697949
3990693885
4023658495
4023662527
4023719359
4292089279
4258610395
4258610393
4258741465
2102869469
2102476253
2104571231
2104586591
2102612766
2102645566
2085745470
2094069534
2094071582
2094137182
2094268383
2111045599
2102654941
2136201181
2136197085
2136200541
2136200573
2138305581
2146563117
2146554941
2138174559
2138174559
2136208511
2136208511
2136143359
2136143327
2136135135
2102646749
2102515709
2102491133
2102491101
2102622205
2102523775
2102523775
2104620415
2104612191
2104620511
1970402783
1970533887
1976817663
1976686527
1976686527
1977079807
1968699351
1970661335
4151699447
4285923175
4285890423
4293359447
4293358935
4259673975
4259672951
4259803767
4251154039
4252071735
4252008311
4252003703
4293950837
2146516437
2146522581
2113099229
2113099229
2113099229
2113009149
2112945535
2112945535
2104622366
2138176798
1999756574
1731296574
1735470895
1699823407
1699952429
1708201533
1708201789
1641092925
558961983
566236447
566248735
834683998
834979038
835044830
835044766
860868031
860872127
860879293
869267933
870178013
870315100
829863036
1903599964
1903665501
1903666141
1903531997
1901105151
1934680063
1930492798
1929527166
1929522970
1934763322
567424315
567485563
567616601
566520905
558124377
558157689
558223225
558890777
592411929
593311033
593237293
559878461
559821661
559837821
568193773
568115949
568099517
568099231
836538783
838710431
838839711
830454167
864000407
859806198
1931918582
1936127222
1936123078
1898340550
1898329542
1885747190
1894199014
1894006375
1889803879
1906579039
1944335135
1944351551
1944449855
1937105727
1912447807
1912387391
4057767743
4049373982
4049439070
4049509726
4150181374
3076171262
3067785726
3067778047
3063600125
3065771772
3065571068
3078121196
3073930988
3040675564
3023967997
3024039421
3026988271
4109114607
4104457471
4125514831
4143414351
4134921551
4134905118
4143423798
1995878694
1988072742
1971291190
1954526215
1950278663
1950250053
1948189909
1947534561
1947666337
1960187553
1956001443
1418015362
1552163522
1552180162
1574236482
1440206854
1475789847
1459536949
1459344692
1449776956
1466484508
1466549820
1462367804
1432937464
1467540424
1467609993
1473890201
1440337839
1440731054
3571383726
3573474750
3581796814
3513561094
3546845463
3530264885
3538596133
3530204452
4067142965
3060383029
3057368357
3057295143
3078260246
3077489158
3077554718
3077567022
3077337710
3077337710
3077313006
3078369518
3053199599
3839631581
3839763661
4108201036
4099807325
4099869053
4101863807
4101860734
4127023310
2013073870
2004615630
2010989054
1943728622
1941630447
1924758005
4076403156
4135381460
4134528476
4134441292
4134453516
3622289676
3580219676
3580129068
3614779949
1450519087
1448418030
1448427166
1456223934
1591489446
3738718630
3705336198
3696927106
3564806402
3563753218
1424525874
1961404963
4108888609
4117408273
4146781712
4264085024
4265362401
4282151397
3075949031
3050783222
4123350482
4114898386
4114902514
4156844530
4152813810
4152818899
4154379393
4154444945
4158450932
4145872100
4145335540
4145536116
4046945621
3778504149
3782698613
3791083111
3784689255
3787245159
3787256439
3825002327
4093486935
3019876181
3078352757
3078216567
3078609791
3074390367
3040821214
4114554846
4118677470
4118681470
4127160190
3854333311
3854366037
3892114773
3891049748
3883513108
3883643988
3879314517
3879248989
3845694589
3845911661
3845838189
3850028525
3850257789
3858711933
3858568575
3892131199
3858503039
3858568318
3858707742
3858654494
3858724702
4127151710
4127159902
4127192655
4126996045
4124901341
4116508157
4116573661
4116706781
4150248957
4150183935
4152350718
4152325470
4152317214
4151268638
4151139646
4142759231
4142757175
4142888213
4143796501
4143731069
4143272445
4151727605
4116084101
4099300741
3562425733
3562373045
4040451749
4040451749
4057261757
4057462431
2985686783
2985617135
2977232495
2977298207
3044448029
3043472669
3043343677
3043360061
3039165727
3039165727
2776096063
2774453631
2942223871
2942289887
2950682367
2950427391
2944000765
2910446461
2910347645
2910613884
2910606584
2910616824
2919202297
2918702587
2918702427
2910125402
2775907802
2776096730
2776029147
2784417787
2817872633
2809492185
2809488009
2809488281
2775863789
2784249327
3857989103
3856936447
3857003983
3857126735
3857065806
3858196318
3858071422
3857145214
3857145182
3857014222
3883163086
3883161054
3866125535
3866124543
1716601069
1727185133
3891458157
4159960349
4151436557
4151436575
4151403807
4117855518
4042480958
4042410798
4042410543
4059262479
4092718669
4092712669
3539060732
3002106300
3018883484
2985809292
4059490189
4034326527
4034264559
4046249454
4079779182
4063194206
4067374158
4067365958
4067259638
4083967206
4050413014
4034844103
1895220933
1893127877
4040488692
4042587749
4034199095
4116999702
4116999702
4146413110
4151263014
4151129390
4159455278
4154998910
4121673823
4104835532
4104774108
4108903388
4096316412
4096317308
4096522556
4096452908
4096715068
4042193180
4058433805
4075210061
4067803471
4067774670
4063580254
4067754094
4076077166
4076156206
4072091438
4088807006
4093064910
4059526862
3583374287
3583308253
3588014572
3588014588
3579625852
3577737500
3577144604
3560369436
3564562716
3707099453
3703032095
3719732494
4256608078
4292130814
4266951662
4262757294
4262441918
4262371743
4129223055
4145877383
4112319415
4095550885
1954491877
1979133221
2008358196
1990466820
1453602052
1386555140
1390818052
1407612677
1088837381
6704903
7783746
7718386
5526754
273969314
273957030
274093238
299296134
332852610
312409987
312266643
1390198181
1457302820
1451013420
1986967324
1982767628
1982308925
1982112301
1982104110
2117370670
2120057710
2102838126
2085021550
4232507166
4233554766
4233558863
4250323423
4157901037
4141124845
4141125821
4140142733
4131819661
4127641805
4127641957
4145467685
3883266341
3832932141
2766497341
2766632477
2766622221
2767408733
2765115007
2765127422
2765106942
2756716286
3041990078
3075690686
2798768319
2794574015
2811335837
2777785548
2765139276
2756746524
2752744764
2752691517
2754782525
2905793343
2939351871
2922529590
2922529574
2926788966
2934980718
2947564782
2914016510
2849209807
2840751055
3977408463
3977461725
4010817517
4015272447
4023718399
4024324511
3985535487
3968857087
3968661493
2899109717
2890723149
3154931533
3041820029
3076410733
3067481463
3002535383
3002467799
3000435029
4074180949
4073992567
4090507583
4089455927
4081134871
4064509207
3527629942
4064369766
4072690790
4072981590
1388692550
1388770374
1388766550
1380375895
1380306295
1376013415
1376091239
1392930167
1397124439
1363598663
1372048711
1405470151
1405416919
1388707319
1388838373
1380449765
1380449653
1380450133
1388830485
1405615879
1406658839
1398270230
1398274358
1398135862
1364581686
1431690614
1431688566
1431819638
1431827830
1431829879
1440210295
1440176629
1465211381
1465219573
1465220069
1448443885
1600094205
1608510943
1600126287
1566432719
1568529629
494927325
494923260
494927356
494902652
1031642460
1025351004
1025373276
1025369205
1029563621
1012917749
1012915701
2086652917
2086489045
2019392471
2035642359
2035773031
2044163815
2044163799
2044196551
2027288279
2027286198
2027290550
2018901382
2018866390
2013557990
2013537510
2017731942
2017931126
2026266486
1757765238
3921997431
3955552125
3955552124
3955736156
3922124364
4182234716
4177811036
4177802876
4177802852
4211160933
3947042087
3934473511
3934342198
3951164422
3951275270
1774299398
1761720582
1744936727
1744936727
1744879413
1744877349
1761722156
1761787244
1765973356
1799474293
1795488837
1795517527
1762032999
1762008422
1766197606
1774651766
1774467414
700721415
700786951
700594519
696388949
763432261
796925765
796933957
662707015
662707015
666905431
666905431
667233143
667384151
663084375
595971415
595954903
566594759
541427847
541431943
604485783
604420279
604420278
604502518
621276662
654765926
793177958
801632102
801439606
767885142
633367895
616656213
616787941
616718308
633474772
1698893509
1732470469
1732503477
1740767141
1736498613
1702939540
1707117188
1707445908
1967620756
4115124884
4115002045
4115002047
4106744303
4106611751
4098152487
4099794951
4032718853
4032718852
4032723972
4032185348
4040573236
4040573732
4040979301
4040454961
4039398195
4039397730
3503247730
3503248498
3494853874
3494788307
3494788481
3494843776
3494844288
3519764352
3554277296
3533291440
4072259504
4072390593
4071340867
3802708242
3806899234
3794314274
3861422118
3861557286
3861557302
3861557554
3997085986
3997013798
3998011174
3914128247
3914132309
3914198997
3910135796
3948929004
3948793196
3950889340
4017998716
4018141980
2952788540
2919094844
2919094845
2893011487
2892889631
2892816255
2909589375
2909593471
2909657471
2909665663
2943220095
2943220095
2943220087
2943220214
2943351294
4017093118
3983530494
3916429822
3916429822
3916298750
3916429822
3916429566
3916429534
3924814046
3924682974
3959417055
3959355613
3959355741
3942644092
3934255420
3934124828
3950902076
3984587324
3984579100
3967801949
3966622333
3966552703
2825702015
2842483583
2842458495
2876078431
2876078423
2876078454
3949951350
3916397046
3916397046
3908000246
3907476470
3925310422
3923078102
3923045334
3921996230
3947227606
3947227638
3947354614
3947354614
3955743223
2848324055
2839935381
3913673141
3913808309
3922188724
3922197428
3913808788
3913808860
3913415644
3946969468
4015118645
4015114557
4017342781
4017346879
4017289535
3983801150
3983661374
3983657278
3983657278
3983669566
3983796542
3916683550
3916679454
3925039391
1769040181
1766942773
1767208981
1750431765
1767340149
1769363573
1769359445
1777748053
1810323541
1793579093
1793579349
1793587541
1793587797
1785199189
1785199189
1785166421
1785690743
1785559671
1793948247
1793947975
3958340047
3949918671
1802500575
1802500575
1802501119
1768807423
1760426495
1760426494
1760426462
1753217118
1753183311
1753182287
1753043055
1752961131
1751396459
1759785065
1777146232
3958315608
3941276376
3937098456
3937008344
3938253512
3936134856
3952911051
2844566218
2823725930
2819076970
2818933098
2819083626
2819094890
2835872094
2874661214
2857893727
2857885535
2866271967
2866140159
2866148351
2882925435
2840945498
2824302938
2824295802
2824291674
3898039770
3897916890
3897832922
3897832922
3897897434
3906416858
3906408666
3906426058
3905387978
3905350091
3905416155
3917851611
3955596235
3938819979
3930436491
2852426699
2852488155
2853421551
2857619823
2874265895
2851460385
2843209521
2843209489
2876757297
2876752177
2876588337
2876526897
2843038005
2843169085
2824303421
2824171385
3897916281
3897850233
3906263417
3908946377
3909081545
3925793225
3917403593
3917467853
3950891263
3934114031
3934253414
3934187878
3934180131
3934245427
3931497015
3931432511
3931433855
2860309355
2868660587
2868660345
2868725849
2868865225
2860475593
2860507337
2868888057
2885600233
2847852523
2847923951
2835218174
2835213302
2826758646
2822568310
3896375414
3913152630
3917305951
3917437023
1803515997
1769957469
1769437309
1802983805
1786206300
1786215452
1786215708
1786083708
1786084220
1786198652
1786190428
1786206813
1792498269
1792375645
1792405471
1788341711
1775693263
1758920654
1750588366
1750453214
1750457342
1750461422
1750395758
1750395758
1750461295
1750457695
1750584653
3897906301
3897847917
3897847913
3897848937
3898039673
3916843992
3958852312
3958852312
3935427192
3935365720
3934318408
3934316361
3955287371
3913545066
3909340522
3892563178
2818755818
2818723070
3892792798
2841075166
2841079774
2883026686
2883026686
2882920190
2877619966
2881810015
2848255583
2848255581
2839932797
2840059756
2839924604
2836745596
2836757853
2836753757
3914693981
3914824799
3913776254
3922681086
3922615774
3922622942
3922717150
3922520542
3922524622
3956140494
3956141535
2881877469
2873480668
2873619940
2873347556
2873348068
2873347060
2881747924
2881612757
2848057809
2839674321
2839805303
2839762215
3913368887
3913483543
3913494295
3913493279
3909172031
3913628479
1774524799
1775045117
1754073567
1754020303
1754033359
1775035853
1775019469
1775219197
1774629357
1766098261
1761642309
1795264341
1795341167
3942820719
3942771583
3942771583
3943103343
3930508271
2856835583
2856713695
2857168127
2856639743
2865094143
2881943551
2881943279
2877736686
2848311038
2849298431
2824142335
2819935743
2838744575
2838677983
2870147423
3948144991
3931236703
3938576665
3955357977
3955481880
3930283288
3930291468
3926076444
1778465836
1782652204
1783827756
1792216893
1787957085
1788247631
1788243791
1788345807
1775753678
1758959822
1750571215
1748474079
1748483567
1752674287
3898064879
3897931503
3897931501
3897950203
3900047355
3895844827
3895844795
3895516843
3899686570
3899686570
3897589690
2823846363
2849008089
2882599001
2882918425
2866281496
2866277656
2866146568
2866146585
2866276139
2857879338
2874658602
2870333290
2836909562
2836745726
2840943838
2840952030
2883022206
2885115262
2880949631
2948586847
2948591453
2919067485
2900193245
2891808765
2891931640
2891402232
2887076313
3960818649
3960830936
3965058040
3989307101
4022726365
4005881549
3997492685
3997494493
3998088429
3998079213
3947874429
3956201757
3956210205
3948867101
3948281373
3948216109
2874473773
2874199077
2882719093
2882722645
2881677909
2873354967
2839669463
2839603927
2822831094
2822883702
2822884727
2822896727
2822827093
2818698613
2824068469
3897981797
3914816367
3925167103
3925625342
3925629406
3959421278
3959422302
3957321054
3915378014
3914198494
3913612766
3913666014
3913764334
3913764335
3913637119
3946937567
3948113119
3956436222
3956427898
3956492414
4023613774
4022545742
3888328526
3854773887
3854765677
3855683308
3771797244
3771736028
1624259964
1623472253
1619344413
1619340303
562326799
562887950
567055694
558675278
554482910
588094718
588225790
571381870
570857583
570873903
575068205
575109180
574979100
574979100
575568924
642677772
910834957
1045052749
1045045069
1004228349
1002168061
1002034879
968487831
955900806
947516294
947509150
679212718
679181998
687569646
685325050
685255290
685255467
676081451
676078889
692860713
1774991144
2039166504
2039160440
2072534616
3683184456
3666652488
3666656584
3666852952
2593102968
2593111144
2609822828
2609814637
2345061485
2403748975
2403798383
2403667311
2672117615
2639787646
2648085118
2627113566
3163923166
3162810334
3183779294
2902755678
2902825306
2835855706
2819004698
2819013946
3892751675
3892833339
3892702267
3910073659
1767820650
1800357242
1783461210
1782916571
3930399995
3930522861
3939962365
4007009756
4003336156
1721699932
1721704021
1721450309
1721446215
1989881287
2144943558
2111389126
2086352342
2082149782
940508038
939852742
675546078
675550206
675626846
684075531
684075547
684010025
680274473
680275561
680273497
684471881
684470873
701265785
701349369
734903801
734903785
734903801
734901705
1799992777
1779021257
1778958331
1778958315
3943669739
3943604075
3943610219
3909531499
3909273451
3896657903
3896725487
3964735469
3964734909
3830521269
3830659477
1683175893
1624324311
1620129911
1620121623
545340439
562506759
562375687
596393219
596380931
596117507
596133891
600332293
591923205
571017557
571087717
575289957
600455781
596196087
596122327
600595415
600628183
592288727
558874583
567263223
550486007
550353367
541891031
537696727
537778519
537868663
554318695
587868711
600451621
596273761
596138817
562618305
562601411
566795714
558480850
558612434
1661706226
1930157043
1896537059
4048223201
4056574432
4052446176
4035542912
4035665792
3498770304
3498766257
2424893347
3519606754
3544776162
2450249074
2450183938
2450188034
3003901442
2970398242
2974587682
2966194470
2982709622
3016272342
2999565702
2999637895
2999632773
2521441204
2535008160
2505849248
2505840800
2514290848
2478263536
2465558528
2465554432
2464604160
2196164865
2212939537
2247088675
2221754915
2486028899
2486029043
2490212306
2499654850
2512233542
3082650711
3070070055
3074211367
3207380519
3174032951
3174965783
3175032407
3174837999
3179023855
3043494063
3051948223
3048872093
3082452109
3214599309
3214452109
2664998652
2664998653
2547627887
2541412198
2674576678
2674575654
3211512102
3211458838
3211456262
3219842630
3186554439
3186488917
3177510485
3173273463
3173256567
3207937382
3208062054
3218219110
3214029054
3182899406
2629116045
3568776332
3562474716
3558148348
3558168924
3558308108
3560368392
3581340425
3622285083
4142380890
4142241758
4133781902
4134306718
4134306734
4143809262
4160680686
3044696814
3043631869
3043697500
3051958636
4108910828
4109108460
4244379900
3694930012
3694995469
1547577607
1568549654
1593720582
1593512454
1593426438
1526235686
1526243942
2130223846
2130223745
4277704336
4269311648
4264073120
4264138720
3207329760
3173771216
3156895556
3169477908
2628404260
2628387893
2628258870
2645044262
2682808366
2653542446
2586496030
2590690318
2600391694
2613031950
2617238607
2573063389
2551995581
2551999676
2551084981
2551862965
2560246455
2560344823
2646135398
2646123046
2650318374
2637727271
3745160725
4265277957
4265278724
4265245892
4265217157
4131064967
4146007190
4112456854
4041096614
4038995622
4039055030
4038862486
4036813526
4038632053
4054360612
3018363428
3009976100
2989002036
2989137205
2989137207
2990180118
2988033606
3004712662
3009030118
3002738150
4075693285
4075618532
4075557100
3530301656
1366106312
1348870152
1424373512
1424361992
1424230953
1424288297
1415899675
1416673802
1148489226
1152746202
3348542090
3331764878
3603862206
3603931814
2530058918
2525864357
2525606052
2532934804
2523631044
2519371076
2536173108
2502815269
2486005287
2490316342
2431522102
3505337383
3572446247
3568243765
3569025108
3573092420
3573100612
1417355332
1413042388
1429755100
1429824972
1465798092
391531981
382880077
106044683
118505246
84944446
70464030
74592794
83055130
82891578
81044458
366259626
1472694682
1456900490
1994295690
1927196555
1927258761
1920762504
1916568264
1915568872
1915691752
1999578857
1965436777
1961297961
1956972569
1956973595
1956910089
1420566536
1353457672
1085006088
1089110824
1367049000
1398388524
1381608764
1389997405
1117500878
1116444110
1112048046
1376272814
1376387502
1376671118
1376714126
1407121599
3518933181
4038043788
4042234252
4033711756
4033648284
4042039980
4042039980
2968314604
2959925869
3022811695
2955691303
2955692070
2691450918
2691520567
2700040245
2712598597
3014588869
2997810757
4075713029
4134031895
4129821222
4129825318
4129826598
4129844262
4134062118
4138444806
3870205958
3836389382
3836381191
3970599685
4177235511
3092905574
3088590438
3088589422
3088712430
3155821262
3157919370
3165130154
3165128874
2628257963
2628262041
2359834760
2376607944
2306419727
2340037390
2346328846
3415875902
3382321454
3365683495
3369910773
3360990592
3355745664
3355544004
3355675076
3355613636
3372394821
3389171975
3389172486
3397555718
3397812742
3397829158
2324169254
2345149030
2333614831
3373793709
3359113388
3631743148
3630702732
1484481676
1478421640
1208920204
1225173900
1560718220
1594014093
1594015119
1581421966
1581351307
3603010011
3595735423
3612782957
3614954797
3581273452
3044498924
2977914349
2986287021
2986219445
3015661463
3015668119
3019764119
2482885014
2439827894
2439833079
2976441847
4050249719
4050386791
4050214775
4050214263
4050222583
4050353655
4058742135
4058996567
3522131799
3522000471
3513603959
3513524087
2473401719
2473532791
2473401367
2465152022
2481880086
2477710646
2477776183
2444017463
2444017205
2444009013
2439810613
2435616293
3006107181
3006111276
3006049836
3010244140
2750266924
2708311596
2708311612
2704137853
2687360613
2687360741
2687327991
2687328247
2708281847
2708290039
2750233079
2733455703
2733455447
2733586454
2733586454
2997828630
3014605910
2981051606
2444180678
2449423495
2449280151
2447133847
2480757895
2476563861
2442624181
2180476069
2171038903
2170973399
2171005143
2171006039
2204626198
2204495126
2212885790
2213017374
2212943678
2179980863
2179947071
2154633791
2154576445
2171353661
2171158333
2171155517
2213098557
2213089341
2213023869
2213041277
2204945501
3278740831
3275594591
3275594591
3275725791
3275726303
3544096223
3548290527
3546266847
3554540639
2480733311
2203933743
2206161965
2206088237
2180917293
3254724892
3250396444
3250523965
3233746477
3237944878
3237822014
3225189950
3223125758
1091357342
1091340942
1124634510
1393139598
1397735311
1406074783
1406070207
1406069167
1407117743
1409280511
1399302495
1902618909
1902620445
1902554911
1902618399
1885648414
1885636150
1345160758
1346362930
1346238994
1882749458
1931004194
1925826594
1653246048
1653247104
1653249152
1657451648
1645913216
1614521472
540009888
539424416
1613907620
1613824623
1616912938
1621107258
1671438634
1654665258
1654915130
1638403082
1890191371
1889142793
278530584
278534696
280636008
31993417
40378957
35127759
34128318
34128038
34386086
38568098
38700418
47095682
26124163
75938433
77593296
1307372320
1298983712
1295837984
1278750512
1283069701
1291453186
1287308034
1555792230
1559793894
4235764902
4233669806
3989351562
4001998986
4002326712
4005996712
2919664056
3187854328
3205630488
2939562536
2938252840
4007736873
2929726266
2930511930
3198750762
3064480814
3064513695
2520288391
2520496517
4097486468
4097486468
3833245316
3770326669
3769273007
3764947695
2687011374
2686749214
2720312079
2720835855
2720918815
2720955438
2720937006
2788035886
2942963494
2901020198
2829717014
2829719046
2829591382
2829644262
2896744942
2896745151
2889406089
2887318153
2904287880
2904287656
2904287400
2818230488
2796210248
2796212232
2801426443
2736399050
2735612590
2735477422
2701919918
2690386853
2696415392
2695633072
2964274384
2964205568
2427346944
2428428544
2449384007
3537809046
3529300646
3524053926
4060662182
4065253542
4074698910
4137607310
1995890889
1982128136
1982132264
1982091304
1982080044
1982211117
2145527599
3701620279
3701606918
3635546630
2291141126
2291149366
2358258214
2358258230
2358394390
2358386214
2224295459
2224820003
2231110963
2180782387
2180798563
2180827619
2171981203
2171968899
2172108177
2171977137
2171977121
2171967889
2167650707
2167666835
2201090275
2201188371
2201102595
2205296899
2209492739
2175936019
2174965299
2174797347
2179254049
2246346531
2239006707
2272771985
2272772017
2272770997
2272762263
2272704903
2239217045
2239079845
2239083959
2272768471
2270602709
2253892981
2256382260
2252322836
2252265492
2269006100
2233350932
2216569348
2220762628
2229146132
2225017381
2226918182
2226922790
2176060454
2176584790
2179779798
2180816070
2171903438
2169880463
2170010517
2170010324
2168961748
2203564740
2169989716
2165783092
2167880228
2172533045
2172529959
2180983846
2176601190
2210186454
2214364318
2214368654
2206045070
2254288782
2254421406
2253372863
2249178271
2249107615
2250157455
2249911711
2535124431
2535122271
2537286943
2507926813
2507828493
2514118925
2245942029
2447204156
2447146812
2178770748
2178766140
2178745644
2178747692
2178748204
2153528892
2153528861
2152472093
2152470047
2161055534
2173637934
2174485606
2176599286
2180828374
2180816278
2172426630
2169878919
2170010069
2202450389
2202450388
2203511620
2203462420
2169843252
2167748116
2172002837
2163630439
2163532006
2159329446
2175566998
2213317790
2205980814
2185074830
3256793230
3256285327
1376152719
1375888527
1392665038
1360159518
1345511966
1348723230
1356899870
1357162270
1352971070
1370785662
1369212319
1368295309
1369362316
1398734764
3593760620
3593744172
3593878796
3324388620
3324327196
3328517436
3337037612
2225481277
2226533901
2226586191
2226406351
2226505214
2224352494
2224352302
2228546862
2270489902
2253911358
2262222623
2264319773
2195048220
2194984764
2203344428
2152995372
2148997676
2148941341
2155231007
2163615022
2159813742
2176599150
2213314782
2197590174
2189201806
2187178894
2186261134
2186264475
2186262939
2182003083
2182015451
2450401755
2451450201
3541969161
3508413705
1360929033
1348346173
1355620669
1351356733
277611805
281808189
13420861
1095600501
1095613812
1129164244
3285040596
3285032916
3285032596
3285031604
2173541108
2173688565
2173631207
2173631846
2173625702
2173493350
2178732134
2153615830
2152706498
2148515266
2148514243
2148514241
2148374977
2165299521
2198747456
3255446272
3255447296
3269075713
3533386531
3552055590
3549958438
3554410854
3545022934
3540812166
1393328526
1393329542
1392876950
1359460775
1359456694
1359329670
1359387014
1363598791
1397157335
3552994679
3552994613
3553092917
4089838901
4081900853
4081898773
4044150111
3511469407
3511666158
3511608831
3511643647
3511451551
3544981463
3519877109
3519942501
3515756325
3515821879
3500093207
3235785991
3235790102
3252493622
1104940342
1095504951
1124881463
1124913461
1124913437
1393133388
1393073869
319331997
319326909
285985725
290126271
298477982
294595022
294598990
332283190
323888422
323429670
1397028151
1397014805
1397522773
1405977813
1372427413
1103994005
1103468949
1137150391
1137167287
1137081318
1128737639
1128737575
1090923831
1090923783
1095118087
12913941
12848437
13372197
21761845
21777717
55364885
55088501
55090677
55086581
55085493
55155605
30129045
30145429
26115031
26098519
59652390
1137584422
1129262374
1124955431
1124979991
1124898247
1091343749
1103926661
1099275653
1099274645
1099405751
1099356598
1103526374
1095117094
1090922790
1090923814
1090923782
1090914055
4458247
13373239
30150455
21777719
21810487
55549431
55162325
55162325
63544709
55286165
55294389
21739957
22018519
21920087
21903639
21899575
21900583
1095722279
1129173367
1129091573
1137480085
1137481109
1133289364
1099799444
1099275156
3230112661
3230071797
3234229095
3225824551
3242601782
3242601750
1095175446
1129057302
1124862230
1124862231
51186967
51338517
51205445
55113053
323540349
323519983
290037751
290176982
298843094
298679286
298802038
30284646
63847719
55534887
55435639
1397600725
1397600661
1363972501
1372361109
1371833749
1355122068
3502742932
3586563485
3578177949
3578178013
2504436189
2504453631
2513883119
2514405375
2514437119
2516407287
2507952503
2486980919
2487177527
3560857623
3565102103
3573496855
3590289685
3590281493
2550089989
2271168517
2271153479
2271020359
2405172215
2409460462
2409063150
2409063150
2408937454
2407815078
2403655078
2399428007
2366072727
2365745047
2365728645
2369923013
2370010565
2369805589
2369838132
2411789621
2407654677
2408751925
2409009711
2274853423
2274658159
2239548911
2235353583
2235420159
2233400671
2266948943
2271143759
2279532381
2258495357
2262629743
2254228991
2253245695
2534397151
2538599647
2505041294
2505012638
2488170430
2487639726
2488688302
2484428462
2484404118
2501180871
2501356999
2539105287
2547363095
2543169303
2545397303
2511842871
2516031015
2503262759
2503737911
2503807525
2507411757
2514748460
2510556204
2510555165
2515474445
2516465741
2248043741
2224973021
2224907471
2229064863
2237453471
2233326847
2232868343
2266417095
2270619590
2547443526
2547509078
2538927478
2501170534
2500121975
2483551575
2483485957
2504457541
2512840517
2546464213
2547873269
2522698231
2522825207
2547958263
2548028919
2547906039
2514353655
2516451287
2508061663
2508061439
2503868031
2537412479
2541606750
2524442974
2532794718
2664785206
3730076966
3730068775
3725942067
3726079249
3743315201
3743305985
3747500801
3747500801
3749671683
3615449927
3581638103
3564838389
3573222837
3568897980
3300462264
3300658936
2231123512
2231114297
2281442091
2264672555
2259430698
2259444762
2259435786
2393686346
2393883114
2398015978
2415895018
2407506414
2373959135
2371858381
2371746781
2367486973
2367478653
2367544671
2405330191
2413716766
2396939566
2396967214
2399060350
2415904254
2407323102
2371669471
2350172623
2350348751
2350283597
2354477853
2355003165
2363418397
2363482461
2363355645
2379780580
2379776484
2375590324
2379784372
2354622628
2352580068
2352729573
2352925653
2218711879
2486070087
2508090183
2541714775
2541311303
2264748359
2264748373
2260554101
2260497253
2262591335
2279368487
2279438118
2281654070
2281129814
2281011030
2272605558
2404719990
2371161462
2371165558
2371165526
2371173718
