4234590637
4234590637
3966151101
2893130191
2893261007
2893258191
3044185566
4113749846
4147270230
4146148054
4146078454
4129366754
3068343266
3198223843
3198158051
3198225601
3198233667
2661362947
3739299587
3747704579
3714154263
3697507639
3697497462
3705886166
3706803702
3704649655
3704678055
3712020135
4246011559
4245987239
4283741604
4160071124
4160202180
4126651653
4117728565
4100884773
4096784689
4096784691
4096195858
4096154898
4096152899
4234560723
4242806003
4242826339
3706156147
3572387154
3589231954
3589236546
3723421506
3756447554
3756509043
3756382067
3756389745
3756389681
3748525361
3748527409
3748265267
3748354066
3748219186
3748149554
3748146482
3731432214
1592332854
1592341045
1605051164
1604989724
1575699260
1417200952
1882769720
1882753496
1880656344
1903724936
1946061195
1945023882
1919873482
1932456394
1966010747
4097749355
4108234603
4107053807
4102859487
4123822797
4140404365
4132082317
3059389069
3195704229
3191595493
3190350049
3173573089
3156862451
3161092051
3161095763
4100606579
4126100339
4142751059
4142748931
4134486019
4268703763
4268515363
4285292579
4235059235
4235096386
4235091266
4243475395
4243540947
4239248359
4255701478
4293453286
4293452190
4285063566
4252684686
4236170702
4244561398
4244502951
4244401575
3179046311
3212599687
3212194247
3212181975
3212252135
3220661991
3182915303
3183303415
3183270615
3186945751
3178556871
3212178631
3212178679
3195401447
3195531491
3060978019
3061044083
4133745217
4150457925
4150451797
4117219957
4100442965
3832011077
3831880773
3831821333
3827589429
3828704053
3832902181
3849667109
3849672229
3992411669
3992287765
3992222007
4260653175
4256300119
4260613191
4260873415
4283945158
4279685318
4262916598
4263503334
4267566566
4278052326
4278187474
4294833618
3187668802
3187668818
3178747762
3178517858
3178517859
3212269043
3220329971
3220658161
3220529137
3220567763
3220559431
3212112455
3212108631
4285915479
4252431453
4261299293
4260318332
4251540588
4230511852
3962068200
3962262776
3966432728
3966498777
3974688733
3974688511
3974686431
3991529423
4251645911
4285190647
4285452774
4284895718
4016195058
4016260594
4024661362
4025708402
4294016566
4285562391
4284575238
4284704262
3194189590
3219149094
3219190119
3216044141
3180449852
3163681052
3167876364
3168200012
3178755416
3178586089
3212140523
3078578090
3078561722
3078430650
3044875674
4127159690
4125971595
4125380761
4125388952
4159005144
4083672056
4083610217
4083611245
4083537533
4083220319
4083216383
1935797759
1935834511
1903359373
1970533789
1953691135
1962070527
1960886655
1893782319
4049663791
4083345206
4133945142
4133985590
4133797143
4133858567
4133925911
4150703383
4126577925
4124476421
4124476501
3847588981
3845430309
3878989089
4013407525
3984047909
3966932513
3966948865
3962819073
3962827329
3962659553
2888856225
2888828835
2909801891
2917141939
2946571441
2813557969
2796776901
2796776772
2813551876
2951963908
2909893684
2910147621
2892307495
2892438566
2892958006
3179219222
3187611926
3187490582
3221043062
3214423030
3147326166
3147358926
3147358863
3147345564
3151538900
3145239508
3141110620
3140128636
2871704868
2871698732
2854990204
2854781277
2855842077
2855839005
2870652205
3948609325
3917138727
3917204279
3917085463
3917080855
3917208599
3915071507
3898294321
3898409009
3894218785
3896385585
1753096465
1753091601
1760447221
1806551735
1789774471
3941383047
3941382535
3932460423
3933516253
3933516269
3931612013
3931611949
3930432301
3925914421
3926979893
3944211813
3910596071
3965109487
3967239422
2892318206
2892455926
2892464054
2892196534
2900454070
2900388518
2897279927
2897333191
2897469381
2899552005
2893128197
2888868413
2905662253
3979403565
3979374891
4011873323
3999403243
3999402154
4008052922
2934311355
2946894239
2946709903
2913152397
2914133453
2947686732
2951946508
3211863324
3211801900
3211803948
3220188972
2645633837
2578923309
2562133823
2561937183
2294030109
2294038301
2310806845
2310806845
2313952605
2313997661
2347534431
2339215487
2323626110
2323626110
2323622014
2323101750
2322962526
2318776414
2316675167
2316757087
3657885791
3674630351
3674631119
3687217885
3682958077
3682925309
2609179613
2613374429
2571501053
2554842621
2554777087
2563170271
2564226782
2564136686
2564071087
2564066991
2564071103
3092299455
3088105135
3088095915
2836511675
2835590042
2839784410
2839784250
2840705594
2836504122
2819727130
2819663626
2819663162
2821977387
2821901611
3912387883
3916582379
3950185467
3956345755
3938532251
3938462619
1791043995
1791048187
1803623803
1803619675
1770073355
1770024203
1770056987
1770035483
3951082251
3955272203
3942689291
3942693403
3942890026
3909270058
2835529263
2818817583
2835455807
2835603311
2869086575
2856503663
2857847023
2926921982
2926513398
2926515382
2926450102
2943236022
2943237814
2951625394
2913745810
2913737107
3987478676
3970308228
3975555204
3966905732
1815225732
1815159220
1815093732
1827680485
1827680311
1827679238
1823483926
1823569942
1823569942
1840478214
1857190150
1855330567
2127957828
2059866068
4207222636
4208209708
4208201516
4207957260
3671122189
3666927630
3665883166
3749826602
3716599914
2630272234
2630797738
2622048649
2219338121
2219338185
2219534617
2220505899
2170161962
2212040506
2191263514
2191405834
2191397658
2191459118
2195456814
2197573487
2205997565
2206071692
2206203788
2214590348
2180903820
2180895164
2153632936
2153741545
2149394537
2149398585
2149456155
2148411915
2160995850
2173662730
2173556234
2177663514
2211218027
2211222139
2210960075
2211157707
2211167963
2202647547
2199501051
2201614571
2184915179
2182752507
2249862347
2261389786
2257191674
2190086826
2190029482
2191274666
2197320367
2204680639
2171180429
2150282636
2150282644
2150349952
2150148352
2150164736
2150197504
2162912017
2158639665
2192443955
2192444931
2192442883
2192524051
2259469091
2263675235
2263658851
2188153063
2204930238
2171573695
2171583935
2171517375
2167389085
2200943517
2184100749
2184116685
2184079693
2188272909
2196730237
2192466285
2192516463
2213358975
2180843981
2172586455
2172455287
2172393511
2155624743
2163030311
2163092279
2163091975
2163161607
2162956821
2162969125
2163002213
2163005813
2171590997
2205153621
2204948853
2204924277
2171435317
2171500855
2171500855
2154723638
2154658102
2154592598
2172475734
2172475734
2172615030
2172483958
2171435350
2171435335
2154822471
2154691397
2154675029
2154674901
2181020661
2180889573
2281486837
2189212151
2189203703
2188204279
2200901879
2167290230
2154707767
2154707479
2163091991
2163026455
2162965013
2162953045
2179730261
2171361621
2171468151
2171599223
2172483959
2172483959
2172483958
2172614998
2172647775
2172647807
2171468159
2171468127
2171459933
2171468125
2171468125
2171468157
2171468157
2171468157
2171468669
2171468669
2172517247
2172483967
2172483967
2171435387
2238544251
2238544251
2238544255
2238544223
2238544223
2238544223
2238576990
2238577022
2272098814
2272098814
2272098814
2271836638
2271869406
2238314974
2238314974
2238446046
2239494623
2239494623
2239621597
2239625693
2239617485
2239617500
2239617436
2239101372
2272786860
2272771501
2270410157
2270409149
2236723645
2222043573
2222044085
2222172085
2220075927
2215881139
2215885235
2215811507
2232601987
2268263879
2268259655
2264049411
2275650867
2275454241
2477833505
2549124389
2524022037
2524087300
2524090388
3057037364
3056967973
3056924453
3073889829
3040265765
3023492711
2767640167
2896484214
2896486198
2896476438
2901714958
2893326366
2889201694
2903750943
2937236831
2937235327
2920470127
2924725999
2924594927
2926630885
2922438117
2921389559
2938371575
2938372087
2938371061
2942426069
2942426071
2942368087
2908879191
2908879223
2909010291
2909010291
2909002227
2908969459
2908977651
2908969457
2908969969
2908969937
2917358417
2917236563
2950787027
2950784978
2942330326
2942334422
2908838326
2908838334
2917226942
2917227007
2879871359
2879881050
2867291914
2858771722
2855038234
2854770730
2859026474
2863384618
2863384603
2880171337
2846483720
2825445896
2821318168
2822495852
2822429292
2889796140
2893400877
2918501173
2951858437
2926832901
2922638613
2937185573
2943440165
3950069031
3916501311
3916632447
3915448831
3898936827
3907324411
3908000251
3904895483
3921541595
3921521097
3954485577
3950292747
3927282443
3927355707
3944145199
3944211759
3948272687
3948136815
2841037173
2843102197
2842905589
2842778365
2851199613
2851207773
2851207773
2851208029
2851208031
2843081567
2843072863
2843072863
2843072895
2843203967
2842155391
2842155391
2842155391
2842163583
2842163583
2842032503
2909133175
2909133175
2909133175
2909133175
2942695895
2942695927
2808576511
2808576511
2808569279
2808569782
2816826806
2816833974
2816833942
3891624342
4026497174
4009715926
4009179255
4007073877
4023789637
1767255493
1750214613
1750218743
1758660519
1754269095
679490742
679486614
679503046
679503047
683732039
675408967
671250439
671250487
671225911
692197655
692198167
734150215
729947719
729878215
713045703
713045719
713045751
713045747
729888467
729888387
998258563
998277043
1002471331
1002504099
457244579
423690227
423885779
407042387
407103827
406911347
407959667
403953747
408092099
424869315
466779459
465719105
465636659
458234147
458238243
424684323
148060963
146938419
142678611
142613075
146807507
146881491
146963331
146962819
163715459
188881283
172104131
172169683
180435443
197163491
164653539
147909091
147896739
164673955
188849587
172137859
440571331
508729283
508729090
1047574306
1060153122
758161698
741454114
758353974
758288406
655537157
1729273100
1728224060
1711315756
1711311404
1711640361
1711705869
1728546639
3977611134
3962931054
3967262702
3900095990
3916869111
3950421463
3933660481
3929461057
3929526641
3929142113
3950114657
3916527200
3897654880
3897589344
3897589344
3897589600
3897572721
3914407411
3990035922
3992130770
4025619586
4023530626
4006753410
4023530626
4022418866
3984600482
3984615846
3984911286
3968121735
3985410948
3985410756
4023171588
4011699716
3994461748
3996557872
3996557840
3995247216
4012034017
4013149603
2910047395
2916337843
2899409139
3973077027
3975224611
3992005939
4017106705
3996133937
3996334880
2926775072
2863860016
2861648176
2861812032
2878536000
2828200768
3103182400
3094728272
3094630115
3103031010
3118755554
2934208994
2934200802
2950977778
2913327314
2897672258
2830543175
2834737476
2834676308
2825166452
2837765860
2837765861
2837830631
2837928358
2837649574
2820741302
2820880534
3898751126
3899795606
3906087063
1774332039
1774266823
1765812679
1765829063
692086999
700676199
683890739
700667907
692156483
692316483
692251489
1774377569
1807977201
1807784643
1807792707
1799400963
1799402001
1795207729
1761735204
1828811308
1828787752
1828921128
1728256360
1725106409
1720912043
1720913082
1720845454
1737605262
1703985294
1691386958
608341022
743610375
743614727
1834133765
1865591557
1798495765
1781646068
1779552948
1846604452
1875964580
1874916005
4022399649
4022396803
3980454791
3980569046
3980572966
3989997846
3856828678
3831604999
3827426055
3827556869
3827487285
3827584807
3831777574
3974388070
3991160930
4020652114
4008072258
4008108098
4008108035
4008629265
4008614960
4025391216
3983473088
3979275712
3979343824
3962426341
3962356709
3983332333
3982817133
3974429549
3974429485
3974495037
3974495005
3966233373
2892360509
2909130557
2942682973
2926561247
2926433791
2926378479
2925854191
2934299127
4024949239
3991402967
3991402967
3966173143
3966234615
3831883767
3848599551
3848558591
3882122751
3865344255
3865438463
3865573631
3873884414
3890661854
3857111502
3857119054
3831948110
3831948126
3831882734
3831822318
3831816175
3831816111
3848601019
3848396219
3848396283
3848527355
3856758235
3856758235
3982586203
3982714203
3982714203
3991108987
3991108987
3990968665
3990968665
4024507737
4024644953
4024643864
3991089432
2918265112
2893095192
2893096216
2899520360
2897443689
2914503659
2947927034
2880211914
2880288202
2943197386
3979198698
3979178158
3980337326
3980272046
4013826469
4017488828
3891725212
3851686872
4120127288
4103351096
3566480152
3565497096
3298110216
3231042312
3230961416
3248259849
2510062571
2543621098
3063779754
3067970730
2786430122
2786434286
2786573422
2786500622
2920718350
4011254078
3979764591
3962639087
3962573551
3966763755
3830449065
3838840825
3836811641
4105255192
4105386248
2494970120
2511677704
2276732168
2260005640
2192933704
2193523640
2191496105
2526843823
2531037614
3067908526
3071579566
2803217838
2805446142
2771827982
2771561742
2904730910
4012027183
4011981869
4011971625
3996177721
3996177769
4017211241
4016295529
3982740075
3990997883
3982556031
4016106847
4016303487
4016227615
4016227359
1869864023
1836117111
1836181607
1868818535
1868810615
1852033398
1860553078
1717885310
1717692798
1717824351
1700977503
1684261719
1685572439
1685454165
1685384701
1685384701
1692916221
1709689341
1743244285
1735777277
1719007965
1735518941
1735649885
1735511903
1868615039
1835072767
3982550527
3982747133
3974263797
3974251221
1818444375
1818575735
1818260791
1818258493
1826711613
3991030045
1860323593
1860618505
1852307721
3999590745
3999595497
4007971561
4008037099
4008038107
3865368267
3999593435
3999654890
3882279274
3848721770
3849837695
3832868095
3832867071
3764742391
3764865271
1617316343
1617381847
1634032127
1633971199
1633774463
1642294047
1676888863
1660274975
3797218335
3797214239
3799376255
3799447547
3874934523
3891710715
3856124667
3830512347
3829428171
3829425627
3829494907
3973141595
3975511163
3992283241
3992381931
3991337979
3991325659
3974614731
3975530059
3967087179
3962888731
3979731519
3979797295
4013344559
3999614335
3999550554
3999553754
4024793338
4024916478
3991296510
3992345566
3992420174
3958664526
3958662494
3958727166
3956670711
4015391879
4015395975
4015465655
3990168741
1874081189
1704269221
1704400276
1687432644
1682188609
1679042817
1612131121
1618360865
1622542865
1622543873
1673266753
1671173825
1921779409
1921779363
1926059682
1942775458
1942251462
1942284230
1942349654
1673899830
1665511191
1631956757
1632091924
1627914004
1627913492
1627749716
1627725268
554114556
554044925
566626813
595986943
596058102
595935230
583280606
600074190
591685582
591722462
591775742
600100862
600624639
600702455
567274853
567274869
835710293
835702037
835702077
835706173
868740445
1942482269
1934093661
1934082045
1934069741
1967497197
1707458557
1690677213
3838164429
3846485469
3846484477
3880104429
3875714029
3876758255
3876774635
3843221227
3845258987
3845258218
3845257690
3849439706
3857812826
3891365130
3891364107
1735442699
1731256603
1730241835
1864576299
1864579371
1851984235
1851984123
787679354
787680314
783488282
800137497
749806345
748757513
748888585
748691977
614475529
618924349
627964279
627964279
627964279
627964279
627947895
627947895
627948982
627946934
661501374
661501374
661502903
644200629
1726331060
1847965876
1847965876
1714797812
1712782724
3876992692
3843434149
3830843047
3839233702
3837005478
3836743142
4105182422
4107283526
2010196998
1448225798
1448291591
1455755041
1451577121
1451707681
1456233761
1447849009
1175249937
1191891201
1191887169
1128973121
1103819713
1149998035
1153996663
1422433063
3561601575
4123765542
4124813622
4086937654
4074290215
4078481719
3812410183
3762160335
1614676695
1614680743
1613574822
1621898918
1621892262
1639716022
1906054278
1905144967
1368351879
1372046471
1439088023
1434905078
3582389110
3570854678
3572887318
3295143446
3429290518
3454452246
3455337334
3453248358
3487311718
3487530294
3479165239
3716078901
3715552533
3749150981
3748954388
1609936900
2146873348
2119414804
2115024932
2115024932
1846589484
3994196013
1714853903
1646691406
1663844750
1630278062
1617834415
1622029229
1622094508
1625567909
1616918179
1616920227
1625505506
1688345138
614472450
631253250
920921091
372121600
372125760
372113873
510526181
531432175
498871930
482093578
480046618
479521322
479473162
502742538
494278411
494800153
536740904
536752168
536637448
534536200
387772440
354209832
269483304
269413160
273574440
818891305
835013131
843384330
839844362
303960586
303960329
307024168
382509160
378310888
1435274456
1435344264
1435343240
3750599049
3733953934
3733896606
3733889454
3738166190
3725525930
3741975482
3708683162
3558736715
4099802393
1954306344
1954072888
1949935880
1966844168
908888328
908888328
640453897
640389179
1714065466
1714073643
3861553192
3865747496
3828015400
2754241292
2754301636
2766884580
2762690212
2762497700
2896715429
2896756450
3169352434
3156761554
3156826226
3156899890
3207231538
3123326034
3123323970
3190432962
3194631362
3606722178
3585812130
3566740130
4105708198
4105728686
4038640554
4033380504
4079527112
1915333640
1933294600
1882885128
807123976
538949645
538363918
538364734
878103086
933154406
1052705510
1052508870
1047278534
506335686
506081703
510272423
497756077
2091461276
2092509832
1555688072
3703351944
3698113224
3693383192
3693380136
2637214251
3211829802
3136741930
3132514602
3133030442
3131572266
2611478634
2608348298
2637769098
3711576459
3711576249
3711580329
1576733864
1438123144
1438146696
129540232
108638440
103518252
103523372
103719972
103724084
371641349
86394118
208013070
212471310
212471310
213389102
217591274
1551396266
1559803322
1555605131
2092467848
2108405384
4024999576
3996945144
3997141528
3996555788
3996559900
3996558893
3996578351
4013343279
2905424494
2905342446
2909559982
3987523710
4021078079
4021079071
4021142541
4025414669
4013845513
1799236649
1797130345
1763576169
1769867759
1761545215
1757219471
681320071
731195029
731317924
998508180
994326212
1056974532
1057040068
469903300
1007818388
1032984228
1032983213
1031799721
1065361817
515989689
532803705
499495195
483899163
485984778
502761994
502762250
502634554
536127546
1609868490
1601683594
1300119946
1215185546
1480475322
1478382318
1482450478
1486647086
1486679327
1505094668
1505074460
1507099964
1528135996
1511424988
1510388124
1510387901
1510256815
1531224302
525136982
491616262
474888199
340671237
350099972
402262772
385615796
310125444
309215620
308724100
307675533
314868143
29396911
281062319
272804559
273852943
276082206
275048238
275047718
837219366
871822390
863323158
846988310
840826883
303960129
308163024
324883108
836518564
1909244581
1905051301
1367645829
1350867589
1367652999
1909897927
1943448071
1920379671
1919330359
1919334455
1919321143
1915060247
1915023366
1914986502
1898328262
1882067366
1882064550
1961691815
1957444263
1957444269
1957445293
1907107469
1940662221
1399677391
1361925615
1361935855
1366257135
1374580206
1408196062
1407997390
1391228879
1382905807
1383036925
1399683053
1373988332
1373992428
1353012732
1353012732
3517314557
3521967613
3513570671
1361900911
1361901422
1362096918
1349448454
1349447943
1357902111
1357738270
1415937342
1432836398
1432770878
1466325790
1457994511
1457856271
375460108
375460120
375590968
388173864
389050408
353428840
352382463
356695022
398639094
327191894
315655374
383026382
1451197662
1988013310
2013178310
1975434181
1956551364
1687916132
4244152932
4234715884
4230537944
2083087320
2099774440
1848143208
1848269096
1856653608
1856653608
1722348809
1722605577
1995235337
2100166665
2083389707
2083391947
2084178858
2092510122
2092706730
2092702602
2108438410
1470890890
1198375834
1207808938
1169990634
1169990633
1174185320
1165867368
1430231404
1430161740
1363053900
1363055692
1367244876
1400283356
1399235068
1382454780
1382471164
1382537181
1395513341
1366161407
1366292478
1349515262
1357895678
1357903870
3522164702
3522131454
3555480943
1408005423
1407984959
1408181535
1408122125
1408113949
1399266623
1399133487
1399260655
1399259647
1399083423
1366352271
1397797279
1431339454
1438756350
1435609470
1167452990
1169615662
1172729406
1202087479
1185333815
1185272629
1185272117
1180995620
1177849957
1175758069
1159048325
1074980999
1343682694
1343638406
1354189462
1085607614
1085611774
3249802862
3321630254
3345753646
3341690174
3354337598
3350012214
1202663734
1185902868
3332698468
3336892652
3324281004
3323429020
3305283980
3288507852
1141024589
1153609229
1150467597
1083215725
1083477869
1083477500
1081511373
1094618309
1127121991
1110356023
1110368311
1110437910
1110396950
1194271766
1143942418
1277573682
3437632035
3433433633
3434876624
3418096256
3400008384
3404218896
3396031024
3404362273
3416990243
3367510818
3367510310
3369607463
3357213821
3409577292
3459910920
1311378696
1177472264
1114475800
1382325544
1390718312
1927589355
1651809786
1647611354
1645518010
1981260986
4128743610
4145541562
4145480106
4112384938
4112396970
4124976042
3047039914
3047041002
3080681931
3200051531
4271679817
3730614617
3728518344
4265386184
4265439368
4265279656
4231659689
3694789099
3698984298
3703180042
3703056910
3703073294
1572399622
1589161478
3735729670
3668607287
3668475939
3681067041
3676995649
3644494977
1480521873
1480550561
1545546145
1549609632
1557471904
1557598848
1549206144
1548812928
1548759713
1573940897
1603398595
1586686403
1452509635
1452379219
1456509985
1448128801
3597709600
3598168356
3613712676
3609519444
3576047556
1411780228
1415974532
3572435620
3568048800
3568054176
3504614864
3496224208
1080234480
1106465236
1119212487
1387561798
1119134550
1117037858
1182055462
1446282278
1446822974
1446523914
1429879818
1425673482
1421478683
1421478633
1425541865
1417182888
1417193352
1415096200
1444454797
1448648942
1444454638
1444524070
1983545366
1983545366
2000322614
1962860918
4105088759
4105100004
3165506277
3170655205
3174853621
3745262157
3745392143
3711836735
4244505135
4240048749
4255646060
4188549164
3685241896
3660105737
3660220427
3660228618
3661211658
3677075722
3714774286
3702191054
3702162141
3702178476
3702244004
3707261860
3694669732
3426429376
3426625793
1149118721
1157566257
1157449521
1417446192
3564929328
4114387232
4131038208
4131040513
1982762755
1445957203
1580193395
1596928626
2084119075
2084053539
4244120355
4239922211
4238870566
4188538918
3668604994
3739936834
3727333570
3391865986
1512591510
3672650150
3668521647
3668521644
3685230252
3685231276
3681036876
3375900941
3359254799
1211772190
1215964942
1217988366
1220024047
146286252
163103416
200921752
154764184
154763672
219779320
471441528
471442552
471443707
336247211
357218985
395020952
311003784
378269320
382313096
390636424
358326504
1551544363
1546551338
1546553386
1545971754
1546102846
1462671374
1450106126
1459471182
1586283199
1586361005
1603179180
3721364396
4249661356
3171723684
3171723732
3172903684
3210126853
3086385719
3085746726
3085746726
3086750486
4047245358
4030468142
3766369390
3841591406
3770288156
1891252232
1895312648
1899504904
1897455624
823840840
822788584
826970095
831032046
831032038
864598854
852210951
302702599
371122181
373178373
389939493
360586549
343805235
352259410
352060914
352068578
79438563
79581843
96391809
1185862277
1189987972
1189973636
1191156404
1207937765
1174203237
1157426983
1157392183
1149060831
1094596254
1128146582
1114515078
1382421142
1390739877
1387528357
1385480357
1389666549
1395957775
1898292238
807513914
807443242
824478506
1902483770
1936641034
1944732746
2012938458
1970802857
1954095272
1961567208
1961566760
2091595320
1554595352
1424501256
1432955401
1433013083
1194132939
1198272906
258868106
259924922
259924907
268247915
263988009
230485800
498379544
1575332632
1567079176
1562873160
1596164040
2116256457
1983021769
1980924619
1980924667
1979769455
1996497193
1968185385
4115791913
4118152233
4109764617
4105590793
4105099531
4121926186
4121729754
4159483530
4151083658
4062937786
4080726714
4084884138
2977570987
2986221741
2986091693
2959871157
2439986309
3513658501
3513673157
3555096565
3555116661
3555051124
3521435252
3513577300
3513576820
3513710964
4050573684
4050624372
4084053700
4092048965
4092040919
4083517174
3814758118
3810574182
3810572582
3810573590
3810764039
3810697479
3810718493
3777155647
3777118783
3777126205
2707511597
2715875372
2749421612
2749401212
2742405580
2740372428
2740372172
2715206348
2717274671
2699305518
2690916910
2753836334
3022265406
3026597950
4104534078
4121302110
3584426190
3718643787
3718648843
3454459658
3311909434
3312757354
3312757354
3610617562
3594306250
3597435546
4142433194
3081273515
3082327209
3046684841
3042486505
3072043977
3055192713
2988081801
2988360393
2988393163
2721858218
2730250670
2813075631
3081575598
3081504958
3085703374
2536253902
2502896126
2535864703
2540051807
2548446669
2528584909
2528388301
2545216685
2545216749
2513737853
2486536223
2486340879
2486619919
2503405069
2469815821
3539414749
3535223471
3535018414
3535026342
3539258534
3547778262
3510010950
1361486862
1395108878
1378151438
841283615
841353279
1915095342
1378748718
1395461934
1882013198
1350442574
1354374862
1352220318
1083711134
1082658462
1082658463
1082949309
1095559919
1109175079
1182775589
1186900240
1185916928
1185781808
1189977120
1177519344
1143914880
70648704
70660736
70648448
70320800
74458016
15738277
9446631
26426382
11687942
15919366
14936322
14802722
14796578
14795026
14799106
32682307
49451457
41059265
1110609857
1109625552
1181203056
3605310304
3601115936
3605305908
4133916164
4129723972
3055718980
2787349236
2791416484
2816533412
2784027045
2783987109
2775599525
2771483028
2805164484
2771511316
2774661156
2783037492
2778974468
2778917380
2778918437
2778977829
2782970407
2774581822
2770354814
2753561466
2753764730
2757900410
2766350586
3856742618
3873446010
3865118814
1713523726
1983042574
1980949774
1992484374
1988142614
1992336642
2118296578
4278363138
4111895746
4097215634
3832515235
3840924320
2762988208
2762988176
2766470816
2758078112
2753883808
2753883812
2757820388
2782984484
2812339477
2812305686
2782929206
2770350398
2753630526
2753696046
2753694766
3168929854
3181516830
3214948382
2661296142
2662606862
2398497806
2394816782
3485074190
3451519790
2377650982
2293772654
2365073263
2356715341
2373491533
2371599228
2640034796
3212556796
3208358332
3208228540
4281972380
4281967260
4112097948
4095435452
3826987692
3826910628
3761637540
3790735591
3885107254
3868272710
1720772806
1916922054
1912796294
1648542598
1673708199
1635893925
1619038884
1623244452
1611703980
1611719308
1613816516
1630593548
1629680168
1629635112
1633878824
1633688840
1633696009
1675696186
1654786090
1721911338
3870484490
3870551114
4142973130
1987362954
1718993050
1693893050
1689711259
1689707192
1689445032
3831550632
3827352232
3827352296
1679876904
1679942424
1679910664
1679916313
1680047417
1684232473
1692620809
1688390681
1738705929
1856406537
1856406603
1852212683
1848088011
1847703402
1848754026
1863362410
1828759402
1828757883
1828773915
755220587
755089515
755069163
755180779
755117291
759302379
700582315
696453819
696335071
1803562694
1807754946
1807754818
1774264914
2025988690
2021799618
2021801666
2021801666
1484947139
1484971713
1501810368
1539346384
2068876656
2052177232
2048109888
2064887104
2064768480
1761664992
1761668768
1765928608
1799519952
1807879106
3938458070
3938462054
3938461990
4206901550
3124771134
3191881086
2659198186
2676043950
2541949100
2508263612
2492481676
2157233284
2164032644
2150598564
2150545376
2150015969
2150033219
3223774466
3228036114
3240384614
3240376550
3241482450
3241544066
3239452546
3226875778
1085678482
1085617122
3231986658
3231986034
3232002387
3227833683
3227835763
3240622450
3274103058
3261516034
3261529362
3269977362
3265783058
3265615666
3265546019
3269739809
2196036900
2212801892
3286609252
3244592484
3273952612
3257765364
3325015508
3328550097
3328549971
3345337458
1160185954
1411782770
1411787073
1415720640
1419917040
363856560
363868820
357573252
68215476
67150756
201371620
201374515
201562898
72530434
83016194
83004930
132292354
112366850
1186104787
1188529587
1180140979
1174910354
1174923154
1174923154
1427105458
1415542690
3506206626
3500946850
3500958887
3500963045
3504821712
3513189824
1361511888
1126505968
1097084384
1080370273
1088779377
1080417363
1344642307
1344781570
3508976914
3529948946
3538402562
3534200067
3534193921
3538392368
3530325280
3526109156
3526108836
4050532004
4042135205
1961824165
1961102757
1952718229
1998612677
1444997124
1444980996
1449368836
1449377044
3592795444
3596916516
4125988388
4105084452
3031345711
3031087854
3032058542
3027798702
3023604398
2736294558
2787023566
2791222607
2801773572
2792676388
2787388452
2804229156
2753959876
3760596629
3773179558
1621493414
1621364134
1621362926
1621362702
560211982
858007562
841050122
841137162
845317386
317818362
315655594
315655610
314674334
315857086
307472558
303163558
320071814
1343399303
1355981509
1353880132
3500311044
3500180004
3500188196
3516965412
4087657013
3013915175
2976167214
2972572718
3022866542
3022932206
3022916094
3039705806
3077450446
3077517006
3060020942
3068408302
3064201454
3014394095
4054802645
4038058436
4037534596
4037453748
4033185252
4045704292
4062481444
4062419989
4062358533
1914874887
1914924039
1914838501
1936068005
1886784423
1886784407
1895177111
1894194103
816136087
816063366
816062855
866394567
849666533
853844324
862236964
824484156
824484152
807704376
807701305
807439161
807521051
807537630
807537038
807536782
836895886
866254990
312611215
312615327
312566263
44097895
48292135
48292647
60847662
27278894
278936167
279132775
279133031
299953509
824218685
857845772
555917324
589473036
572635404
572557372
1646299180
1646626876
1646757948
1646693404
3810953036
3777159788
3760349804
3840016996
3835691558
3852472622
3852476462
3856671770
3882822730
3865717978
1726626234
1722419882
1722419866
1990725257
1990749832
2011752332
1411950476
1344978828
1344974476
1345243847
1344294630
1344286310
1348478502
3554812710
3600945926
3600814342
3600818214
3600819246
1201941550
1201944655
1169111501
1101994396
1105725852
1097338300
1093156284
53159068
53354892
53371276
19362260
18933223
18908518
291544886
291741446
291683590
1407432982
1369487650
1369741602
1370332465
1403696400
1407890688
1395257712
1395200416
1395261856
1361707936
1898578577
1894646469
816251663
815805755
278932779
278931483
283158795
811641353
807451145
539266633
539264648
1613530808
1735296424
1718523304
1714336248
1714348873
1713972057
1713906539
1726686058
1739207018
1705640170
1705511146
1975003210
1970809163
1966680523
1965747083
1999286152
1735299464
1676050584
1675985324
1672512172
3802169900
3806365196
3865222661
3860967206
3860915494
3995100198
4012248366
3978694446
3966635630
3975028446
3970899614
3836493758
1689003166
1705251982
1739850894
2006281359
932572301
932685964
865245372
859019492
859014388
824344644
824357124
824357644
811762493
820167469
820008745
828386089
807414045
338049295
342244367
351142927
350749838
342361230
343428494
347773598
314485438
314485391
851218053
1923384004
1919189524
1646559780
1646567972
3810828836
3760628256
2686893587
2687421954
2687454962
2687241634
3760987298
3781962914
3790350502
3786287286
3768985783
1621498277
1621363109
1621114245
828386692
828384644
287319492
291515845
333503829
325163345
325294417
325303153
325188465
325188465
291765073
291666771
291666771
291715955
291584355
299972963
300104035
299989363
333470035
325089619
325187923
325253443
325253442
325187954
333502819
333511011
333568371
300153171
291699027
291731827
291600739
291535203
291600743
291600759
291600725
291600721
291764561
291764561
300087633
300022099
291535219
291535219
291592563
291690835
291690818
300079954
333511539
333511523
299957107
291699539
291699011
291764561
299923937
299923937
299981175
291731831
291592567
325155191
325155191
325187927
291764567
291739991
291608949
291551605
23181621
1105443125
1097056021
1097055767
1373879831
1369685559
1134796310
1134796310
3550853926
3550853414
3555039335
3509029985
3509488657
3509486593
3508975360
1361503744
1361339904
1361520128
1362233089
1364329969
1364329701
1371608229
1367358628
1367358868
1367371724
1367440972
1371686412
1364330013
1364407871
1366369854
1399860522
1399860266
1399864426
1400130650
1398031434
1381286922
1112835402
1111463934
1451208622
1454223278
1991032758
1991086005
1992197524
2008986804
1979098212
1965401124
1948572772
1680088276
1680156820
539109797
539114151
619842215
613486230
563098262
581972678
849371655
849408015
316706829
304198669
304134152
287373400
270719432
274881161
279054987
279053003
278921930
299917866
861987114
857776427
555787563
543338281
547536397
547528205
551849481
539266777
556043947
589581994
555880110
1696733102
1700934822
1705125095
1705058359
1705010181
1974494469
2008049413
2012311045
1399995969
1393692625
1397886371
1396837539
1438712995
1438651554
1421881474
1421893766
282190278
282309446
284403478
32894502
291826215
275118949
270948721
270948849
292551137
293465585
334886785
318099841
308724161
304234691
304218179
304156770
320873570
291515490
820066658
820186051
283186883
283189955
279147219
296899271
296931911
301064719
299936575
274770221
274774313
291559467
291690506
291697674
287457550
270680910
273875630
282080942
277884582
26226599
311681412
315785604
307396996
309494220
304194364
1382065961
1398843946
1365289514
4045515322
4045650442
3878132234
2809042442
2812969498
2947187498
2947252840
2947068648
2942870152
2938693256
2804434588
3878291372
3878301868
3844800685
3848929446
3836612790
3836617878
4105055430
4104398854
1420044294
1420060678
1168419846
1202095366
1202098182
1202098181
1206682852
1194101924
1462548640
1430169728
1363061888
1396614532
1933030276
1898361540
4045832772
4045571636
4045639204
4049648164
4049660452
3823135295
3823311598
3798014894
1650466222
1650721966
1667694782
1675767998
1671569598
866198678
866135238
870329543
333457863
325155159
325286263
333543783
31521253
31563127
23313750
274971922
274775346
274767154
811702290
820221954
815970306
837007378
845264946
841144323
841095361
1915095168
1915096480
1919028896
1637959328
1621227232
1621139968
1688248832
1960879616
1948298769
1948318002
1948456994
1948653602
1948649506
2104888802
2125870978
2125865602
1051857795
1049626545
1053822368
1040214437
1024502223
739421006
758299402
636656906
1739824410
1722852666
1722857307
1724954328
1712363224
1712414376
1647524524
1647458988
1646664620
1676021165
1638270143
1621230726
1621307590
1906368582
870360086
845196295
845195271
841005061
841062421
841209877
841374801
858143987
812004771
820381363
816189075
820184723
819992275
811611703
811624230
283174198
333634838
333699334
316987670
317516086
317249654
314297494
312100230
328876421
330965940
1366827940
1428693676
354956028
288256524
271479316
275010085
283432485
283426581
283556100
283547924
283478068
292002004
287749252
321294532
304513221
321241333
321343975
321335015
317008614
312552166
1386416846
1390481038
1927332558
1927319662
4070617134
4087386154
4054097978
4037517326
1420271876
1415951124
1411674916
1411647460
1411780516
1948649892
1978009764
1973622928
1470250115
1470243974
1340285382
1332818486
1299265062
1306801702
1151626798
1437380142
1437378350
1470796044
1470738444
1458086124
1446546604
1444448428
1998163116
1998171284
1931206789
1897558149
1885208967
1893073591
1890766503
1893980903
1893763686
1616947798
1667279430
1650502215
1650636293
3798106628
3793912356
3793850912
3793789472
3777028640
3760419360
3760391968
3760522528
3760534561
3764720867
3789817059
1655111858
1655047298
1655067778
1923544259
1923523587
1927654455
4079265831
4079282237
4045728093
2972645997
2976829165
2699888365
2968257181
2968265353
2968265369
3031376559
3031245486
3031171758
3030652326
4108598438
4033100982
4032910518
4028846279
1898176711
1931665615
1931649231
841131087
841193567
572578047
589359343
589490623
560122303
602033597
601883069
585105852
576790972
572678652
1650647652
1659015717
1654687269
1654697511
1654696470
1726000662
3865293346
3861094946
3860918818
3844174342
3827446286
3827446574
3827435822
3764521006
3768715326
3768785018
3768916154
4087810186
4071441545
4071391368
4075585672
4064063912
4061962664
4061963244
4061503021
4063672886
4079151670
4079102758
3009558822
2984393766
3047306294
3047314486
3048396086
3048261431
3080750596
3063973380
3068436036
3055861444
3055861716
2989475300
3006153188
2972582372
4034793972
4034796932
4032641412
4028377476
4028377508
1344154021
1358826887
1370882950
1368720070
330564110
329528110
27533610
10756137
10955816
15083560
3553592
1444104
1510152
1838024
3951496
24954761
49202057
49185673
49189791
48165823
38597295
302838703
303883182
305980270
57533230
23978302
15524158
11398462
28178742
28047414
32143415
23746581
20630789
18517316
18778500
25078148
65444228
329682324
312836501
313823669
1385472423
1380229551
1376051566
1393844522
1362510638
1345214766
1374578990
1370384694
1370053638
330874886
328744965
324730892
52047884
20591628
287980332
271198764
292166204
300878540
296488584
296485512
331088552
333206185
30200745
30200747
21812203
5017898
13481278
14657822
12495118
12495126
12495126
10389766
27168135
122590341
101089429
102154389
101892225
101896576
236122496
240378864
240149280
1297113892
1282466604
1291052856
1286840120
3434385192
3432287017
3432290602
3432294698
3448220026
3478571230
3340127374
3340645518
3342737798
1094582678
1077806006
1098777511
1107043237
31204340
31204100
24997636
20761392
2919200
2919200
70028048
70158085
86934277
220103428
1330021252
1271305860
1263965876
1262796452
1262808740
1271197349
1535403943
1502373030
3649900710
3717071014
3479044246
3464385670
3459675538
3463930354
3461702466
3461701890
3478410498
3430219026
3438799158
2359736630
2360248598
2377025813
2410450180
2393675028
2397876532
2389488420
2386358820
2403234340
2405327460
2516477664
2512217760
2516340643
2515324322
2506935474
2506919058
2503908738
2503388546
2637622722
3711229266
4248104246
4246007094
4245941558
3977424159
4015175951
3998464285
4006713389
4001400877
4005608701
3993297037
3926155405
3942986139
3959822251
3960356523
3969780399
2895465135
2897529471
2897279503
2897276431
2901468687
3178362430
3212015150
3171956526
3171945774
3172277294
4024309870
4005447919
4005218535
4005071047
3998791877
3994594501
1846060101
1846255623
1846194182
1728770070
1679429094
1612581798
1618938534
1895774887
4038924965
4038396580
4038330004
4055114372
3549700996
3553948629
3505689381
3505160743
3500977687
4037913110
2964302390
2968431398
3039804198
3073280546
2519649795
2520670723
2518618627
2522677857
2531066593
2543588768
2543590560
2543590576
3621534849
3612748993
3579208897
3310806083
3294020883
3293957426
3301244210
3301223475
3569396786
3569400866
3561010210
3561010530
3561207138
3577919458
3611467715
3594702467
3594968705
3594976912
3595034288
3620063200
2512712672
3024413024
3024396576
3025514768
3042350337
3210131203
4262910466
4263332370
4263254562
4263324450
4286524514
4261151970
4240179430
3701215362
1557405827
1556555200
1288056656
1220947488
1287985712
1287917312
1287941888
214361344
215930113
232703747
226215763
226217635
259776163
251395762
251264914
1316877714
1316869554
1314767282
1310183602
1310023794
1312056354
208938018
217328674
213326897
77991168
77989632
82707968
208604864
204213904
220991408
254560688
237890992
241558928
242586000
241677200
1315418960
1315934736
1324127777
3467426595
3467421986
3485247778
3453941810
3437108226
3428712706
3437101314
3437101874
3300852513
1157375520
1283210784
1144843840
1144958528
1144956608
1195280064
1194166000
1181062833
1449508515
1450557090
1446361826
1446492914
1983359730
4145524466
4078284530
4078764002
4078753250
4085109938
4068308146
1920808099
1920939185
1918775441
1926697120
1926705312
1922507936
1924607441
1387604803
1407466066
1373907506
1357131378
1357189746
1352930066
1086075139
1157574919
100535557
99555633
99227955
1206541570
1198408518
1181598166
1181516142
1459401007
1459396905
1471524664
1475849016
1475652136
1467263592
4111973080
3558250184
3558245085
3558310767
3558114087
3493610018
1350370866
1349395986
1357784850
1357784354
1357849634
1357646882
1358630082
1366971523
58639491
41910403
37720211
36548786
36543666
306026994
303946338
1390209570
1368156706
1351383586
1150889474
1155147010
1148855299
209323009
209323280
217780000
217595680
209202992
205008640
205225216
222219584
225415123
267227027
250453939
1320009139
1319999891
1324194195
1324194195
1324333971
3471752865
3741232865
2667556577
2659036768
2658991728
2654272112
2654267937
2637659667
2624984578
2633892354
2633761314
2629574950
2629574702
2629571694
2646345966
2577991839
2582321293
2334808204
2334804172
3376039116
3443191876
3447611412
3453902948
3487392228
3486802848
3485790112
3469208496
3460496257
3477232001
3477227905
3477213059
3452045011
3320973011
3349219026
3349439218
3336889318
3328483815
3324281069
2385805421
2668923913
3692341515
3694569995
3698780682
3706083866
3701934650
3702326826
3702325866
3719889322
3740795054
3738988709
3739018404
3462196352
3456936064
3457001601
3307120771
1411299458
1413397698
3565063362
3501098098
4054815841
4054622240
4088177696
4083983648
4146894644
4113489428
4096720436
4096162356
4112981541
4125376038
4158920238
4155769342
4158390430
4124967054
1960711310
1423850630
1422796983
1422665895
1414277253
1414392197
1464243077
314999429
314999493
1452708615
1457815847
1986306095
1982112815
1998895147
1999042875
1999043387
1999044155
2012139065
1723680345
1723614153
1734100425
1729914105
1730045161
1696474347
626920602
894897290
893848714
893849018
893851562
901850794
2139103930
1585541882
1585697342
1585484350
1590731566
1582342454
1601418246
2096280839
2092340485
2092338484
2092403940
2085915812
1812245668
1812243604
1678221444
1678172340
1678132645
1678134957
3830914725
3839306429
3839179484
3856412364
3889964748
4141626956
4139521597
4139521325
4138478637
1990995071
2008820814
2012560590
1976964254
1431700662
357695926
352458646
352350087
893445781
927000212
390304388
399676100
1372762692
1358148124
1356902972
1356912172
1356913197
1357101871
1424136238
1474467878
3605235734
3605365766
3598159878
3727073286
3726815237
4280451093
4247963092
4231154324
4161997477
4166003367
4191170214
4220528294
3952083646
4220535198
4287644926
4290800894
4257245638
2084907910
1946565526
1947077303
1963921333
1964975541
1700470948
1742237860
1738059940
1723380948
1722596364
1743567116
1734641932
1734707485
1697032479
1831250718
1831234878
1764113710
3895332142
3899526446
3908767022
3904445718
3902352646
4170721541
4170721540
3633851716
3645387220
3645445044
3679064764
3687453372
3414848189
3414783726
3381197550
3381197166
3378022438
3373893686
3407517702
3409624070
3678052358
3678060806
3678028550
3678024214
3648721446
1507409446
1490562599
3636996389
3637001253
3637009485
3628661836
4182353100
2068559300
2048628724
2052833012
2052833008
2061221872
2061089776
2052634976
2048572784
2048578864
2048577840
2069512240
2136477937
1024995473
1008217237
2082023591
2082093478
2094664374
4238002822
4105603718
4122314310
4155802118
4139037223
4139033132
4136935980
4136937004
4132858148
4262869028
4263447584
4131261665
4130211043
4142796946
1991127426
1957589634
1420677762
1420595078
1416485766
1546115462
3693575094
3706137318
3702794982
3700697894
3700698406
2644260110
2312904718
2304516118
2313117750
2560275750
2559083813
3095969572
3095965188
2849540620
2851637772
2843314780
2872683132
3928599148
3928726124
3928705132
3995666543
1714227310
1714296918
1718500598
1722694839
1722692992
1924011652
1907234436
1890580100
1353512580
1353490052
1353235077
1353300631
3500915431
3505973991
3493391335
3493358055
3007016135
3004853719
4057617863
4052371398
4085991126
4085905126
4074274791
2455273445
2455272785
2451074368
2451273024
3004941344
2974466084
2962915348
2694484231
2694489614
2696520254
3774390830
3761803818
3761816106
3761816090
3762033226
3762030026
1614679290
1627265258
3770636522
3768572122
3768580299
3825133771
1660873871
1660878237
1929271213
1660892077
1652503437
1715351951
1715351983
1685532846
1693790438
614536230
614468614
614476806
614476814
887102734
904363326
900195647
899147036
902141192
893756744
286105048
286243288
319396856
302615480
843942808
852462472
852482440
915348873
899024298
886449578
886449646
878061358
875788078
891352862
908109646
912303438
920690895
913350909
907129053
906068061
889356317
806526735
808630791
807582214
807832114
812485170
552439570
565018643
582844435
855621701
842940613
842928325
842937333
859713253
828124781
815541869
546061929
1888247369
1889296329
1893686730
1356745166
3565050318
3581836270
3346802670
2264674910
2260537870
2260349726
2260398382
2528682343
2528682468
2545463733
2247658631
2281224343
2272901286
2235295911
2486786210
2419787906
3493473730
4030603825
1890460192
1889939984
1889804804
1935942156
1379139852
1377192968
1377183800
840247656
851725288
847530744
848054920
312285064
316609416
318640520
318648761
329130411
294396330
277094826
277089694
281284094
272976254
268949822
269805839
269527311
808757517
827623695
559253983
592678334
574786734
574786710
574790790
570594486
570482919
855662695
805818415
806781229
544637477
553553444
549370404
549235220
551336452
542935556
554601028
839812805
840839877
842400711
842400751
578683183
1723662379
1740386346
1690052890
1690069259
1822223115
1826396731
1817742027
1817740939
1865974411
1781383835
2066174651
2116494250
2121622634
2127849514
2127882282
2127947786
1985391626
1985388555
1996390473
2008973465
1958379707
1954194842
1950084510
1681522590
1681777582
1679090606
1687483370
1737802537
1722827544
1739596296
1697656328
1681271304
1948658216
4096137512
4104521768
3769370827
1621886026
1907114058
1940439370
1945756650
1943659434
1939366827
836306347
827002283
1896506539
1896506539
1896603791
1896648847
3779363231
3784673085
3769937437
3769412109
4054624780
3803032068
2729355812
2733292068
2792013349
2787740967
2923136023
2923013142
2939719718
2889515030
2821382150
3895091470
3895079214
3962051946
1814563307
1819019691
1692797370
1688341402
1688341386
564139914
563097994
562046090
595600522
864038302
859860382
306412942
1396852622
1405503422
1407107694
1405023790
1370023486
1370023486
1370006830
3517692975
3517689901
3521753148
3510145036
3508113676
3508249352
1359651352
1364106040
3546188584
4066281772
4068382780
4068190236
4067142668
4067139852
4079715276
4046111372
4030345916
4029293220
4029298341
4041744037
4038606311
2981637350
3015189742
2998412494
4070105295
3537420511
3527967885
3528033420
3528185228
3511383516
3494524269
3494523694
3562681130
3562677034
3564842298
3698927898
1559767306
1557674330
1301813722
1301809546
228066697
228073864
268198312
253079976
253202856
487829928
470917589
470851909
1011986711
881963287
886160405
892450869
1983100948
1983297796
1714850052
1715374340
3867051316
3881603444
3843862876
3844060028
3843994413
3843995183
3846151726
3879591726
3879526190
3878999342
3845443882
2754888506
3828765306
3832968954
3765919407
3789900463
2749651903
2732882333
2732948621
2733005964
2733528204
2733528284
2750408060
2750408508
2750408253
2750244415
2741790271
2725013102
2733438446
2728772846
2728772846
2732934398
2724484318
2720359566
3778438346
3761398986
3760327802
3848408378
3856993082
3886295866
3886313274
3852823835
3852989708
3840267532
3827681100
3962029788
3963025132
3963090669
3964989039
3839160190
3855902550
3839321414
3830871414
3839229990
2765358118
2698249510
3771998078
3818331741
3805683292
3807780556
4076093132
1920218508
1918117276
1918182828
1935029676
1933968308
1371603861
281031559
281027526
12656902
8533262
9837319
9845285
11889188
16083508
58178052
1110876100
1379238860
1913947036
1918141356
1657123821
1657124143
1657254950
1644536870
1645519910
1628741870
1611948462
3759548078
3759546030
3762163375
2700937892
2695633588
2695690740
2712447284
2746002692
2746000132
2729222660
2725028367
2737742638
2737762602
2737718314
2704148650
2704214202
2716227770
3785783451
3786865032
3820416456
3805603144
3793019144
3793133609
3795234863
3799437358
3799368750
3782603806
3765890063
3765886301
3765880316
3761751540
3761591796
3765790708
3765790612
3765790645
3772012199
3772042918
3788824246
3788893830
3780374214
3780308678
3776175703
3780172581
3780442404
3780438068
3883265076
2792780820
2792767748
3866493204
3875352932
3875287533
3875275246
3892117934
3854507422
3837672334
3837672078
3837598366
4126940042
4160514506
4158483913
4133430472
4133302748
4133299052
4158595948
4124979820
4104061756
4105963316
2495405348
2499595556
3025968420
4099714356
4099712260
4116684805
4091454471
4087256102
4057826406
4034708706
4028419234
4028482962
4028554962
4028563026
4032753169
4060018432
4088291584
4075184384
3538235648
3538157873
3521381923
3505659426
1358175778
1962161698
1962239810
2088231746
2088211906
2139065542
2118031574
2118039683
2117048448
2116394112
2116351124
1983243172
1985372836
1721119404
1703223972
1971593894
4119078566
4123279334
4048834022
4084518134
4080524534
4065787334
4065769410
4081559234
4047894083
2974021121
3024256563
3025361442
3041974818
3050363682
3083910946
2798757382
2797839878
2793514758
2793706790
2793704485
2815724772
2803682436
2803657868
2803836812
2805868204
2805868204
3795715757
3802924471
3870035101
3870039117
3870047245
1974216709
1554851847
1559111686
1283328310
1283328306
1146948370
1155272466
1155284274
1204610546
1187902850
1183687042
1183621248
1183625376
1452061092
1443410348
1376289708
1359709928
1343916584
1343928888
1893370687
1889048894
4040730886
4040862726
4032738311
2953740551
3071201751
3054433013
2522764004
2531133172
2533168884
2533107364
2459707300
2459178156
2543076520
2509560985
2543185035
2547296698
3075779050
3073744170
3078003770
3076953098
3051795466
3043468318
3039290414
3173475374
3173454934
3173385366
3040740518
3053325734
4121889191
4121234321
4104403840
4126420608
4126368704
3614696192
3610288389
3610288133
3748765717
3748901940
4283668772
4283533612
4282419500
4265707832
4265786184
4274174921
4005732235
4006000571
3997667755
3993293227
4011127227
3977699483
3960889563
3828763707
4118219053
4125362477
4125370661
3035048724
3034988032
3034975744
3035057664
3035055696
3035088624
3031422656
3048199041
3081630099
3065831842
3070026146
3086775718
3044820390
3028121494
3023923078
3023955334
2753422846
2753535214
2757724190
2782378254
3888556815
3889674767
3994529295
4011304463
4010996511
3946037551
2872165423
2838512751
2851097839
3918646765
3952279005
3951226701
3955486285
3946901261
3942706477
3925929261
3925996591
3926049839
3926051903
3947023733
3948115317
3922948453
3906159093
3906159573
3897717701
3897763719
3897654191
3908061615
3920742895
3954362831
3941791823
3939757135
3931168845
3931169149
3948008044
3948135020
4015256172
3981534940
2907793148
2907723757
2916091885
2783970287
2784170975
2775720847
2773688719
2773493179
3855617211
3851503771
3851569291
3985823882
4019382730
4019301706
4025525530
4017135898
4013006906
4013137982
3912474670
3912491311
3910395687
3914520103
3896690231
3896754711
3896603207
3896533335
3896537447
3963633767
3980477695
4014112207
3997333967
3998415311
4006861823
4006661115
4023700443
4025868235
3849844555
3832935259
3832861163
3849634283
3891314927
3891478719
3864162447
3859965327
3860030911
3866197423
3874578351
3874742271
3887332687
3891389709
3857771789
3849383228
3832676140
2759024420
2759280404
2759264004
2759268100
2776053620
2784436197
2948008934
2948008342
2931235206
3216326038
3216260518
3216774566
3180877798
3164132318
3170480974
3094913287
3106447620
4213743876
4196966724
4264157684
4264190884
4265489316
4279635884
4110551980
4097973180
1891773324
1887583117
1888619469
831524684
833627932
833675564
833659181
1643352381
1643347983
1668395023
1645326399
570725423
839156783
822395943
805571683
805705762
1879456034
1884699170
1955994338
1956003506
1956406914
2006835843
920576897
372654976
1445266064
1445139121
1981953761
1994615651
1990257442
4155566886
3853560078
3887114510
3889347854
2798817550
2794619710
2794684973
2793706028
2789515884
2802886380
2802949804
2805419692
2770800549
2754544034
2754548210
2758160690
2766610706
2762809346
2762761234
2762795058
2813302805
2796206084
2926225668
2922036996
2922024644
2787755765
2804469677
2758299045
2762476965
2763988149
2763990160
2965315728
2981961872
3019702416
2994606256
2994615440
2993566913
2997845073
2998463793
2730011937
2730011443
3824716327
3882400294
3878207015
3879245334
3879440902
3845771270
3843612706
3842794531
3826125027
3825600691
3838183571
1703033473
1736583809
1737633411
1733702274
1735721602
1734607522
1705251042
1956917346
1956913186
884219910
347414534
81208326
72772867
215939379
228509715
262047747
265979907
242919683
238726403
242918658
125468674
132808722
124485682
19525747
2699377
3875057
3810272
16391840
1086003872
1101617840
1135139456
1119410816
1119656577
