3044173253
3044173637
3044239191
3052502887
3085983015
3085978919
3009416503
2440236295
2440181062
3513919302
3522308054
3522246142
3522172334
1366295726
1399850222
1395983418
1127613466
1127686154
58466314
56365322
60326202
42500394
42500394
42504490
1116247354
1116322842
1116448778
1137371146
1128982538
3305797642
3290119434
3428464410
3432657434
3432649242
3365483066
3367514666
3367506731
2296922923
2305315691
2305382251
2305382251
2305388411
2305388379
2313775099
3387549627
3387540409
2313732505
2313802137
2305422745
2305416633
2305547177
2339101611
2339105579
2339106570
3379290378
3387547915
3387543865
3387552041
3387679080
3387676136
3379284456
3379153400
3374963033
3374938890
3375065866
3379291402
3387678986
3383345418
3383345514
3383349739
2313785771
2305397177
2305537433
2305535417
2305403321
2305407417
2305538971
2305539035
2305535771
2305553162
2305422090
2338976026
2347491627
2347393323
2347458859
2347320633
2338915657
2305363273
2305494857
2305494985
3379236297
3379117513
3379115259
3379049723
3379106889
3387651337
3387647241
3387647801
3379259177
3379115321
3374912793
3374920987
3379115386
3379246970
3387635290
3383434842
3387494010
3379056506
3379058554
3379163483
3387547979
3383484761
3383484905
3387545065
3379154409
3374958955
3374963002
3374934298
3379260682
3387647242
3383484682
3383345435
3387539819
3387539817
3379155304
3379156328
3379165688
3379165689
3374972377
3375099353
3375097305
3379290569
3387684297
3387682249
3387555304
3379157481
3374958955
3408502107
3408639306
3412828490
3421217114
3421217258
3387658731
3370877096
3370750136
3370758552
1214903704
1210830524
1277905580
1277823660
1277831836
1278896783
3476745094
3462307206
3328148678
3336343926
3334246710
3334046262
3332997685
3601379876
3605570084
2519246380
3190328876
3190394668
3190459692
2854915564
2825555916
2825555531
2825559627
2821299739
2821242411
2825449001
2833839720
2833831912
2825417645
2888328109
2888328109
2892527021
2900905389
2766751933
2767149245
2767091855
2767087759
2809032079
2791728527
2724619150
2724614542
2724532670
2799969710
2799971822
2799975726
2800033054
2792307978
2792172554
2800233514
2796106794
3064545322
3198795834
3215499339
3215499464
3186209480
3173614280
2636760824
3022642792
3022732904
3026923368
3026922873
2498309195
2498313290
2498431098
2649360410
2682914826
2666195978
2666245130
3467224074
3467227402
3467153929
3467149864
3672674856
3660157224
3660153896
2586414120
2586479656
3123361896
3140139593
3093994058
3102378570
3102313994
3102246427
3102275177
3102271209
3169347240
3169331113
3160946345
3160948410
3026730410
3026730158
3035106478
3030912191
3047754893
3047842956
3086672012
3078267084
3074074380
3073021451
3207249466
3173640746
3173542442
3177724714
3177712938
3152612394
2615870506
2594897946
2594910218
2594775114
2330473594
2330465514
2414419131
3454669981
3454678156
3320477068
3320567180
3320438668
3244940188
3278601116
1126919100
1126920124
1126856700
1093280735
1093607902
1080832510
1080841454
1080874222
1097651454
1097568334
1097568269
1105825804
1357484316
1357494044
1424734748
1416346140
1546234428
1546566204
1596915212
1512968716
1517158925
1517552190
1523847470
1515463722
1514417194
1531193386
1497569290
1505901578
1271069706
1266799882
1250201898
1250210090
3398217770
3398414378
3398078522
3398038586
3402157083
3394848795
3409594426
3376044394
3380231018
3388619642
3388484938
3388486986
3387429211
3379036507
3379233113
3379172185
3379172985
3370871401
3370711785
3370711801
3387472536
3446192008
3479737224
3488125832
3337204664
3338265256
1199137448
1161377448
1077550748
1092487884
1125518172
36973364
36710709
36714757
41292805
41291780
40243204
40243200
36044816
36045872
40308016
124067120
124591920
124591664
91037232
91061809
91062065
91216659
225430290
225151314
225025490
208246258
141144498
149533106
149664147
1219212179
1219211921
1219211920
1219212980
3366698740
3366563436
3366497832
3370692392
3639127336
2556995368
3626542648
3626541640
3626541640
4164547144
4179350264
4178297576
4216058345
4224705899
4224574554
4291679306
4283286874
4150118234
4085106650
4085075594
4067250058
4067233210
4067237034
1382356154
1382355098
1390743690
1403326618
1369845898
1358311562
1081483434
1077158126
1077701870
1081932030
1106835550
1408941134
1454029902
1458217039
1458151452
1592303656
1583915304
1600710440
1550581288
2020277800
4167736872
4167802408
4167610920
4167606824
3915952680
3949498904
4218991128
4219008536
4198063739
3728284266
3732609834
3597207594
1458112554
1122568218
1122704398
1122635782
32116742
15339522
8007682
8003650
8052802
8051906
58428626
40601810
40605842
41531634
41548018
58321138
22640754
5847091
7944497
8077105
16462385
33235568
66806480
65761936
65782417
23692945
6916755
15567538
15571634
15571634
10862514
1088743346
1089790946
1107092454
1136519142
3281629158
3264855014
3264985574
3264986582
3269047766
2264445438
2263392765
2531828220
2523505004
2519314792
2536477224
3022950952
3022967320
3022967304
2686800408
2686727720
3760471848
3831766056
3840150569
3856927770
4016901194
3949792714
4214033866
4213771770
4192801898
4188615722
3685298202
3685298186
2611736586
2611716138
2594938922
2326503722
2330698251
2590614025
2586350168
2586411624
2586415720
2586546408
3123351784
3123347688
3089793992
3089815240
3089817288
3156921032
2892614376
2900950760
2896750568
2762536955
2766980042
2758558298
2771153514
3844354666
3877974586
3877974794
3810865226
1634537690
1638741162
1638743210
1638743178
1940723850
1940724874
1403868298
329765002
44478602
1134997898
1135010234
1135010218
1135010218
1139696110
1131307518
1131292158
1131097598
1097415934
1105795326
1139411150
1139432654
1135270990
1202320479
1206445165
1206444396
1172877612
1290318380
1282257452
1282389548
1282399800
1210441276
1210378796
1478552108
1478553132
1479604012
1500640027
1532080394
1522635034
1522767146
1514380586
3670120506
3670321178
3670321178
3670916154
3670995994
3662303242
3662282778
3393852730
3402241834
3420063274
3415868986
3401123594
3400013066
3404223498
3395874907
3395875177
3396063577
3412775241
3362407755
3370798411
3362331130
3362269610
3429378475
1282096537
1290408840
1151931032
1152922296
1152922280
1081620136
1077436072
1077726908
1900236
1896260
1439556
30856517
64415041
41348161
37125184
37637184
37686288
37688337
36573457
40763667
49230610
66019858
32469554
15585842
82693650
82823698
78367506
95148817
132774673
107542832
103343392
103342368
103329824
241860608
258637889
225087941
149590997
1223399164
1219206872
1219205720
1219082840
1223211640
1223224936
1483269736
1483535208
1483502376
2020892968
2014602040
2013602617
2030117690
956375354
994259226
977473562
985859098
985728026
1053037658
1061440730
390384794
324390026
309693578
309693578
317031578
48747962
44421546
1118163898
1136055194
1136579482
1124000234
1123656170
1123591278
1123597438
1119468622
1119534158
1189782607
1181392973
1315696664
1311469624
522924088
472518696
472520232
405407272
409863736
418317848
417604104
417604104
410264073
139752986
197418554
180714282
176520058
177027419
176953673
244845896
116982872
40435800
36372572
36307156
36327616
53113025
53133761
53202387
57264562
57268658
40500722
40500722
66711010
66710498
32106994
15325650
11127154
11131186
11123058
27829730
15246819
7053713
6984065
7045505
7046545
15439248
11130800
1084847857
1088972386
1088957990
1080568358
3240901422
3225159982
3229374762
3252214042
3281638666
3264905482
3332014858
3334177658
2260247531
2263392744
2389225896
2254999976
2523502504
2536148696
2485816904
2485820936
2485829128
3022890520
3022841400
3022845480
3027027816
3052193258
3186378666
3186362298
3178038202
3211596218
2603299034
2607494202
2611686442
2611686442
2611637258
2611733514
2599002122
3672870921
3672801560
3672871288
3664290280
3660087416
3660169320
3660234856
3744092264
3693772616
3693767368
4234824392
4238985944
4238932728
3165171448
3165427448
3031204536
3035402923
3077354154
3194352298
3194450858
3194429866
3194302634
3211006122
3178692842
2633897050
2631803914
2631607306
2627216394
2392335370
3466155082
3466182857
3472478408
3471421624
3471421608
3463025080
3727327640
3710567048
3693790920
1546309128
1546275336
2016238104
2083285544
2083269163
1814309418
1814302074
623117466
660669594
644939930
651243674
650191034
574693562
583213226
599924970
868376810
864215258
864469210
851739866
851741882
843353258
843876538
839764122
839841946
302938266
307919322
326777818
284831450
283864667
279705177
279688729
279557688
300461612
317239084
308845868
304646461
37390399
37373974
37369878
37365778
41560370
62524210
60426771
26885633
96085504
99231232
90849792
23757312
19628800
19628992
19629009
74023569
82412273
74027761
1277793845
1277804092
1277803064
1496902184
1534650920
1543043880
2073579320
2042103768
2025329592
2025337771
3707249066
3698861226
3742917802
3591922858
3590972570
1447682186
1456054410
1385865354
1386131850
1390338490
1384108202
1396524202
1362035947
1348867323
1348875483
1374035067
1374100587
1373903226
3252976394
3248777802
1084615258
1084751386
1139717659
1190040073
1181516568
1315472680
1315480616
1311288364
1311353916
1311439884
237657100
221121796
204344772
204409746
209533858
217852834
77081506
77081522
77213570
79300226
11143106
11207490
11060049
15266064
15315216
23826704
23823120
6918704
2662944
69838389
69975565
204130831
220973595
422103593
1508433704
1538841896
2142830056
2142830504
2145975976
2137581224
2000283305
1446634154
1448960938
1456300458
1456464042
1385160874
1386143914
1385619610
1392435338
1383973067
1378631929
1378832633
1395012699
1076245594
1080442122
1088822042
1084693018
1084521018
3232033338
3232021050
3249323546
3282932250
1458537275
1450148152
1449760056
1583922232
1579723820
1579723820
1579875356
1579834372
489294852
489294036
422185697
426449634
262740706
262679154
245901826
245902850
111879682
111805186
65749250
65650962
65634610
32080178
6914358
74158366
82556698
82427449
82426424
208255544
476691000
405323320
942192168
1014543912
746100328
746125032
627637928
1697201832
1999191737
2000240058
1920679082
1927226538
849289386
848109722
848257162
848257210
315515050
306606251
320226713
288783757
287469516
287453149
287321069
291515247
299924350
283343710
283310926
283360522
283227450
1356903466
1373943098
1923396922
1923456539
1924111928
1995415096
1986902584
1982643000
1445452072
1445349420
1462110268
388368404
388372501
393554034
133508594
129380018
95815298
96339586
79627970
78464578
1084854018
1101632530
1101766674
1101635634
3282673699
3249057824
3303584032
2489884388
2485885628
2485820060
2485893820
3022756540
4029404856
4029428392
4029428392
3777245931
3814994410
3814990058
4091821290
4058331354
4055247050
3585485002
3585480906
3586079946
3316392138
3349958874
3349954794
3334062314
3334070506
3333973226
2264427770
2255084795
2271991259
2238354905
2221576664
2221577208
2498335480
2498279144
2498275048
3035148024
3026763384
3022888488
2687340072
2704121384
2703537704
2703533608
2703357480
2736903723
2736867179
2791376762
2791378298
2791377178
2791381018
3068606490
3068602394
3199150106
2662280218
2661954586
3739877386
3404333066
3421114378
3383365642
1269502985
1269374072
1256737896
1248385384
1244200312
1244314952
187348168
153793739
153867466
137057482
137043162
1214978298
1223375210
1219181162
1219050090
1286090490
3433571978
3433575066
3433566907
3433575097
3303568056
3303667384
3303667640
3295215532
3291279276
3291278252
1144318892
1131801508
1115155444
1123281364
1114832324
1110635712
35836096
36098240
36073680
52900080
2240720
6427072
6423109
14877239
14698030
14738986
14724650
14723626
60865338
312772890
379881530
1457883162
1458408459
1986896920
4134117432
4130058280
4129984568
4012544536
2888472088
2888474168
2892663336
2892728872
2888628776
2888625704
2888623656
2888586792
2754368488
2758542264
2776368572
2783774140
2783513788
2783526068
2712353973
2712632503
2746115222
2746115206
2750309838
2741381086
2737258206
2736996302
3810601438
3810535678
4091550958
4087549182
4053927118
4054987982
3518112842
3505597454
3304336414
3231984942
3232054574
3248829754
3282834714
3266057290
3333162074
3337356539
3328707817
3328801976
3328797848
1198224776
1298888584
1282110168
1282274040
1278079608
1278013976
1545926168
1545904696
472162872
488940315
1596302106
1608759066
1589098250
1589092123
1588960024
1320524664
1190517720
1189955992
1114443160
1114572184
1122632089
1122632090
1114251770
1131290750
1097740374
1080972290
1080972290
1081005122
1089467458
1089467602
1097856498
1131410930
1115420114
1123798994
1123798994
1123672051
1122562017
1139338661
1105784228
1089076660
1080808884
1081733556
1077539748
1076679653
1076679535
1076159278
3227902750
3236291870
3236293946
3236231978
3315919658
3332696938
3333221371
3333224859
3337407641
3261908120
1110294680
1110434008
1110335576
1110335516
1109798940
1126576444
1076246324
2233909
6430213
6424065
14812673
14681601
14693941
98580005
124018471
1193662774
1193711878
1193711618
1198427138
3454698563
3450437969
3450376948
2359866084
2359993076
2628429556
2632687332
2624437988
3161239276
3173297900
3173297768
2905914920
2939461161
2939532825
2939528731
2942689818
2775438890
2775434794
2771240491
2771244923
2704144249
2737787865
2741981657
2741981657
2808943033
2808418746
2808419770
2808421818
2783393946
2917611674
2917611674
3182373002
3165465738
2628596874
2628718746
2629701770
3435016330
3451281545
3449152440
3484804012
3471946733
3463676905
3459483499
3459354411
3325077819
3328239963
1457580489
1449207944
1382169784
1361190056
1344408984
1344407432
270665352
270612120
811656872
820044520
551592808
551589160
568366904
1910617659
1902231066
1898036762
1361149466
1361124922
1398873898
3554876458
3550943274
3617982506
3349547018
3350669386
3350551626
3321877834
2248071002
2281632570
2264916778
2263672618
2263676730
3337473401
3337472232
3329083560
3262118328
3228490632
3228487304
1076774536
1076237960
1344542376
1344548520
270806952
270544104
807414888
819999807
283193406
283209738
283209738
283210762
14768394
10574138
27466106
27408858
60959115
60959112
65082760
35737992
35766680
35701224
35690472
56666088
333558648
299996028
274829692
1348580668
1344519485
1344518975
1344453150
1344444942
1399234062
1407639054
1387142666
1386946298
1386749354
3551018153
3555228840
3546923192
4079665288
4046099400
4046234120
3509363259
3509366315
3513563691
3522034219
3522165291
2549087019
2549087257
2549060619
2528083978
2662236218
2662248506
2666455066
2389599546
2402227514
2368537914
2351629610
2288651306
2292845610
2292845610
2292718602
2292722954
2296921354
2313686347
2313700699
2305377627
2305380699
2313941371
2313941371
2313810283
2305410409
2305410409
2305414521
2305555801
2305555785
2305424729
2305420665
2305420667
2305556315
2305556299
2305556315
2305390459
2313779051
2305388923
2305388891
2305519963
2305519995
2305414507
2305412459
2305419627
2305419739
2313791947
2313796043
2313783771
2313784699
2338948473
2338952537
2339083385
2339091560
2339093608
2339093608
2339084392
2339080300
2339018860
2339027052
2372581484
2372581484
2372597868
2368354412
2368354412
2238331245
2238323309
2213153383
2213222999
2213296709
2213296709
2213296725
2213100149
2213100148
2213034580
2213034564
2213050948
2188966469
2189294165
2189277799
2189212262
2188163702
2263726678
2263857750
2263857750
2255403606
2389686998
2385361623
2318252757
2385509013
2351856309
2620276661
2624469397
2632857751
2632726710
2632202406
2623813798
2620684462
2350180510
2350377167
2621958159
2647123981
2375411724
2241198380
2241321260
2247575852
2247559469
2171930925
2170882415
2170882279
2171537575
2179401910
2179402166
2179406230
2179209862
2170559110
2170559126
2170649238
2204330694
2212588231
2212522823
2212526871
2204174869
2204191517
2204195645
2179067181
2179054645
2179054645
2212863221
2212859125
2187693495
2187693495
2183502014
2183633086
2183575806
2200332510
2167810254
2151033038
2155225038
2161510103
2207646453
2192835316
2192581364
2258690512
2262884464
2250280992
2267136036
2216869893
3290595597
3290607117
3290606095
3294734910
3570444846
2630920814
2625683434
2642445546
2542830843
2526446811
2524369995
2251748683
2268493675
2272622447
2246370927
2510350079
2510345979
2549145517
2456866733
2456929724
2457007492
2457002372
2455921620
2455962357
2468546167
2434995766
3508610342
3491767334
3491770406
3496153094
1080176646
1089680390
1087376390
1086343542
1078316006
1078381510
1078381510
1137115078
3263692102
3263550742
3264606502
3264274726
3264340262
3263426855
2189545767
2189480295
2193667429
2193669477
2185272692
2185338180
2181078276
2181414165
2181279029
2181229687
2198008934
2164441574
2151858663
2160251895
2156065413
2155998925
2155936765
2160392685
2152061421
2164717951
2199288095
2182511886
2186703118
2195092238
2190832430
2190758702
2194948454
2194949478
2186558934
2203352566
2169855478
2153208823
2153143255
2153208519
2152037063
2152037079
2152069877
2152070901
2152005316
2151996992
2151997248
2152004976
2147809632
2147809568
2147843377
2152152323
2177252610
2173058322
2173058338
2173115746
2173459810
2207012210
2194527699
2194125249
2194125952
2186646660
2186583220
2182454436
2198322357
2147921303
2416355207
2416354950
2416359110
2416361166
2433089118
2467622718
2454781231
2463323439
2463262013
2463326493
2479968589
2446332885
2428573685
2420192741
3493934561
3489673697
3489734897
3490848837
3243380999
3287679239
3287686982
3287640950
3287608294
3277127150
3545533950
3528754571
3536097739
3599086043
3603280363
3604325355
2522194795
2539106923
2501358123
3044512303
3027620655
3027752239
3036149039
3027758383
3044994334
3074350350
3074313486
3055437134
3189507550
3192664554
3201052906
3196924138
3196924138
3196875003
3200803291
2680709593
2672554969
2647323609
2648367577
2648303097
2639848955
2639853051
2639976443
2639978457
2648362969
2650525659
2650327003
2641946107
2637980155
2635948379
3176886555
4250554683
4258939177
4254748968
4260979992
2641915208
2641918793
2637810651
3745242090
3745249706
4269407642
4277780618
4273569930
4139352203
2528817337
2532221096
2523832552
2519713260
3056455036
3073371964
3073306428
4159106876
4154916668
4154842428
4160017724
4147430716
4130559773
4130493205
4128658709
4132902199
4132709671
4157941047
4124538135
4120266007
3566716743
3566585669
3570718549
3562403319
3562395127
3562493366
3561452958
3561432990
3695650494
3695650462
3703781054
3704690430
3717224446
3717228415
3717261149
3721520988
3587438172
3574715933
3557836317
3557869373
3557938493
4099138623
4107445279
4107445519
4102268173
4102264668
4102132220
4106256620
4093694117
3019919525
3019976885
4093780213
4097980391
3582068263
3583116823
3583196678
3518049798
3232769538
3232769842
3234858342
3292546422
3309360599
3343250887
3334845895
3334841799
3326453206
3326469622
3326985718
3267970534
3263906726
3280601510
3251315119
3227001247
3227017357
3222824157
3222922613
3222928693
3227254581
3227250197
3235765765
3235761733
3226980039
3242614407
3276164790
3276230566
3267583398
3267614198
3268661334
3270750215
3270615045
3270549540
3257967652
3524310052
3523253300
3590557700
3590516740
1459802116
1426215940
1547836213
1557281317
1553013285
1484786199
1488981526
1480595030
1476408054
1476403942
1497391862
1489035846
1484841542
1484825591
1489024997
1480703460
1476500980
1493409220
1493343364
2063768708
2063768772
2068045268
2067920229
2067985253
2076373863
2076332887
2067874566
2067862302
2030122286
2067885422
2067885422
2059533663
2059533647
2059523405
2059523405
2059515357
1606660605
1573032957
1547883517
1548210909
1548022399
1480913511
1506046503
1480946983
2017801527
2017793031
1476596743
1476531223
1480725527
406982935
482480902
499324870
499123862
398491574
398486950
381709478
314600598
314594438
314774662
314716310
314708150
306315446
307298807
334824311
283386679
283389741
283388717
283392812
300170220
325401564
308756364
308610956
308544188
309609132
325374637
291890157
275096573
275096445
291807551
325366830
308583470
308649006
304601118
325515278
291665999
283261389
283261917
283254492
283526796
300368524
325350365
308605421
308601327
304411887
845476974
845675630
854063486
854022526
317184382
870824830
837205854
837203534
820426254
820359710
551850558
1625593390
1617205038
1613020974
1613085502
1629989183
1629927725
3777412397
3810975020
3812017452
3809887052
3809833948
3809817260
3779397292
3779399356
3787922332
3821222300
1670457756
1674652108
1674784013
1674784013
1643259167
1634099487
1634165055
1617228078
1618264366
1624556334
1641317182
1640859518
1632409598
1665966046
1665981854
1666047422
1666178479
3821960621
3788404141
3788400060
3779487116
3779421580
3762614236
3779387388
1641402300
1641533324
1667166092
3814188956
3797216700
3797212589
3797271997
1660343807
1660351870
1676141846
1642587414
1633936662
1633873174
1633910038
1667322919
1667257637
1668306229
1632720661
1623359237
1623377477
1623377495
1640286071
1640288615
1665462583
1631899927
1632588054
4031665430
4031667990
4040063766
4040112950
4039981334
4089723207
4140047687
4136060373
4136059061
4136063157
4135940277
3603755191
2538401959
2500654502
2484070310
3159287446
3167155934
3168071262
3186945567
3178557247
3212111149
3061111853
3060911229
3058881621
3084309847
3050718550
3050784566
2513717030
2515808038
2507419431
2515615031
2448626951
2446529797
2446789909
2446658917
2446663525
2480222069
2480238357
2480234245
2211825413
2185610517
2181387543
2198697751
2165135190
2152685430
2152619894
2161007486
2156911486
2156255550
2172968223
2189737229
2189730845
2193924156
2185551980
2199318764
2165756140
2420543916
2428932796
2428999357
2420424381
2420423325
2416229055
2953165503
2953092862
2953174750
2969958094
2969920222
2970051454
2974233966
2982614127
2979337325
2979347541
2983685189
2446748741
2438362309
2437371093
2470778199
2470774102
2470843670
2470847750
2470847830
2480371062
2445563238
2441397615
2441397597
2441393484
2445587736
2445645096
2437268776
2470827817
2466639659
2466737707
2466650682
2454063626
2470775306
2470715146
2479170858
2206605354
2173051003
2173120731
2172932297
2173485465
2177139113
2168752041
2433195449
2433195453
2433203453
2433136857
2533795913
3070666829
3070667788
3053911340
3053901100
3054944556
3071701820
3075695132
3082908269
3049277413
3049291767
2982243799
2982362358
4056091890
4056089842
4047705282
4047648194
4047640006
4047702006
4047781750
4081348470
4081409782
4064562902
4064562902
4081120983
4081112831
4056151791
4056147951
4056018813
4055936349
4047543572
4043342868
4043805748
4043759668
4043760692
4047957300
1632598836
1640970789
1674385975
1665732383
1665860926
1665860670
1665863726
1665750078
591944718
558398478
558389263
554260511
587930941
592125245
558569276
541791788
550188653
546006637
545914463
545824718
545820622
566795742
558406878
558472414
554409182
554408158
554432749
554319212
554315116
554313580
592065132
600461949
579453567
579371614
579376974
579376462
583580746
592165962
587906122
554350666
1611307082
1611315322
1615510890
3762990698
3771377241
3771441752
3771241080
3829961256
3842544168
2768811624
2768809576
2768813672
2768887656
2936655208
2942029161
2925262201
2944066939
2875908987
2875909099
2850771946
2900902906
2900902362
2892526042
2892521818
2892719450
2892643802
2902071802
2901023226
2766739962
2817079754
2801478090
2801477067
2795184585
3063484792
2996371560
2458390572
2458394668
2189960236
2189962284
2189966396
2194151453
2194147423
2194147438
2194212974
2194212974
2211141726
2211084494
2211084366
2177579358
2169051518
2169051486
2153453902
2153478478
2161867134
2161899886
2161768959
2170075615
2172172749
2205785036
2203687884
2182716124
2182855388
2198601469
2198601711
2165046767
2177559919
2160786559
2156656735
2156517711
2160720223
2152528239
2169362799
2169493887
2169502175
2203057631
2211315167
2194669055
2194669021
2186215293
2186182527
2186182527
2203025247
2165276511
2148341599
2152535903
2152537437
2160868701
3234609533
3234675069
3226286461
3222108509
3222141391
2165308879
2198844879
2186123151
2194511255
2190316951
2190448055
2190456247
2190458358
2194324982
2194341374
2202725758
2170191230
2153397598
2153725246
2153594174
2153528634
2153528634
2153594651
2153592585
2152494937
2160875096
2160904184
2152519672
2169298424
2169306616
2169306620
2169371133
2169502205
2177825279
2211445247
2211310974
2193947758
2194003054
2186728815
2186737023
2186732893
2185608524
2202311756
3238304860
3221588349
3221658493
3490094687
3490102879
3494358751
3502550751
3498356639
3515129261
3552959661
3527859373
3523631277
3523377325
3523377661
3523374421
3527634695
3527765767
3527798023
3536188679
3267884293
3267851541
3284622640
2177785120
2161007472
2160990928
2160990912
2177768128
2177711731
2211200610
2211200562
2211192610
2168725282
2151947554
2152029458
2160425987
2156264529
2156199264
2156183008
2160369648
2160560880
2152635088
2153750208
2153642705
2204101363
2187291362
2187278946
2182945634
3256621346
3256622134
3256695926
3524078686
1380727886
1389104334
1116523726
1116511373
1116061084
1120386460
1111932317
1107737759
1107475598
3271734414
3271730318
3510805918
3519195062
3502417574
3498229415
3502476980
3494092420
3490836100
3490836372
3492999044
3509775812
4046616004
1935832148
1936028709
1944346661
1902407973
1885630781
1886417725
1895060028
1358234172
1347749429
1347880501
1347884853
1358241047
1357716486
1357847558
1357804550
1089401862
1173287174
1206358342
1181189062
1181189062
1189577431
1190647541
3329488501
3346101796
3312525860
3295748900
3295752501
3295752501
3304272183
3297973366
3314750678
3348190406
3268433286
1123111382
1123373526
1123373559
1131746805
1096103781
1079322469
1079453493
1079457557
1081545489
1148530961
1148530947
1147486467
1172816147
1172820275
1172812147
1206236530
1197838834
1197838835
1197855219
1182126583
1182226423
1198880503
1206986359
1173431927
1106327415
1089811767
1089745207
1081372726
1165291606
1173852486
1207338310
1202095571
3488063411
3471294369
3739598769
3731201936
4268857232
4264661904
3996234672
3929256928
3927090016
3927089953
3927155489
3926959905
3925927463
3925933607
3942702886
3947941742
2874199918
2874236286
2874244606
2874244606
2874220030
2882739454
2882738430
2868058622
2863888894
2863880669
2878471132
2878466892
2849041228
2822811468
2818616588
2818817340
2818821421
2818820399
2835602223
2840845103
2840845103
2840841023
2842938173
2842807167
2842778495
2842778623
2842778622
2842778622
2851166718
2851166686
2851174878
2851207646
2851203550
2849241470
2849233246
2849241439
2840686047
2840686047
2874375677
2874351037
2840792509
2842889661
2842893759
2834513303
3906169237
3901974997
3918784980
3918788948
3956406532
3931155716
3927027460
3927158548
2853353252
2853359397
2853424934
2857389878
2857467190
2924559670
2941454710
2918386038
2901608790
2830567774
2830572894
2830450014
2830450014
2830380510
3165924741
3166453124
4240185732
4244375940
4286368644
2117392788
1849015700
1846914260
773106708
773106692
773172236
639019036
639014973
639010861
639010861
639551551
638502975
793696574
793139582
793205118
801462654
801462654
801470807
725969239
725969239
726096213
700959605
700959573
700959573
700963669
700840311
692382039
688187479
688384087
688322919
692570469
676841845
676841813
676714837
676714997
693500405
693500903
700840823
700840823
700840791
700836183
675670359
675772759
675773911
675773943
675626471
692403687
692402167
700790775
700790487
700792575
700788447
696609375
696646223
730184269
730118989
717531213
704949321
704949321
705082489
705074281
721863785
721863789
692571501
692571517
693619199
693619071
693492095
693468511
693466495
693449086
693449214
676671998
676672478
945099510
953489142
949304054
411380438
1552231122
1283795650
1283796674
1283729090
3298034370
3314811586
3266692082
3266826738
3266704883
3266704867
3285513697
3243570657
3243570656
3239440880
1092022608
1125560640
1127650625
1127650321
1108849779
1108849779
1108849746
1109300290
1115591746
1140757586
1107268722
1103081586
3233673331
3237343603
3237343585
3235239265
3226859361
3226859121
3226859121
2153117299
2169894515
2178283091
2211828307
2211828467
2211836659
2213868275
2205536945
2205537969
2199215777
2199224289
2199207409
3277143505
3243586881
3251974401
3237228819
3235131443
3226808355
3226939443
3235263539
3252032595
3252032707
3252114627
3279377538
3279410578
3271020946
3270899090
3266704818
3264607666
3264607650
3268769250
3270865251
3287638323
2180343091
2180277555
3235144995
3235173667
3226785059
3310867827
3306590531
3478557121
3478557121
3461583313
3461453808
3405813728
1258403424
1258530416
1241687616
1241686596
1510187732
1526834933
2063644645
2063642085
2067836389
2034352117
1799468741
1795405508
1778627284
1778643541
3926127221
3942871653
3942732645
3946911589
3921745253
3921753461
3921884247
1803760727
2076382535
2042705238
2034246134
2034246118
2034315766
2042851798
2042777798
2042844374
2042688886
2042690934
2042690902
2042887502
2042813775
2034425295
2068045279
2068043741
2068043741
2068042421
2051142581
2067887093
2067887093
2067886565
2076194149
2076192037
2076257588
2059549701
2059539461
1522667525
1522602037
1522544757
1539338493
1505784061
1489008125
415333885
415431517
415423327
415488847
2042682639
2076235103
2051068283
2051125626
2047078906
436400602
436433370
452998638
423636334
415316334
411187567
411187469
411180301
411047181
415240452
406933781
155374357
155447671
155316595
155300339
155235827
155236771
423672227
457423281
516077953
516069761
373464192
373457024
302235792
302108832
302244001
302178467
861136354
829545954
828430706
828430642
828725266
828708950
828709111
812072421
820387764
820387476
820448916
820256404
820264628
820260580
820275940
820308565
820296519
820297559
828685622
862238822
845461606
841332854
841341046
841439479
841357559
862337525
560348117
551951061
820453077
820260597
820276981
820272759
820304759
837090167
870644071
845445495
845511031
845511031
862402901
828783061
811998165
811997893
820386501
820476631
820279927
820308582
837089894
853842806
853842294
853842294
845461622
845527158
845609175
862386373
828831940
811784644
811764180
811699189
807446887
828419366
845196582
845200438
845265974
845659190
845650998
845667351
862377047
828788750
811995406
1348862734
1348932122
1357197882
1352939050
1352947242
1352957498
3500437018
3568102922
3568170506
3723286026
3749463563
3682092827
3677902714
3677975915
3682300395
3690672345
3690467528
1541931160
1542000856
1533751544
1500194024
1495999864
1497052504
1480144155
1480160538
1484379418
1241105674
1235992906
1235997018
1273622778
1273557242
1273623019
1273754089
1542120296
1542153064
1533633080
1533638168
1529443848
1529443848
1529435912
1530484505
1530644250
1530644250
1534710618
1534628826
1543017434
1538823162
1505334202
1505330107
1505481641
1501262761
1497064953
1497064921
1497068795
1568305403
1610510587
1572851803
1576915289
1575793112
1575526872
1568190936
1568256248
1597763704
1597698424
1581183352
1581212504
2117038969
2121224953
2122139385
2147305209
1576925114
1558046106
1557782938
1557721306
1574482170
3757679738
3740902506
3735790890
3735725609
3484132920
2376839704
2364260872
2357183000
2350252924
2350256428
2220240932
2228625444
2229154100
2245923088
2281374464
2264400688
2262303521
2262315365
2262315367
2262315134
3338235998
3355013342
3346657498
3346584826
3325613242
3325680794
1111096730
1111227786
1111227274
1111228042
1115289226
1383650186
1382609818
1382609306
1382674938
1399578986
1399709995
1366090539
1366058795
342720314
351238923
1425013514
1290795274
1282002202
1298777370
1333444874
1314570506
1583001866
1587126570
1519952747
1519969128
1519969640
1541007720
1494927864
1494927816
1497025992
1480181192
1484313033
2027541466
2027680762
1490772971
1490772459
1490642411
1490576875
1490641385
1490772393
1490809785
1507574681
1507447705
1574495161
3755532713
3755602345
3757741497
3757749753
3623525689
2549726521
2549656889
2549933337
2547905819
2480324891
2547401514
2245396266
2245396458
2220820410
2354003898
2354003866
2370781082
2379954075
2379823051
2346219338
2337822522
2339952174
2335760942
2335761214
2340021054
2346361118
2342170655
2342162637
2342224268
2346223036
2333641704
3677932520
3644574696
3644513128
3627706744
3629788489
3638113739
1482363339
1478099339
1494751147
1498949033
1507339693
1507423485
1509520637
1509487839
1501098063
1547300943
1562371423
1566484335
1598469741
1606934141
1590025821
1589960477
1606704925
1606880029
1564871485
1565461309
1565069100
1598756732
1590391292
1523183804
1523097788
1514709181
1514710173
1524147614
1509529502
1491767950
3630863054
3697979994
3697967658
4234729002
4252561194
4252821803
4282218539
4148123707
4148037643
4152232011
4118676683
1979580553
1442717849
1442722201
1423782315
1423713195
1423451819
3705157353
1557684088
1557716764
1559822092
1559865100
1558816268
1558767116
3454592575
3404723758
3396263278
3392588910
3389476078
3389279438
3393479758
3402096718
3431395535
3432944076
3434775004
3706291900
3693649580
3693645484
3694702252
3726159581
3730550607
3740972095
4277063727
4134354990
4151132218
4112908314
4230877563
4231931627
3699322539
3697031833
3705408137
3570928024
3583524248
3585815704
3590008968
3589091768
3320668651
3303924094
3571818814
3563566398
3563559230
3575941406
3529816334
3529878798
3538334733
3530457116
2452521004
2451161132
2450014316
2433369340
2420774908
2429173484
2426027629
2428073599
2428007006
2428002942
2432459502
2419852270
2436841886
3510519183
3544111261
4062050461
4074547355
4073499018
3805121946
3796534714
3793653978
3812536394
3777994762
3760513083
4045692975
4079297837
4129701679
4133895727
4143322663
4139062871
4139004615
4139590599
3619644879
3569284559
3573472719
3573272527
3564752863
3564756958
2489903087
2491213679
3028084591
3036542831
3028121471
3028252671
3045029887
3045031935
3078577663
3078452735
3078452735
3078484471
3078476279
4118663510
4118597974
4101825878
4101826391
4102023007
4118732095
4118727997
4152282173
4135406621
4152171541
4114365461
1950104597
1954493813
1953896421
1962284727
1962087091
1959858833
1439773313
1456563073
1455547265
1447097297
1448145719
1450229542
1457634086
1474672934
1441257494
1416615942
3564108814
3565016270
3570385311
3587163071
3620721319
3603948197
3595428789
3613172567
4116558135
4102010135
4100898583
4100897557
4100963893
4117225013
3577038356
3576959508
3558085460
3558146533
3042378981
3080670439
3063924947
3063921731
4137659715
4143949059
4152271617
4152334081
3846014256
3843857696
3843861536
2770185248
2938097904
2921251060
2921218277
2923364839
2944205742
2909606570
2900704938
2896444074
2896452266
2896984762
2897017499
2952587977
2923292360
2920637000
2920554824
2922651752
2925801704
2800026856
2812415144
2779921596
2710711708
2979475388
2962493148
2966687325
2424051246
2418812462
2423007038
2423004190
2427001886
2494512158
3585874958
3315337230
3318533198
3427765454
3427706054
3423511751
1275896965
1209308292
1209503105
1208401345
1258729411
1246146371
1254534978
1250856770
1519292243
1524342627
1524219745
3663306225
3665401041
3665401072
3659117808
3659265137
3676042259
3644486674
3631895858
3640282662
3099282982
3099096614
3099125302
3113787927
3113853517
3120149068
3094906492
3157823084
3174599404
3174738924
4231719084
4230601892
3962060933
4230611077
4096409735
4101652647
4126827943
4160367011
4142606723
4142476163
4134013587
4142405283
4139262695
4139262503
4143473181
4150846009
3043533609
3832257832
3832199192
3840587784
3836262408
3837302872
3838348424
2772992137
2768814267
2769993898
2889760938
2888708846
2888709734
3899538962
3900653058
3908840962
3904383250
3954718754
3938061315
4205448195
4205712449
4202575041
2048680929
2047632035
2047633127
2051829191
2060217543
2059992279
2060123383
2060123351
2076890591
2044367247
2027655567
2019135631
2019078301
2018047165
2034824365
2034990509
2035974121
2035948137
2035948089
2019233307
2021334539
2021209611
2021208585
2029531961
2029531433
2029532217
2044208216
970483160
994600344
994735513
994997641
2077119896
2077054392
1540111784
1506622952
1506768376
1506768216
1502311192
1503392523
1536815898
1536807722
1608053034
1598588202
1594477610
1561036874
1594599690
1595649290
2111501579
2107299080
2107298632
2111558136
2098778600
2097725928
2131349992
2131326968
2135513048
2110479736
1569422696
1573481832
1556704632
1548313944
1548448728
1556804488
1552675736
1418442651
1435221402
1468635562
1447860394
1376553134
1376619662
1376691342
1377755278
1916690574
1915642031
1915560173
1936666733
1903038765
1886262045
1357861391
1353045519
1352990238
1424271902
1424271902
1416411710
3563884350
3615458654
3606741455
3606741965
3606755276
3606753276
2540416748
3043553260
3043557356
3043547133
3043578333
3212530173
3212530157
3212792165
3221189941
3187500821
3186976528
3161810736
3161585457
3161585457
3159619443
3159479251
3176256466
3175150546
3175216114
3159486946
3176224226
3176224114
3172040018
3172203602
4285717586
4285717575
4294179911
4292080711
4292047175
4283658519
4283503415
4283511599
2102473519
2102473005
4233106477
4241774637
4240824381
4240963789
4236687564
4253460876
4292249228
4267033228
4264903324
4264886956
4269093549
4143194542
4142932142
4159714470
4126409910
3581361350
3581373509
3581373700
3581372164
3580311044
3353744900
3349565980
2275857215
2275722558
2544157998
2527374382
2523171882
2536344942
2536411102
2503905166
2503976847
2503780301
2503771612
3577661428
3745445620
3745440372
4282278513
4286534193
4284314417
4250727763
4250723671
4258786375
4292279495
4292320471
4258569703
3176502631
3176649525
3177108244
3177169684
3177018172
3176998716
3177000748
3210680620
2547976556
2547849725
2545890751
2512335290
2512126378
2495365546
2515321066
2506929402
2536484314
2537467854
2535435982
3004999374
3003942486
4111319670
4111352382
4112389423
4116587565
4127073341
4159380509
3220902941
3204133949
4275647533
3737678105
3737669899
3716694285
3699925261
3700023581
3701137711
3701122351
3170536301
3162147693
3162147789
3190471309
3190463117
3056176844
3056370396
3056390892
3056362221
3056411630
3077382638
3085369454
3047621734
2981047350
2980981782
2444114950
3501079558
3500817415
3517475852
3282627852
2263387948
2251853548
2182844076
3524826812
3523793596
3540538044
3498988188
3498979741
3498451118
3566544046
3562286250
3574610090
3591596250
3591825418
1444916238
1467528206
1441308686
1441374478
1554686222
1554682125
3706361820
3693858748
3627801268
3627776676
3627973348
2556328820
3654770452
3650404628
2576675092
2576654612
2677907509
2680135782
2675740902
2671297702
3745041830
3743050646
3725208194
3729468994
1590372098
1473934098
2011091202
4160651269
4127175684
4060055556
4059990084
4049504388
4078471300
4077440164
4077404845
4043903661
4027200169
4032701097
4038927083
2964071403
2964073595
2964068442
2427242570
3506350154
3558713354
3558836234
3575548938
3604905994
3606757498
3605717242
3593101499
4130009261
3056259756
3052074668
3031035564
4105743036
4109937292
4096306824
2972489464
3006059116
3005604461
2741170223
3823292462
3001204782
3068511294
3068652558
3068585998
4142327822
4134463518
4285454382
4251961390
3162164238
3170554886
3170824198
3162489095
3162493731
3161977699
3161846369
3176493809
3210045137
3201656784
3201562352
3201552112
3201814224
3061305025
3044396743
3027627767
3028152054
3028272862
3028076510
3044865526
3044861174
3078485223
3078411495
3042833655
3051353559
3051255765
3051255412
3042932340
3028123508
3028057876
3028106516
3026007316
3051173172
3051173156
2510106981
2543669623
2543670646
2547801206
2480725094
2472396902
2472401238
2472508166
2438868486
2438870535
2434741781
2434610724
2437691172
2437689380
2446065701
2446135319
2446274566
2173509638
2173485318
2156709694
2223803182
2223606118
2492172774
2630531318
2630592910
2571872655
2606401421
2587538061
2587550341
2654659236
3191464868
3191402916
3212369316
2809781172
2807688068
3877235332
3844057732
3827218321
3827208673
3766452257
3764699191
3781226551
3810583591
3793911079
2724616998
2733005606
3068545590
3069659654
3067432455
3083108167
3050067797
3033354580
3030274324
3030274356
3034412836
3025942388
3021744084
3038586869
3072206247
4283302326
4291756438
4291629462
4253815238
4259066334
3705410942
3699325242
3699255674
3706660986
3724503258
3753834698
3753301195
3753152719
2660536415
2664726571
2656346154
2652349486
2654465134
2652302846
2656464870
2547924903
2543716021
2509833885
2245549789
2505627452
2507720492
2506721085
2515052341
2510922549
2511054613
2515506773
2506919671
2503773861
3038547621
3038699173
3040798423
3040765895
3028166471
3028096375
3028039015
3027842087
3035173943
3036355671
3036249173
3220827333
3204181189
4277853381
4275801541
4267283957
4267554277
4267565543
4267565175
4280275303
4148121895
4114502951
4236191543
4236062519
4244454999
4244586051
3705540162
3705606098
3705411570
3722196470
3739038150
3730772422
1583284550
1583157622
1599938862
1570578735
1553853755
1555867929
1555872025
1551677789
3694959053
3709834637
3726545805
3730736077
3739124701
3730740205
3598639461
3598640485
3615487333
2508158309
3045020021
3581870405
3716034887
3581879127
3581752182
3581753078
3579788022
3579788286
3588045726
3621271950
3600317598
3602698431
3602682061
3602690140
3615273012
3577590052
3559830052
3559829028
3564039696
2491349505
2625526531
2638024531
2638026738
2640253410
2648641954
2644316598
3718066582
3751097734
3755302358
3746946535
3746889063
3746868535
3730615559
3732727559
3728516918
3745157670
3745174310
2671433526
2675557686
2650292502
2512077590
3585766150
3585745685
3590001460
3304850228
3294363924
3294433564
3294508044
3290326108
3695176956
3558124760
3574897096
3579087240
3612642233
3621035691
3738547903
3730285199
4267631311
4198396383
4198375534
4198441006
2071928878
2071606335
2046432351
1488655837
1555635615
1559789471
1551433623
475592071
488153479
492417222
500871239
1576972293
1576988932
1551287044
1417070132
1549114916
3696532012
3721697901
3755249359
3753152463
3740583390
3740651774
3732828414
3749585134
3749585134
3716096495
3707712507
3707439083
3698933609
3715690297
3749236509
2138613005
2121834761
2130223369
2124149001
1473957915
1432010795
1427784747
1411021870
1545156670
1545083142
1544047366
1556827766
1569375958
1602929350
1520091846
1524253639
1526354887
1518008291
1543104483
1509484515
1509450723
2021188583
2019092439
2035937143
2035937127
2068572471
2068577557
2069617925
2069552404
2069519700
2065325524
2065251796
2069380596
2068331940
2077046692
2039363559
2038829686
2038895158
2021979942
2026175782
2017765414
2013566998
2030352390
956808263
957267141
957265093
688821461
688911523
1762522531
1762656163
1762573987
1800314547
1858768533
4006186645
4006131333
3998787269
3996689941
4012441141
3979050535
3962444327
3962506023
3966569767
3974630439
3974632499
3904442579
3904581827
4189791427
4222166209
2074827985
2057993281
1521155075
3672833091
3672763730
3672696178
3682132322
3682194406
3665543670
3732652534
3732533686
3732530615
3738889365
3755662476
3747531916
3747569036
3613357516
3598275036
3605877116
3337441576
3337426217
3354334523
3345882395
2238668062
2230156574
2230187806
2359678750
2359674654
2359789342
2363983638
2365044502
2356455287
2352260455
2369565669
2369688565
2671678404
2671695556
2659186388
2550136820
2550005748
2549939684
2516385252
2507988069
2508049511
2541704310
2541708406
2524914742
2533237046
2533298982
2532114982
2532053542
2531800630
2548573726
2548580110
2682789134
2414349647
2405960975
2406043423
2372558363
2380955163
2246798875
2229894939
2246595899
2246577531
2238193115
2238258395
2238258427
2246777067
2246785258
2246646010
2246655450
2246655322
2238280990
2238305567
2406077727
2414458143
2414454045
2330574621
2330566428
2338967068
3412838924
3374979596
3374988044
3375053116
1210656808
1210591272
1479027752
405285896
422061128
422077768
422180312
422182392
455867832
455850425
460044731
460044698
460046234
460046234
468434874
1005172666
1000977851
1001108987
1001104425
1005298729
963355689
959165481
959167549
959101212
959093020
690670428
691720188
691731933
763033053
763032781
1845146829
1845204415
1845073327
1828238831
1836629999
3984178943
3982212702
4015758878
4015758911
4011562559
2937828911
2906366511
2906386991
2889470527
2889404991
2889372526
2893563374
2910389502
2918925499
2918861979
2914671771
2914676171
2914643401
2914642265
2918840633
2918817561
2809765401
2810025481
2789200409
2789200441
2789208617
2789012013
2809971245
2809971565
2809971707
2810036731
2810172923
2810182139
2810051067
2818431483
2818431323
2785017179
2784944393
2776556297
2776621849
2776462185
2776453993
2776456697
2793241081
2793232889
2799519993
2799556697
2799686729
2799628297
2799624457
2757681437
2757681757
2755585743
2759745247
2758559406
2766931878
2766930351
2784760253
2817925533
2817991836
2817797308
2947819692
3182889148
3182827669
3031837893
3031837895
3029478598
3025284118
2500996407
3608288567
3608296711
3591580935
3595642134
3604029494
3598790710
3598913590
3598995622
3263485094
1116522678
1116522910
1120491935
3255777679
1125001614
1074670990
1075209614
1081533902
1420133726
1420067887
1420076076
1470407724
1457828924
1982305340
1982301244
1982303292
2000129084
1966247228
4113731365
4117937957
3990011703
3989892887
4015320343
4015498550
4023817526
4024354086
4016031094
2941908342
2937711958
2904161591
2893765669
2894023733
2768110852
3032355652
3032289876
3032232676
3032232676
3036426988
3028038380
3028027369
3040824697
3044984857
3086924040
3086330121
3065817865
3086794443
3076293259
3038560923
3021828779
3021873835
3023970729
3028104361
3049016553
3081620521
3064978443
3064833290
3064767246
3001852446
2989290030
2989246254
3006202926
2973375550
2977578046
2960854070
2692355095
2759487493
3833225477
3839549956
4106805836
4098418428
1812466412
1829243565
1862797999
1846155695
2118793391
4203359391
4204471439
2056790159
2056806541
2077811133
1509614525
1509684223
3631773566
3632021310
3632216878
3648944430
3722377518
2677983518
2677918990
2526860557
2525803932
2525553592
2546528936
2437433000
2433287848
2433418921
2437563817
2437661803
2434321451
2419640331
2422782219
2431232271
2158733581
2176564268
2176551980
2245887020
2504901676
2500756780
2504951588
2546906740
2542708436
2542773973
3051136662
3042754214
3038547622
3023866542
3023997614
2755574446
2776558270
2785013398
2818565766
2810177158
2771379862
2771179238
2704068582
2707742198
2741337558
2741382358
2720411030
2720414102
3798079639
3798087863
3890297015
3886030006
3852670166
3852604502
4104283142
4104186883
3030691072
3030690048
3030694192
3035085104
3039215152
3206985264
3195961888
3202269732
3202216695
3059510950
3055299238
3057404070
3057387694
3057588374
3072212102
3076400262
3051234438
3588107462
3722325494
3722260470
3722197974
3716955590
1552356694
1553400119
1553137972
1559253804
1546711868
1545634588
1563468552
1594925576
1593880072
1593948888
1564711608
1422113449
1422375850
3569733038
3570778302
3570856126
3494306047
3512131645
3547787293
3529964804
2456267012
2456140565
2464529190
2531630886
2533197670
2549974014
2675884686
2675884678
2675888774
2675857110
2671540198
3208410471
3174851943
3179044991
3170820173
3164528909
3164402460
3164402233
3167543865
3159122489
3155113513
3156089641
3156150585
4234102809
3697170441
3707467785
1605961737
1588085773
1458126863
1181433919
1177186343
3593134135
3593138179
3576332627
3563757281
3568016081
4104751745
4104752769
4238972551
3186406039
3207377574
3190618022
2922151334
2922151086
2909699214
2919132558
2919198094
2918475230
2916377950
2908053790
2908037398
3981779222
4250214455
4233433133
4241952812
4237766700
4254481468
4258691084
4259301452
4292643020
4271671501
4270622863
4274959503
4133396879
4129207197
4145992365
4112413357
4095353517
4095420069
4101512615
4109896871
4093117671
4072345715
4072288259
1928945669
1928912901
1920507917
1936366605
1886050319
1953159950
1953139278
4109077166
4109147822
4109153966
3849110430
3849896863
4126864109
4124762860
4107952748
4099482172
4099416604
4095227516
4095221103
4099479662
4107864302
4106176670
4106157198
3590251662
3614359694
3597566350
3597566879
3605959597
4134512109
4151094637
4134317349
4134382901
4134509829
3866068229
3866071047
3861880887
3861880871
3878613029
2805907492
2805875508
2805859964
2810124012
2810003180
2818326253
2811772606
2778215838
2778223774
3082306814
3082540270
3082478846
3086673230
3078285134
3074389581
3074246492
3040696172
3044898796
3027989996
3170588028
3170455676
4260974652
4260982812
4252721160
4248526856
2084142089
2081970201
2098813241
2098915629
2145036591
2126155039
1723629583
1996259343
1982562511
1982496973
1999286516
3844780452
3829061348
3833420516
2768009964
2768005756
2768054892
2768059964
3036426845
3036426846
3032232702
3031200230
3031192742
3032272038
3032272114
3036609730
3042880706
3042878786
3072255490
3055546898
3055084066
3055153762
3059466594
3067692514
3067632870
3201850518
3202051207
3193597317
2807756244
2807678972
2807613436
2774071260
2774067164
2757355516
2757486588
2757722108
2774499037
2774294361
3042729849
3084715823
3084846399
3084588319
3067835659
3068097627
3067991163
3068001403
3066952799
3201285215
3201209421
3209663565
3171394637
2886118429
2887163677
2891353661
2891353636
2891025956
2890970661
2907759221
2937123557
2920338407
2920305063
2920288422
2924549286
2933005486
2933000382
2796685502
2796685534
2800957638
2809212103
3044158535
3035767813
4109501713
4105241872
4105189136
4109444656
4109581857
3572698673
3564576273
3564584449
3562352195
3562290771
3561229939
3561246065
3578098737
3621184529
3604411393
3604403265
3604452417
3603281107
3594837475
3590639075
3590639075
4131905506
4131815154
4064685778
4081532626
4089724914
4089720166
4056688998
1909270551
1944009735
1406997511
1398620183
1918881813
1917755413
1917690197
1934403572
1934397172
1934396092
1934396060
1900452493
1963383181
1967581325
4149110959
4148963495
4280036525
4284294573
4267602877
4292793053
4255023629
3988424205
3970469437
3970740005
3974933549
3983319087
4012896299
4012822587
3946725402
3946710122
3911064042
3898477290
1759382234
1754991306
1754808010
1750607562
2014061514
2014122490
1481507822
1485177574
3632674518
3632344774
3632294598
3649104598
3686841335
3737296839
3733100165
3598878340
3604251300
3595870884
3608470180
3507774124
4044648876
4044832940
4044570792
4051059944
4058405897
4058441739
1910827018
1894541338
1886157114
4029635386
3492681278
3492676222
3496870494
3556639246
3537699342
3600568863
3602670397
3602703661
3601656872
3732531240
3745167400
3745155336
3745157065
3711680137
3715692171
3707291290
3707328186
3707465390
3699011558
3699012898
3699037474
3698053154
3739856913
2666438656
2658054144
2653848832
2653849344
2654909968
2652807776
3185435360
3164136164
3164133039
2895695550
2899901102
2891500462
2887306158
2889407422
2889514382
2889772430
2772313487
2776576188
2776576172
2818519212
2914988476
3183423965
3183425373
3183222047
3052154158
4117507118
4150877230
4142617662
3605681166
3605677062
3605677063
3597362183
1466557461
3576689685
3577738263
4097752327
4099841303
3831402359
3839790711
3839856343
3833115221
3844649525
3844637205
3844788741
3828228711
2754553319
2758555879
2762737894
3031369910
4155390086
4139656326
4139655303
3606999175
3607052453
3606966693
3606898149
3623675749
3623679756
3615282700
3614307869
3613779485
3613912895
3613842727
4117220647
4118267222
4250260934
4246073798
4245156862
4249277183
4282897151
4282675967
4282671742
4282673006
4292181294
4292332586
4260744250
4260744458
4235586826
4233357067
4233361183
3159611229
3159479165
3158366189
3158374381
3175175853
3208857239
3208796038
3208782742
3218301366
3218108646
3184541926
3184579695
3176260639
3184651277
3184651549
3083987743
3084058127
3075628623
4149350094
2471694014
2437940910
2446337454
2446401710
2983276734
2983219390
2983252222
2446372926
2442170654
2444277259
2447486473
2439032345
2468396601
2468859417
3072771641
3076970345
3085390313
3219472729
3219476825
3211092249
3211224089
3177702425
3160931609
3160800601
3160800731
3026714075
3044537739
3052795289
3077882297
3075797945
3071796217
3071734776
2975232872
2977396520
2985653544
2985639208
2984578360
2985233720
2986284060
2986292252
4057805852
4049409084
4048491580
4048426044
3511620628
3519878260
3519808628
3553102964
1405619285
1405967431
1389222982
1389223238
3532651902
3268410734
3268411246
3268409198
3260012414
3260020574
3259889246
3285055182
3285178318
2211370974
2211381214
2211315166
3286063583
3277675001
3277805913
3514726728
3514760264
3565155416
3565024376
1952298360
1948104696
1678622424
1678548600
1678548584
1627954728
1695137320
1695264296
1678487080
1678356009
1678306873
1695084089
1695149611
