661501365
644726709
1718468533
1717942709
1713748407
1713748401
4129684913
4280712609
4247142373
3169202151
3164999254
3165068806
2628594182
3703319302
3703318870
3719834854
3753389222
3753390263
3719835780
1577001092
1568629124
1561711092
1561691428
1563860276
1429712148
1429253397
355841310
1433908238
1431811102
1440593198
1439534446
1473089023
1464765901
1464790469
1473179076
3621711348
3604989348
3596408228
3596476885
3596538325
3596538711
3596612151
3598571063
3598505782
3598513462
3598497078
3615339575
4152268087
4116616469
4099851541
4099573189
4099638724
4099528116
4099531956
4097568180
4047203733
4051402677
4084801447
1928929190
1928861110
1928860854
1919431926
1919493238
1995058454
1995144982
921533207
921464631
1047325975
1047327765
1044247557
1044313111
975098903
996051991
962563095
693995543
692959287
688695335
722249839
722315375
688842879
688834687
694077823
676841855
678939007
678807927
678812023
693500279
693496311
693496295
693501415
695684599
695685047
704073623
703553431
703422391
704479159
704475061
687697589
687697621
687566549
683376343
951811799
2025422551
2096656087
2096654037
2086168213
2086237079
2086228887
2094618551
4242110391
4242110391
4242108342
3705241303
3705364183
3701165783
3707328085
3707266645
3706222101
3723056661
3714675509
3715723573
3715719479
3715723543
3715757335
3715757367
3715759479
3715759479
3757702519
3755734487
3755726279
3755689414
3613083094
3621605798
3623711143
3623711223
3590157797
3590092261
3564926804
3564992340
3564627796
3562399508
3579179284
3621638420
3617575189
3600761175
3621474678
3615052262
3308786158
3308787630
3292084159
3296274317
3587780552
3587796936
3621739864
3335996696
3335865113
3337679643
3337679674
3354522410
3480342890
3747075434
3746946154
3746887738
1599470602
1565910282
1559617802
1551880202
1551614010
1480228906
2017113150
2017115454
2017049214
2033762047
1781114509
1781170828
1848279693
1848345245
3996893868
3862516396
3862439660
3883413484
3857202664
3886550264
3802928201
1659638987
1659830474
1660834234
1660839594
1677620906
1945898650
1937521546
1902918095
1366038868
1374575924
1370412320
3517370672
3517292848
3517227280
3555106816
3555102720
3547238401
3576594435
3576397875
4113297698
4113265958
4117506862
4117506858
3857464170
3891071994
3887472538
3874829707
1725194379
1716809867
1711653275
1711726251
1715912363
1715904235
1734133451
2000478923
1999430347
1999495547
1970171950
4126037038
4156427326
4156501015
4156367909
3619628069
3621650484
3621732820
3587002820
3569702276
3569835909
3569875861
3569707749
3569380325
2227208037
2504252689
2504193281
2538795281
2547233073
3600003362
4136870242
3061940710
3066331382
3054797022
4145381630
4114454010
3829389050
3829300987
3829296891
3829362425
3833360121
3835455483
3851711706
3851736282
3851875530
3856032970
3847644362
4113978586
4147528955
4151772411
4151657579
3891615081
3887428905
1706518297
1639408909
1912038671
1884648479
1880440879
1880883247
1896681837
1628320637
1699623805
634205048
1976312632
1959535880
1959532808
1414466056
1422269032
1439050472
3583453896
3583006344
3316662920
3316695496
3316826616
3316834793
3320996713
3320914475
3346076218
3329372986
3329372986
3329429818
3329233178
1179660298
1179669786
1195463994
1157889402
1157742074
1157674442
1157666186
1142195594
1148487050
1425507738
1425454522
1417062314
1412868074
1412866554
1429512650
1433698635
1433829709
1433854333
1434378605
1417635181
1432186215
1432186343
1432321527
1465867734
1465865670
1442697671
1442693591
3588084215
3588092391
3588022759
3588089829
3621779317
3604936529
3596547649
3598677841
3614799713
3614733665
3581244769
3589633489
3587659217
3587659217
3612825073
3612827121
1448574449
1448345041
1456731601
1456731633
1473361393
2010165730
2010161382
2001772774
1983943910
1979745526
1979942110
1997796606
1964172798
1964140398
1968338734
1959986751
1959794461
1890598684
1894792988
1895120668
1895186204
1911955212
1909919517
1934890781
1934890271
1918136639
1917317423
1984295711
1984214541
2009368141
1439019639
1422234359
1413862111
1413862399
1413862382
1564889578
1598432746
1606888955
1606756443
1590130777
1591105561
1583302665
1602018313
1564267785
1547617033
473879353
494854971
494793023
528273727
524075310
507298094
528400702
528401758
536793086
536731070
536663483
536671387
528241801
511513737
511579272
510530968
518944744
518878760
518841896
401401624
359441673
493789451
477016330
477004122
1546486778
1551729578
2088732586
2088751083
2088623595
2104292841
2137810793
2137875321
2145874809
2079748601
2077696505
2077499625
1497637099
1480859899
1481012571
1482055450
1557584410
1557645851
1574210395
1591519707
1583131851
1585221833
2118090893
2118042044
2134819820
2104390252
2087662373
1550594869
1550590271
1550590270
1559048478
1559107354
1554909818
1571441403
1572461305
1605942216
1593355720
1583922504
1579713864
1579848568
1579852395
1579869034
1596711918
1563116014
1568276974
3715760366
3724157407
3724223965
3707465693
3720052477
3720206041
3720140505
3720147865
3724337561
3757893051
3747374571
3747571179
3747505515
3747561786
1601978634
1602015242
1602084890
1568383034
1564189754
2101001226
2100987979
1970964957
2004520348
2004518284
1983611276
1982714252
1982812604
1982739436
1982735341
1986995183
1995387246
1470955902
1437143322
1420375306
1420377354
346631946
350775866
350874235
351005323
392814475
304661897
304660873
306037177
306102696
863953320
838853032
833409448
837083560
837051816
1902389241
1365585755
1348869946
1348865834
3496285998
3496834862
3501060926
3500978702
2426974734
2426977822
2427230782
2427239022
2435623535
2452130415
2452262407
2972354051
2955604480
2960057120
2695688480
2695688224
2699677745
2960769121
2971320403
4078831042
4078833090
4045285762
4047317154
4126943394
1975265442
1992165511
1992179076
1991123332
1458315652
376185252
371466404
908337316
891560164
891695476
904286988
899858952
899736073
903933467
878750267
807447098
807508794
820217882
1889569802
1889845258
1906622538
1944994249
1986949496
1983800104
1983783784
1983264760
1448352744
1473513898
1468275130
1434466698
1434527114
1421943178
1422209418
1419071626
1421840554
1438627241
3585978280
3556556680
3547901576
1396280968
1395297932
1395302060
1395375852
1915545325
4063033079
4079915334
4050563074
4042163234
4037903650
4042046978
4029476354
4029373954
4046083586
4146730498
2808743202
2812806178
2948089058
2912474279
2894652549
3167347340
4245250700
4278937228
4280161948
4246611116
4259128492
4239656164
2092237020
1957036108
1962287116
1433821452
1427563037
1461642763
1998507786
1998489914
1969072426
2111613290
1975300058
2008596107
939378313
1987527304
1982923432
1982931880
2117206185
2117214383
2129798382
2125473006
2008032510
1471161822
1437622494
1437724874
1437778398
1438041583
1437919215
1442099181
1467326189
3610484733
3610484063
3610418511
3543319823
3543389246
3543265326
3547525182
3522359326
3522342934
3518217511
3522534183
3522476583
3556018743
3556609621
2474557125
2535384775
2534864582
2534858438
2671168839
2675149863
3203439655
3199511591
3199509820
2931073804
2931729948
2935731756
2927134444
3157837484
3156944548
3156879077
3156879046
3156878934
3160940774
3030914278
3030910134
4104785030
3567917190
3585747079
3585665212
3610818716
3594041484
4130975176
4131303176
1715382024
1647224600
1647154988
1647085359
1647100202
1647137066
1663435822
1614154786
1614161954
3774822434
3770423329
3770431760
4038885120
4039004672
4043178496
3514696384
3513647744
3551330976
3551271843
3552323746
3550226594
3549182134
3528210566
1376663686
1444291718
1446404238
388489294
354738478
338010414
338532158
342668862
351059503
346593839
1420332575
1416142599
1416209735
1412150615
1950265687
4101944583
4118189847
4117139237
4049775157
4083333637
4079390213
4062496273
4079227509
4083429989
4091810277
4054062309
1638141157
1642335461
1931876485
1931881605
845292677
853685637
850395525
915407757
915407757
401692639
368177131
368110443
359725867
494008635
494001435
527695131
535950619
535919931
519142699
527531307
527531327
491937119
491945823
491943805
475103229
491806717
491839485
491847167
525467007
525464959
525598207
525598207
525598207
525598175
525589983
492002783
492010975
491945951
483621855
349436895
351403007
351337343
368180607
393346399
393459023
376698335
376567295
376567279
376468973
391198205
391323133
357703165
368213373
351500157
351400733
502395660
485618440
485618440
485596440
485546296
485538089
485603627
1022475066
1020444426
1012044554
995328266
2046853338
2046861546
2046861550
2046877862
990065846
2013402518
2084708006
2088902311
2089946855
2091911911
2090871447
2146463687
1584594375
1582429639
1591014855
517236199
508831205
1047606636
1060257132
1059200364
1025646444
1030823884
1064308684
1053831116
1053830621
1053834413
1070693613
533888255
533888463
502484303
494006647
535949622
535949622
535933246
493990202
477204794
477214522
477346586
477281034
477281034
208911130
202488138
202635594
253152714
1174798554
106307834
1453207854
1453216062
1453245244
1472185124
1438425892
1413001060
1411947492
1412991988
354073492
354332548
335971264
339902915
339915011
349364499
349298979
349236519
399534375
391588615
357968643
336989955
337511731
276304162
282603811
9974051
10015521
14349825
24816128
54176448
36276624
40405153
318277793
318295217
310198401
305528963
304484755
308679075
317075875
312812003
849355107
853549411
853549845
870368021
938590765
361873961
882086425
1016311307
1020504586
1022605882
2096216634
2110896954
2144452362
2127925514
1851621643
1846513945
1847570744
1847238952
1864033772
1696233388
1679427260
1612320413
1612648079
1614221198
1618283934
1621362863
1638159535
1638199445
1671602245
1671471365
1654956581
1650501413
1646575393
1713872675
1713817139
1713767955
1731593747
1698039523
1819352995
1827675555
1823475879
1823475878
1821392054
1016081542
1032858759
529541327
517077503
382991871
382991829
382991837
399635933
122746365
89259517
85196285
85130751
89325022
91479518
91354590
82899326
82899326
78762367
78889305
78893337
83092792
74540392
70352248
70475608
120788809
103946057
108152651
116544842
116552986
116618522
1173386522
1148220730
1148222762
1148222778
1152466202
3299941658
3316768058
3350443818
3333601066
3333591914
3467936683
3464266680
3732439992
3732714152
4279543468
3976507052
3976303292
1829999356
1695724140
1681040172
1681056040
1680957481
1697714235
1697848379
1699878971
1708267817
1704089961
1704085960
1620200840
1888601992
1895122824
1882523289
1882666685
1882668719
829894318
870786990
849682614
849412230
849559750
853798998
845258806
840998958
589342767
539011373
1612888620
1617074796
3773991516
3774054924
3782246925
3777020431
3038786094
3022004782
3026265646
3034724654
3030452270
3030386734
2493515806
2494000142
2493948935
3047662596
3051652164
3179056580
4248615860
4263291556
3994991232
3995006592
1846956672
1846674080
1848644515
1718624738
1721771110
1721773094
649076750
649076750
653271055
645017663
626143275
609366041
608310537
885131801
881019449
931256889
914463307
377600714
1455472074
1448116426
1446019226
1983348906
4108755114
4037452203
4037444013
4037379060
4041528308
4032881252
4028654116
4028899884
4112986668
3845591593
3761509947
3759417882
3763616058
1624508474
1621022794
1623128138
1908317258
1941935178
1996267530
1983684618
1715314746
3860766766
3860771118
3994980974
3994993247
3984507607
3975594741
3908391604
3897831840
3897828577
3893372133
3897570533
3922879589
1787977733
1788027143
1786847237
1799364620
1744838668
1745042792
1749162984
1757547176
746789513
763439753
780152459
784360330
776008074
771784859
792821931
1876132331
1859233641
1859232553
1861460745
1868673545
1864413707
1814165019
1680079402
3827464751
3848428335
3853928749
2947828805
2952544452
2919039172
4261282180
4240335540
3971900065
3988218531
4021568162
4006626210
3994075554
3994079398
3994087654
4262487166
4264567838
4264569866
4264700938
4268898314
3740408090
3736209722
3585280826
3568507418
3568713226
3567665870
3433939597
3434644124
3438838444
3445401516
1595195300
1594153632
1595022000
487733952
489828032
489828192
493890912
498085217
498153539
529676354
261232962
261315010
267450866
267452386
263258082
1337063394
1303565682
1303549266
1286771971
1152562435
1156693269
1156627764
1152432948
1420868412
3568613996
4118059628
4128541420
4129131196
4128156300
3859721933
1711734525
1712785149
1714685631
1697649310
1680024486
1684156583
1689388199
1689322661
883958917
882910337
882942148
882942020
883142917
883077383
883078415
350460206
1411431206
1428265510
1461901830
1445091846
1445075462
1445070342
1584530246
1588724214
514994406
515056867
531639489
231745728
219162864
135478512
135405008
206722000
215143409
214991585
214999651
231777058
265335090
265532690
265533718
261224758
227670327
1305622839
1305622871
1297227255
1297221557
1297155005
1329615517
264295069
264292053
264275957
239250789
504603943
1595122738
1544795138
1546884098
1546894338
4231174418
4231174450
4096965619
4096964561
4147286656
3866526336
2800206496
2800079588
2800021092
2791631404
2787437357
2787420975
2791811391
3865509130
3882205514
3849666762
3828752638
3828490494
3828490422
3844224166
3890287782
3886025895
3887099317
3887459293
3853884236
3837041164
3829180932
3828656900
3828657413
3827803413
3827757093
3827482917
3844227877
4016259629
4008927805
4004730397
4021362239
3991935839
3983550666
1819289786
1815087274
1815218366
1819413662
699532430
699532174
697328271
730915791
730916167
735110151
695333959
691137623
691235943
674389991
678584039
680709863
680709879
680643139
684784451
674295043
674295043
691205411
695391523
737330467
735167795
709948674
709944658
1779694962
1783824354
1808981986
1876021218
1870695826
1841343875
1842390403
1834198993
3981621201
3977418481
3843217137
3845381861
3848404967
3848527207
3848523127
3848523095
3848520775
1734603799
1734468663
1734464567
1717697557
1717828669
1717828653
1717816365
1734597949
1868821821
761386301
761386815
761394991
761382703
1868678443
1877066043
1869733915
1868686363
1868817785
1868812281
1868812025
1868680891
1868652187
1869706907
1869637275
4017121211
4024466875
4024458427
1877171451
1877114203
1843555595
1843620875
1835131915
1700881467
1735611499
1735594171
1718825119
1718825407
1718760383
1735590590
1710424766
1693654686
1689467470
4105382414
4104202782
3567532558
3617861134
3617907210
3349512971
3351216984
3315377064
3722220200
2635894444
2535230124
2535426812
3611209500
4148078348
4113998111
4101431614
4101390638
4034266414
4029941038
3491049246
3495377414
3579120150
3611626038
3613203222
3604755718
3331600582
3331666118
3331723398
3334357127
3334389909
3349973420
3312233388
2502724269
2502396601
2536934089
2520165899
2520229131
2524291387
2532610089
3061100588
3061096492
3061232684
3069613100
3065414693
3081667685
3085747383
3043808663
2972540311
2972596919
2955819687
2955819687
4033821365
4042079109
4042079108
4042600076
4042729101
3501662877
3503567535
3547624423
3530858758
3529810950
3269766146
3265636354
3265640706
3349608722
3354327346
3480103186
3446279170
3380225026
3387633682
3383456050
3366514993
2565404000
2557001584
2552798960
3626602132
3626673844
3627722420
3646551701
3679219349
3662424742
3662428326
3662485734
3659335782
3661499406
3665705998
3674104846
3669750798
1519969326
1519968303
1519968316
1274728540
1216004572
1210714044
1479216828
1546328732
1547315868
1549626028
1549594284
1556915852
2009966220
2127345292
4266442684
4266442668
4129078252
4129139261
4131368511
4130272791
4147008006
3072983558
3043885606
3052212518
3182170150
3181903918
3215527967
3216662543
4273660937
4277708824
4269312296
4000880936
4017727496
4017788936
3984235784
4013588936
3829105032
3828891820
3826786476
3826917540
3829010597
2767848867
2763919347
2762870294
2779466246
2812865030
3064506886
3064506918
3060316710
3191377462
3172517442
4229456386
4231537458
4230488098
3974639650
4238999586
4172170258
4222507074
4205766723
4201564611
4198337235
4196002530
3931679714
3936133287
4003242156
4003315884
3998498988
3994312892
3994362796
4010157740
1833311917
1842743981
1840581295
2108439549
2091661773
2091658436
1420567748
1424760836
1415967028
1411814180
1411548704
1415810560
1424076288
1436659200
2008071729
2123407074
2126618274
1845608354
1862311330
1711637986
1712488946
1712513478
1712480711
1712399815
1714433487
1714694383
1735735471
1705924781
1689144476
3836658124
1690104652
1689035276
1693250108
1953362492
1885679167
4028701246
4045552174
4045805870
4045735982
4159636734
4156489870
4155330702
1472000141
1438425244
1423749349
1549579303
3695097874
3694045186
3694045202
3694045218
4280977458
4264201218
4277829698
4273635776
4005200512
4008215216
3995894432
3979141860
3895354092
3896450668
3962841708
3967036271
3975153774
3971221758
3971288206
4237688974
4237701262
2107531406
2106450110
1569514734
1569483902
1574463501
1568307228
1567258908
1567247900
1567245844
1567180308
1567126100
1575547637
1575548607
1567221430
1601826454
1601820310
1568392598
1576780022
1560006758
1558802470
1558721590
1558719511
1567320085
1600842037
3664431924
3664498260
4268267204
2129179284
2129179324
2129179564
2120786860
2137568188
2133389756
2100000173
2083143149
2083142765
2087324975
2087390494
2087267598
2104045326
2104041231
2104182285
2146129436
2146169404
2146034300
4293440252
4260922040
4260926137
4260933307
4261132970
4244347882
4235954666
4251703406
4251706462
4251705418
4260090074
4293574891
4000043181
3999917245
3995725213
3995725213
3995860397
4000052717
3865761661
3882534429
3890935325
3857315613
3857245469
3848856893
3849024557
3832239165
3832169821
3832158045
4100593533
4109047357
4108912157
4108850717
4125632029
3051955773
3051976221
3051965981
3051965981
2516115007
2511918623
2545473295
2549741343
2549735807
2549739631
2549666027
2541244651
2541310139
2675594395
2675602587
2540334491
2540253115
2540252859
2506700443
2506692251
3588835035
3572192987
3588876027
3580422137
3580425725
4117344605
4113282063
1965790223
1965802527
1965683750
1965747254
1965747206
1969943830
1701500214
1743492406
1743361398
1743291894
3875050934
3866738070
3862560150
3862547894
3883650470
3816474534
3791320999
3853251493
3853051796
3857246100
3882417620
3861633301
2787834131
2787899698
2787764534
2720754998
2741656886
2817148198
2779498278
2779370038
2779370006
2783506965
2783508020
2775119156
2775121212
2775178300
2905230396
3978971196
3978971420
3978976540
3979046172
3984287548
1845093180
1842991964
1842926425
1842934235
1775826138
1767402714
1765304506
1765419178
1765424298
1776944574
1772750494
1772683930
1772623759
2045259215
2036870477
2066427165
2049589055
2062169647
2058031663
2057831039
2057859711
2074665725
2045306589
2020130399
2020129375
2020195871
2037104415
2037036319
2137699357
2137756733
2137756780
2104202604
4251571581
4230602623
4230741854
4231790430
4252687198
4294658910
4294658910
4139339742
3065595902
3199947694
3216765374
3216564670
3183010237
3186161149
3186155004
3211385180
4280908108
4264258908
4264177116
4264175036
4285167020
4293547948
4259895228
4243121820
4234733196
4234720972
4234786588
4243306292
4243303732
4243172660
4234788148
4230741300
4230929716
4247686452
4017000244
4001269269
3999172097
3864512067
3860133571
3860129507
3876382375
3876382631
3847049127
3855601591
3788426629
3788234117
3788021205
3789069809
3789070193
3780750673
3783109939
3778853923
3812465714
3812547602
1665072146
1664015394
1663421474
1667615778
1667749942
1667758134
593885238
593877303
594004247
560974103
560974135
560843127
560847223
569235959
569235927
560978391
594541015
594409943
594409975
560823799
569204735
1634688991
1634697182
1634564831
1634564861
1642953340
3790436924
3823442460
3819256332
3823381196
3824430796
2750689180
2710839231
2711035830
2777882534
2761113510
3029408674
3031505906
3030399234
2493540611
2631985411
2649024768
2682579968
2666446128
2666433824
2666432288
2666235488
2666039009
2674427555
2636681139
2620050818
2620315842
2620324035
2624551283
2624420193
2623875937
2640783952
2674339328
2667009536
2667038512
2662716720
3199526257
3203706209
3068173665
3068169571
3076624375
3076758486
3072453366
3072387831
3072543479
3072477943
3072727927
3076946295
3018288503
3013928023
3013932055
3013932054
3018101846
3009912134
3006185302
2972629886
2704268030
2704268030
2687433694
2691627487
2691562719
2691488990
2692283646
2709255422
2772100350
2772106454
2770075078
2769943878
2807824198
2816146230
2935684662
2935582263
2934468373
2926079764
2926143252
2859153204
2859153204
2875799348
2884187444
2884113716
2884197669
2850643253
2952387863
2918841671
3187277255
3185309639
3176912775
3160135303
3088766614
2824494742
2824494006
2851854774
2881345718
2864504054
2867655718
2856120374
2856120326
3946668038
3946733846
3917378150
3925477094
3971548854
3975757494
4244192959
4110098335
4110290317
4127133068
4126938572
3581683016
3615285560
4160593960
4160664616
4055335993
4053044505
3818752283
3818883387
3823081774
3877612846
2786573374
2803269662
3977678878
3960926254
3960893743
3960877935
3962901487
3966768111
3966763951
3975152571
3971024889
3971029977
4237376281
3163630344
2492475656
2491427080
2240884488
2274620168
2258076488
2258076408
2526839469
2526843823
2531037614
3059519918
3055391150
2786570414
2786506234
2937496922
2906041626
3962743867
3962760249
3962698809
3962633273
3979408697
3979401065
4017210985
4017344107
4025732715
4024487803
4024499578
4016106874
4016301374
3982673182
3983721487
3983725583
1819405687
1819340135
1836185959
1868810599
1877068151
1860553087
1717885311
1717692767
1717758815
1734527839
1684261719
1684523863
1685453143
1685384567
1684401663
1684527615
1709689343
1743243775
1734728703
1719008223
1735650015
1735650013
1868681213
1835060733
1835072765
1835068925
3982747133
3982685181
1835156061
1818444637
1818579257
1818521912
1818256440
3965938744
3991030072
3890628888
3873917768
3873831753
3873762249
3873762265
3873819387
3873951483
3873818330
3865375690
3865371610
3882213738
3848724778
3849770026
3833060414
3828739198
3832867966
1685449983
1684524287
1701301759
1701300703
1701305343
1701182207
1667361407
1667361407
1667484447
3883256151
3866418519
3866422751
3866488317
3866558461
3866545853
3890728637
3992276732
3975247576
3975177176
3975176537
3975238713
3975236665
3975247929
3991365691
3991333243
3991337850
3991326410
3974612682
3975463498
3967087434
3979666202
3979731754
4013355818
4013314411
3999745403
3999550682
3999553754
4024785146
3991362042
3992353242
3992353742
3975638990
3925108174
3925107198
3958862319
3958784247
3950395527
4013307009
4013368465
1869948065
1878271393
1874089377
1704283632
1687436736
1683237184
1679042881
1679239985
1685469729
1626737201
1639321155
1672810179
1658590915
1658591187
1657013986
1652889314
1652831970
1652844230
1657071430
1657071383
1657056535
1673899285
1665645844
1632042244
1627848004
1627845956
1627870676
1627723260
1631854060
1631915501
1640434671
1636240366
1636260862
1636138846
600078174
587491150
587589582
587720670
591910910
591710190
591712255
558161911
566617589
1640490485
1640490325
1640355157
1640482101
1674038645
1674046965
1666641373
1935043981
1935031709
1901529007
1900480431
1908881327
1954887582
1954822030
1972666318
1976855870
1978953006
2011561006
2011522335
1994745101
1986127628
1982068568
1982003176
1983035321
1712566681
1733333451
1708430155
1708503835
1693885211
1685501721
1681100601
1680984361
1680898345
1697724713
1697716537
624101691
796069162
766705963
766710059
766644539
766902555
766771467
632037641
359186765
359510518
107852214
107852222
40743102
40743102
40744126
40745150
7190718
15579327
12499341
14596492
1087284620
1347199452
1347269116
1363456492
1405399404
1401201516
3548743213
3553007149
3544628789
3590831671
3590696503
3590696759
3591234598
3592377398
3592355842
2541617218
2508063810
2499681378
2229999970
2225806194
2225814034
2226863618
2226730514
2243438114
2243438114
2174232354
2178473766
2170343207
2170392439
2170527575
2170535799
2170535927
2170535895
2169356247
2169348035
2169479121
2169421265
2169419253
2219816436
2228204756
2228133076
2228214228
2236479988
2232187364
2265807732
2249079413
2253270551
2261657111
2257528630
2257331494
2257323302
2278313254
2212253046
2178764150
2170507126
2153586551
2153725943
2153725911
2153593299
2155690451
2155813363
2155821523
2155821379
2172598594
2170501378
2178825490
2212445459
2211261747
2212248883
2195462419
2197621075
2197768531
2196594034
2188137842
2255278450
2272055666
2239623671
2222830039
2222830039
2222831061
2222569941
2222586325
2217343445
2217474391
2217408839
2250960199
2256167758
2263540046
2259349838
2259206639
2260255215
2197340655
2205995499
2155721209
2155852249
2155787209
2155526089
2155593689
2222569977
2218375657
2218703323
2218703306
2168106314
2168038858
2203620298
2194375418
2194322153
2194383528
3267998636
3527975340
3524829612
3541941756
3541031388
1930385676
1930369308
1930369324
588130604
588129560
592322824
592195848
558645545
558645609
558678395
558684155
558880763
558856170
558723562
558723578
550467034
550403530
550468042
835549658
835516762
1943009626
1926151498
1389273418
1388749258
1388622330
1384432618
1115997166
1116558310
1183785825
1183785312
1187848480
1191976992
1074724880
1074659328
939264
5171520
5163840
6278080
1952197
54382037
303878655
302830575
302838763
843903979
869061611
831313899
831323627
835583466
860356058
860288458
843511754
306706378
1388804090
1405581290
1401388522
1099329006
1086811646
1078289878
1078722898
1074528562
1078870307
13562129
277782784
328114432
316581312
308184448
304057744
839749040
839682464
571259040
570747044
587521517
587484457
587618091
600204075
601285163
601154075
601155337
591710041
591775736
600819624
667867032
667870600
634283465
625960203
609188891
1699339307
1741413675
1741336427
1741402105
4006129353
4006129288
3888691848
3838548616
2773129928
2769983192
2736357992
2736554600
2719801960
2726290024
2818560809
2780682095
2763967838
2768133318
2754897110
2753822946
2753826994
2753966258
2753965238
3840293879
3886434901
3869690388
3869563396
3870616068
3866945028
3862749701
3862880966
3862877110
3845931182
3765716142
3771993262
3768477838
3767430286
3768526031
3772523612
3762037964
3761006540
3761172204
3773758060
3786852973
3786721869
3817912591
3805325335
3799163927
3794989063
3793957319
3793756855
3793888935
1629630119
3773173414
3768911798
3768846294
1621378822
1621415430
1616963078
1612768806
1612756262
1625420837
1642255421
1633844236
1697786892
1677932740
1950759396
1959135717
1955466743
1955464583
1972184455
1452023942
1457263782
1392379046
1391332499
317078675
317068689
333844885
300168068
284451260
284485032
275033576
321174893
304133421
304185661
304316699
304333066
304201994
320972058
270708030
1357297926
1889974534
1889962246
1890879766
1889310453
1889305220
1918800516
1914630788
1648243364
3794678436
1647128228
1647061413
1676425383
1621891246
1689130126
1957564614
1957568518
346869799
346595373
1420337197
1470865677
1450091021
1450092045
1581184527
1585272383
1591573998
1570512046
1418987694
1419185306
1423334538
1410811018
1463665038
1463665551
1450885791
1454035695
1604903463
1571349031
1558733119
1550331183
1546201135
1546328109
1424623909
1437207525
1455048332
1454985868
1457046156
1448927932
369910701
369909931
370942123
371090650
389970954
276711690
283953434
279742730
279877898
279879434
279873290
367829535
373072447
373286429
373184045
104668964
37494052
41878564
50200580
46010372
46006276
44958021
49034581
65799509
57607519
24065407
15693151
15552863
15586651
7200603
6668153
6667129
6659064
75283432
336654248
339791784
356632504
348378777
348313483
348323727
348321199
339797423
88125606
356626583
273920198
282309890
284409106
284408098
283295010
291683634
304256262
304517126
304513222
841925765
842581420
1918406060
1674088108
1669971624
1671151160
3785924104
4050173449
4046253578
4046284334
4046332478
4050260766
4058644582
4054515942
4053274786
4036497635
1889009685
1356357636
1343876100
1346021380
1362799364
1396349444
1379830276
1447004935
1983679799
1983677742
1983680814
1715450158
1702817814
1694425111
1962860660
1960833252
1679614116
1679617172
3827231108
3827227284
1744816868
1722567268
1722552885
2007773703
1953243650
1949049362
1949176610
1416501026
1420757474
1420560546
1454119042
112072834
44972162
49089667
48501652
48509364
49553828
48570540
40247533
40248541
57100637
57002367
57014655
57014591
23461151
23452958
31841599
32374143
32374143
24116607
24115583
24115549
23853405
23853405
57407837
57671037
57531773
23977341
23977309
23985501
23976317
31840637
31840637
23460223
23461247
57146751
23559519
23428447
23420287
6643199
6643199
6815231
6796798
6788606
275092927
811972543
543535039
543206061
1613806316
1611696748
1644276284
1645390348
1645405708
3795198476
3794149932
3798401580
4070834478
4071358574
1923874918
1387069474
1403916338
1353580546
15602758
15624390
15657094
15702422
7243927
19843207
36268165
36193429
40382948
48767788
48767532
44835372
49029676
49163788
40774413
57543501
31803871
31808511
31846399
31977439
31973215
31837981
65391421
57011069
57010559
57108767
57100575
23546175
23416703
23425023
23425023
23559647
23547231
23449085
23457277
23457277
23588319
23579999
23579967
23452031
23456127
23456127
23591263
23578911
31967583
31841149
31845885
23457277
23584093
23563647
23430527
23437695
23437694
15180566
15176470
1156023830
1155894834
1155902002
1155902002
1156049458
1424489314
1424358883
3589596389
3604280533
3594839253
3594839525
3594839397
3595890533
4149528359
4115941159
4116017974
3587646263
3587580191
3620696127
2001523759
2001521711
2009827359
2010814733
1989851405
1922677004
1926806556
1914221596
1914236988
1914269820
857354356
823791861
807274486
819857142
1891571378
1889277622
1888253622
1955397302
1972174518
1472917494
1472949718
1397304774
1397370327
1398418775
1406807381
1406803797
1406734165
1364729620
290991380
290995476
291001661
291009853
291271965
273469215
273467199
281921407
281925503
281929599
281867631
298646895
290250223
323804591
323607998
323739038
306894238
306902414
1397416334
1397482382
1095623582
1095619518
1078953918
1079881150
3504188894
3506350558
3502160335
3568998863
3585839055
3622406095
3614155723
2519458778
2536231934
2540425710
2448119278
3521709551
3504873437
3504877517
3513335516
3546890236
1399406556
1382626780
1378432220
1378685036
1378816044
305098764
321704204
292340029
292337455
1366137662
1374526270
1106107198
1106763534
1106663182
1102463758
3247891230
3247895550
3499532718
3499404719
3516180909
3511978412
3507784076
3541478796
1396090252
1396105676
1396072772
1394762069
1935811877
1945373989
1911893300
1375025428
1374948612
1366755076
1366708996
1367274004
3518804516
4055667245
4053566255
4087123310
4086151662
4073503150
4060907950
4060793230
4144918414
1963860871
1678123927
1679172516
1691496868
1689453028
1687373309
1703999813
1733356293
1997597189
1981020693
1980955261
4084389372
4088578540
4088775148
3015493612
3019663180
3011321356
2440965668
2449351460
2444108068
2427392301
2427191343
2444759262
2444784798
2444785838
3520645550
3508062630
3238783878
3490377478
3491407618
3491406594
1950261505
1962848304
4105076736
4121854720
4285170177
4280975873
4264142417
4264552163
3190509287
2921861031
2934461863
2930267565
2930267577
2797228953
2780320393
2759387019
2755192303
2755370473
2755365933
2755234076
2755640076
2804853260
2788077068
2792281652
2800370215
2800239206
2733113814
2724737254
2724737262
2716340462
2695507014
2695507150
2964990157
2964920572
2969311724
2954635772
2971412940
3004054412
2987278332
3012298220
4052550524
4052353613
4053410382
3516408430
3512268654
4080584814
4080568366
3812132910
3778775054
3776874573
1633594572
1629202364
1662551708
1644724893
1645070015
1645115054
1645115054
1649214886
1658592406
1676417231
1642997965
1617309132
1617307084
1625432916
1621250348
1621279021
1621147691
1637909514
1642114058
555788314
589408570
589429018
555907658
555890378
556925610
569836459
563352363
565465355
1621611274
1621552906
1621404219
1642900009
1642891817
1634503496
3815737288
3882779144
3891167752
3886719784
3886719532
3890782957
2808669142
2771149486
2771125182
2755003798
3962969518
3974240494
3986823214
4020381702
3936430086
4205128718
2058691614
2126251054
2130182189
2128085020
2136679500
2105242780
473490860
2084091580
2084152980
2088351380
2096739989
1960425173
1960359445
1423486721
1348373761
1347857747
1881058659
4028558689
4028560625
4048523505
4048523729
4090462789
3823075844
3814560268
3814520381
3812392687
3778898670
3845925802
3844867498
3849060490
3983421578
1701716106
1978541306
2108566634
2142186538
531178523
497623049
480780296
212394808
208188216
205041960
473478440
471379304
1058646504
907983308
907446733
840075471
909225455
1714725359
1714725630
1647809278
1647723118
1664504558
1667638190
1671703719
1638153383
1639192757
1632963717
538321029
537277317
543040165
548287215
548144687
548149774
548153870
548170250
837581323
837581579
833517849
833019244
551716012
617709804
1683206524
1695789317
1695594245
1695596039
657500695
657631762
655555154
588398258
588388002
1628508835
1632637091
1638924449
1622230257
1621279745
1889707011
1889707010
1893772834
3777281574
3811547654
3794442758
2787805958
2792016166
2801288494
2799186286
2790793610
2771919243
2776310697
2784637352
2780365224
3854041528
4120392072
4124598668
4099468428
4030376124
4029589629
4029589535
3777406990
3777402126
3810689807
3810689543
3810624053
3777094181
3777177125
3777182501
3777239333
3815049509
3824552199
3803581703
1656619270
1941700687
1941704942
1939611822
1939612846
1909206158
1372326286
1372326350
1372551514
1372514362
3520507194
3520507199
3554059551
3537670943
3532423741
4069294844
4069294780
4069294780
4064841388
4045007532
2956647341
2956642493
2956646615
2688460806
3791430918
3786978054
3820532231
3824718341
3778605573
3845845573
3829036757
3829008293
2888317093
2892499181
2896971821
2897041437
3987602696
3886900744
3875299848
3862700552
3860669145
1713119659
1717306538
1675363498
1674380458
1674510474
1909334154
835592330
819945547
282576139
279433019
350355263
367062814
359001866
359038730
359013706
493768074
502189466
499041454
532517038
1469886911
1469358220
1473552604
1433772076
1412800548
1412735012
1412935716
1412878593
1882641155
1886831111
1887355445
4059942453
4058642997
4050319893
4092320343
4067031751
4066999942
4062709390
1915224734
1919680942
1928073390
1655447791
1671700717
1639261309
1641505804
1632936972
1627690268
1661248828
1648669981
1648725773
1648660247
570722839
587581974
587676210
1628322082
1628319010
1640903779
1636177011
1904677059
1904686274
835073474
826744194
290216358
827087846
831310822
831313902
831497167
294363981
1372300109
1346937212
1346941284
1883802660
1883867188
1946847345
1409989105
3574245843
3592088962
3592315266
3598582146
3538813362
1390871010
4070913379
1940139811
1910778661
1894001157
1886726661
1349791253
274478695
810293229
835454973
835454333
835456381
827153725
827129133
827129213
827129311
827176926
290305950
298688446
298618783
298617759
1909300189
1909439292
1372498732
3521030444
3512642860
3508446748
3508310540
3512500748
3519840860
3498869503
2425324218
2425327534
2425215150
2430388398
2422196446
2434721870
2451466510
3527290638
3527287310
3531481614
1929249582
1929183279
1945899055
1901855855
1897663567
822877389
822873293
822922701
827193854
927463934
935849982
1069936606
1028454350
491378522
499894106
495706106
495648698
1569433019
1503175081
2044305832
2027585944
2025558920
2092545736
2096675336
2084084264
1949014568
1948973609
1965959707
1932398090
573964554
586547210
580255803
579739691
848044075
864821279
869008399
869026831
869059935
835243391
835509759
835574271
835706239
827309439
827238239
827238365
826779641
860141497
843356089
843351997
860131261
860200863
826777247
809950878
809926398
1883647999
1346776415
1363553551
1397042206
1380199478
1388588086
1388583990
310658326
310658326
310755446
310886647
327598229
282509444
274645148
269926556
268914840
268729768
268729065
340019817
348396091
344271370
479275530
479274510
147985166
147980558
139596095
138420519
138436901
138470705
138452241
138525969
423869777
423870416
994295504
977518288
2051194560
2051192704
1782816148
1778490788
1778498788
1778480612
1778463205
1795306342
1799492198
1774322414
2021721070
2021659102
2021666254
415246542
432236750
448952398
449017870
172193806
172176398
184745998
134414350
138547486
138555958
146936342
146998807
146814483
146827059
197190947
448836899
448828705
448896881
448896880
448904816
440450656
977321569
977321573
977338085
977370855
977354151
985732263
985732262
1002639526
960639126
944173191
944223687
944094981
1749334788
1749334812
1765845564
1795275292
1778622028
1778553540
2063782532
2030113463
2017464998
2017474214
2017467618
2025851938
2026965026
2022836226
1485974530
427961346
461384705
180419584
180460816
180592464
448896752
448839328
1522581152
1522646688
1522646692
1522646692
1522638500
1522661029
2051142373
2118218279
1577144870
1561424174
1548873774
1548800046
1547819070
1547950158
1547884998
1547880838
1547847814
1279425670
222442694
256246854
190186502
198312982
181540131
183514913
183513873
181408528
188773220
151053156
134259557
138457909
406885175
415269439
432046655
197371419
448965131
465746443
465804043
457414703
1514387502
1510063322
1510244558
1578401934
1579073678
1581170830
1564373126
1547596214
4240336620
4239256172
3701795372
3735349788
3739544076
3726919180
1512313356
1495736845
1480012078
1482097774
1490365678
1486239846
412224582
412222534
160432455
197157461
197190372
188785381
188786405
155231969
138453987
138539987
155448199
155349381
188882309
172362116
172362116
172362132
181863900
183763292
183780152
158397225
139502377
138453801
138522409
138520937
138525128
155302344
188979656
172153033
172121293
172097741
440533407
440553918
457339814
457335718
432141222
415298470
406889390
406894574
406882878
474061598
1548925727
1557314309
1559407365
1555216900
3757213188
3738403396
3728970436
1447285493
1447260647
1448554727
1448349926
1918108846
1918635182
1900947646
1884170654
810429066
810368651
273429131
273425291
273945497
341070717
349456173
351555375
350517807
476330550
476396054
409353734
140914438
141960454
139883782
147318035
163943443
432379217
465804625
449027393
440639313
440508277
440516197
440514293
440660693
440660951
440488423
1539396071
1505849831
1484877933
1484879197
1484879181
415462733
138508125
134337373
402903629
402822991
407019343
943955294
994089470
1044429054
1044494538
771931338
771917002
771915978
771850459
771919983
771928109
788956204
755287340
788876596
772224276
772677940
772678181
786375393
765137569
1016733315
1016736387
1016670850
479734403
345513601
345593504
364749456
379953856
1453687296
1457559072
1449175584
2002823715
4284525094
4280330790
4280790822
4268746022
4201365542
2860171518
2884296957
2885345644
2851860268
2851645988
2843257364
2843257373
2872634974
2855822926
3929547470
3946382046
3946447278
3907663022
3903327406
1755846831
1756178573
1757227148
1761356940
1029514380
1045422220
508534924
508539013
521113733
471658996
471655204
477680164
343654956
343840300
360619788
871807244
855025932
1928759309
1656129613
1726319001
1714194107
1714197179
1714279066
1647186586
1663963834
1630155434
1617506218
1621633194
1621637290
1621629114
665393290
648680523
652926985
640393752
641573416
909419049
1999680043
1964016175
1950384679
1958970918
1958981170
1824631298
1824762114
1824700451
2110978083
1735838753
1715291137
1648255168
1646948480
1646937008
1667909280
1638516388
1621640868
1621639908
1625825796
1613246980
1881825797
1625973558
1621814566
3769554982
3768354854
3789326374
3814492358
3793659846
3795751557
3794768564
3794768549
2721044134
2725248942
2800516526
2800498606
2800690062
2796167822
2796237487
2780308204
2767730284
3023584812
3022532412
3026723900
2494047292
2494042165
2494107666
2628477970
2359880738
2365099106
2222558450
2216395986
2537205954
2520428993
2520422336
2519371712
3593133904
3593169760
3593022304
3593219940
3598460644
4135524055
4068411342
4076654006
4076653814
4076111959
3530987573
3526802693
2436281857
2487149057
2491335185
2498413091
2494157347
3030931299
3165152609
3165156576
3215640000
3203068608
3194675904
3194581584
3190297185
3190305127
3190321198
3178033194
2893020186
2892941386
2893469898
3967269066
3967072426
4235701434
4097237386
4147560842
4147511690
4130742682
4130743470
4155911342
4155776174
3082042574
2511809606
2549556238
2541035798
2272731430
2281124646
2257916710
2190742326
2207527734
2207528758
2207536934
2209664294
2280967463
2255260967
2251076919
2251207955
2255393025
2256458049
2273243584
2273306068
2405269412
2401061812
2401176468
2401123205
3440781701
3424003543
3423756742
3427980238
3427910622
3435176943
3435177455
3426790895
3443587566
3472939518
3456325982
3460446494
3468836126
2395092246
2391150870
2392264983
2392273173
2392150324
2392146228
2396307764
2388444532
2388456948
2401234389
2216618439
2216610198
2219756438
2228080534
2228027286
3301828502
3301959575
3452957653
3478967781
3478975972
3478971876
3447186900
3442931140
3423847380
3423699932
3423712221
3695290333
3695291901
3695225197
3712002413
3577801071
3578985790
3344061702
2270560518
2270560534
2278961446
2278961446
2275349286
2241659702
2241594934
2241601310
2241600286
2245790014
2270959934
2405198110
2415885583
2399130063
2398999005
2398933436
2390540716
2407383212
2406994364
3447182780
3425951676
3423796924
3423791804
3422808828
3439389436
3472944733
3477204557
3468949325
3468940639
3481392254
2407658622
2273508414
2260924462
2260977966
2252393790
2261119262
2257039646
2256974207
2279511037
2514453468
2489290700
3560868812
3558841180
4095584316
4095715388
4095650844
1964433421
2100699213
2100760831
2100696238
2100698798
2113343150
1840320174
2108757662
2108760782
2106614351
2106647119
1572905277
1564516669
1564718425
3712089433
3712023017
3712089065
3712145897
3712404969
3721825739
4259284299
4261385483
4294938907
4269782843
4267685674
3193943854
3193828654
3193722158
3189511230
3191673918
2654602350
2637824430
2633642910
3703191182
3703244446
3703115455
3703312301
3434356668
3429117836
3425923012
3425889988
3423796933
3423714903
3422596726
3426790966
3451957046
3464560434
3464559906
3464592678
3464649766
2395102247
2386709559
2386709559
2387761415
2371250951
2312534791
3386297095
3386363671
3419706663
3419710503
3393511461
3393642516
3419328580
3420373188
3378462940
3357279420
3357293724
3357420684
3361091228
1221992104
1217597096
1287655081
1279291039
1275129550
1275129550
1275127542
1279375350
1279439318
1279447494
1304613334
1338234354
1321465330
3460497362
3460488130
3460549458
3460321062
3468717350
3464520998
3464619063
3464687629
3465728013
2396225821
2387706149
2387976485
2370281829
2353435863
2354480263
2354498693
3436693909
3428665765
3428592037
3428067748
3428068260
3427932852
3423735508
3427997381
3426756309
3443533525
3468715637
3464554359
3464626039
3464732022
3481509222
2361564450
2353175858
2348978034
2348912210
2348850771
2399186515
2386603891
2395077939
2395141155
2411910197
2378351669
2244398101
2244402180
2228656132
2228590676
2505349364
2505357732
2501353380
3038678692
3037695740
2769141469
2769137247
2802691639
2802624039
2786902566
2786968182
2786423279
2788434159
2805208237
2808546477
2778860732
2712799452
2712815948
2746575692
2712988237
2702502479
2769743438
2752929486
2757117614
2698249902
2698250158
3763107830
3758909382
3764251974
3772229670
3767834663
3770452001
3888101393
3875447809
3862863873
3860258817
3860230913
3860202081
3809871521
3856535205
2779516581
2779519413
3048488117
3048488133
3046534340
2488724484
2485037349
3026168101
3030236469
3047011639
3049099574
3053294358
3023950614
3023848054
3158050406
3158183782
3157133671
3169663332
3182172228
3199089732
2662211908
2662281540
2393838452
2394239852
2394186348
2410963823
2379540346
2371145050
3306207610
3574839642
3608393818
3608591434
3608663374
3609186638
3609178974
4145980398
4145718238
4145718222
4116221438
4124609006
4158179822
4158250478
4158313471
3084538845
3076158156
3084739320
3185435624
3181246824
3168074088
3168074040
3154438920
3104107016
3104302600
2640208393
2648572425
2512323567
2511876271
3047698607
2510819518
2515218590
2516201614
2516197534
2507694254
3577281774
3492333582
3492517895
3492522247
4029262083
4033720067
1894744851
1886290434
4050551495
4064187079
4062110405
4062117444
4062169684
4061977444
3808225316
2747067436
2713505869
2713629003
2717823819
2751365643
2738783787
2738654507
2721900587
2725046313
3807312969
3803104457
3857596619
3828224142
3829145790
1950097638
1948714082
1961757730
1957563426
934165762
397027074
380248577
397038080
267043408
233538288
233416593
258581907
1332318354
258572498
527008210
1600770338
1601824546
1601826338
1576594977
1610219312
2147065616
2071568128
2067369792
2033829824
2033895124
2032853732
2037113444
1810489893
1810428429
1801995021
1765330221
1763240233
1759045673
1755031593
1755220047
1757397198
679231694
675021014
2015109350
2015240678
2019435234
2040401634
4206234178
4205201986
4205173442
2595598018
2594023106
2592924369
2592891617
2588680928
2567771108
2555248996
2564686180
2560569636
2559843636
3637795268
3625228996
4160993924
4160989828
1795402373
1778495111
1778616198
1778614702
1845596398
1845539046
1845551342
1845518574
1845698798
1845626094
1724009582
1721125166
1721157934
1719978014
1724184582
1712105542
1695452230
1678413046
1816825319
1825222372
1822158564
3973639904
3965218672
3961023809
3826789841
2753245088
2757631649
2761821857
2761228960
2694058656
2712933092
2712932956
2717123084
2688287240
2687240713
3761056747
3760990378
3765176490
3790539930
1655046282
1655074954
1660072074
1656918216
3795893544
3796937000
3815811624
3777014296
2703469064
2787280392
2787541512
2791735832
2800665193
2796344298
2800513194
3865599150
3865663678
3861518494
1714043038
1982479566
1982473414
1064968194
1031413762
1013592322
1013649922
485033490
346769970
346769970
346802882
347859586
364636802
314293122
314160514
850972816
850972832
846782624
842555556
841506980
858391740
808064444
539651740
552296157
552554079
548193853
548202045
833413945
871162137
862773256
858644488
825226296
812533032
1894665784
1890471432
1890471433
1890537033
1890385499
1894575738
1894575658
1911330602
1929151802
4068316186
4068324366
1916646463
1916661807
1916530727
4084126007
4050543127
1357779475
1357775379
3496937043
3497854963
3497854945
3506255283
3502204803
3518984067
1404960659
1392304051
1392107443
1383718290
1381627282
1918427314
1914216674
1916313638
1916384294
1936309271
1936304133
1936320533
1902902325
1969943572
1970169104
1416517393
1425933873
1559103025
1559037681
3698132721
3699202035
3707725715
3720341123
3753901699
1593694867
1585306259
1580851091
1580826003
1585018291
1585014243
1593664803
1593668903
1543339318
1543302166
2071784470
2038293526
2036326679
2019488087
2019480533
2026883028
2026751924
2018301348
2018274724
2081189300
2085580693
2103344791
2111397542
2144886694
2127052206
2127064510
1985504446
1985700990
1987738654
922410255
921390351
375946271
375946295
371807287
507170838
507171078
507168006
2147125015
2042335191
2025426903
2025432535
1492755349
1551491793
1551586003
1547371254
1551565542
1551439590
1551379302
1559767398
1555634262
1421481991
1421486401
1421407680
1357415360
1357415348
1887024036
1937354404
3799690912
3795496576
3794765440
3794633424
3794588384
3794563680
3794543396
2720800868
2750227557
2712550631
3819834550
3820883126
3818458246
3822597510
4081854086
4081874574
4056872638
3789481454
3789547822
3825002542
3825002510
1944905742
1651353610
1647295513
1730924569
3878342732
3879649484
3881746924
3855532908
3851010605
1708675597
1691886095
1951933193
2096788777
2096821289
4244360233
3975715081
3915950345
4012550937
3995777289
3861417227
3861415115
3861414283
3794436491
3811234699
3777652394
3777914538
2716675758
2713454254
3787199146
3790877386
3781501450
3773112619
1889804331
1889797161
1891383304
1889351688
1893693452
1885272140
1902034056
1931327369
1916371593
1916437129
1646957209
1646965497
1659549547
1655218475
1642652458
1618797338
1614770698
1612644874
1612513834
1629229931
1666974955
1653546137
1654536329
1654552713
1656678537
1925048457
1924967561
1929151929
1920967097
1918865819
1931461531
1937691563
4084654762
4059489258
4058440686
4058968415
2986136863
2986129437
2977740861
2977806637
2976758316
2691415580
2691347021
2691347145
2708050635
2703786666
2703790506
2705097898
2738734334
2737762399
3811467339
3811451081
3811451337
3811452585
3815704233
3819900587
3786213034
3769370250
3769369802
3769379914
4037827610
1890347018
1890183178
1907009803
1927986443
1927988491
1919598617
1915449465
1915298031
1915428990
1932333358
1344602926
1344474670
1358039566
1353920030
3501254206
3568608030
3618943246
3602678031
3602547016
3602417576
4150824616
3207113384
3207244440
3073031112
3073026504
2737483208
2738512280
3812107160
3778556552
3782869657
3773432491
3769303722
3769374122
3836483626
3891021834
4134447114
1986897930
2120787978
2116594954
1042858762
975847690
976879934
993657062
963256482
954802339
954737809
950609280
950690704
950989440
1035372160
1066438592
1052810721
1040231463
1040230439
2130753583
1946335497
1677900301
3835071004
3768420908
3767315052
3783829244
3817378461
3805856175
3793567918
3812503726
3760599214
3760587942
3765833110
1624652678
1624517263
550775437
552873724
568792892
568656653
568595209
568598795
568648987
832876330
1906608955
1642367755
1633979145
1630902541
3783233309
3789458973
3785262621
3789533725
3780961853
1629299239
1665016359
1665016615
1648230439
1660157995
1655963689
1653866537
579614729
848037897
848103435
847894794
915126730
932822154
936947850
1031700618
1013879194
1008640447
1007067301
872718433
872719392
872735776
806876193
808899121
813056561
870711809
854459969
854331009
854383489
582793639
580692391
1653385638
1657051550
1648657822
574980318
1649848351
1645649959
1647599911
1647059239
1647125282
573440866
577373158
581566902
816447878
816514439
816397773
816376781
547924713
548186857
548186857
569157641
653035528
774669336
774803481
774823967
707665967
707665967
724443951
674104878
682428158
1756313343
1756987133
1754839805
1753787085
1804118605
1791535628
1778952708
3926572740
3927611012
3929719717
3945415589
3895079847
3895334822
3899460502
3907853190
1822825366
1822824886
1822701990
1841048758
1872503942
2056003718
982278279
449638560
449705184
461370416
455785744
455784704
992655616
992643072
980064256
980326400
1047431233
1044155553
1042063521
772071591
788951175
1812332975
1816527529
2088898216
4102507048
4105509432
4108597768
2485922312
2485922313
2544828681
2527985691
2678718505
2611478761
2376609961
2364018872
2355783304
2351590040
3425594009
3425495739
3694979514
3711269002
1547070602
1546870922
487608458
486764970
486700010
469922374
339985922
339912195
474194227
1010933793
885043232
880848928
880975872
843231488
840080832
1913817472
1915734448
1915406499
4071291046
4071128230
4072175022
4057757002
4028167690
4028364346
4034653790
4038831694
3770330703
2713357949
2713356013
2818146932
3862475268
3861635588
3861520908
3878232620
1630020140
1613507885
1626081325
1621887087
1621952719
1622022351
1622109391
598721615
587108813
587112909
580821901
1657578413
1644992429
1644990381
1661504431
3775576495
3775572399
3779767215
3789219471
3825160911
3799909007
3795727039
3795657391
1647583663
1650730159
1654918317
1654918301
1671826573
1890985092
1891508420
283005184
282837776
1354286896
1353223984
1353230625
1353361665
1424665345
1416530499
1349422722
1881523842
1898201778
1916027554
4061455014
3793217190
3797413286
3807688934
3806640167
3802441783
2729295117
2733489677
2737616397
2704118301
2771309103
2804839983
2787905070
2926053678
2934442238
2930313406
2930384062
2947167422
2913612958
3170513030
3170514055
3185274247
3050892165
4157139636
4131974060
4132358636
3068054748
3019805772
2986319948
2968367116
2959978557
2955913071
2955859566
2955660910
2955660846
2959690270
2959890958
2976676623
3043780639
3077057599
3060284447
3068802061
3064607805
3082449389
3216734109
3183031949
2650291861
2639798183
2639793318
2648179942
2648376438
2642026502
2640977942
