762163638
1818607030
1818605750
1814411702
3961895414
3961895926
3978738662
3979804390
2939316206
2939357166
2920613806
2792691118
2797012398
2812609982
2812558479
2813603021
2784767117
4118572172
4116643260
4116608428
3814671852
3879556572
3846170060
1698358604
1702542684
1685620093
1685619807
1685623887
3826820191
3827017007
3831146287
3831139879
3831205397
3831467541
3833507364
3833573156
3833460516
3844588340
3878077204
3861267204
3860988276
3877701093
3881835749
1709186215
1709250743
1877162390
1878142342
1861365638
1857238470
1857098111
1857032511
1857298439
1861509125
1878352133
1844900149
1826017829
1826080301
1824833149
1833217629
1833282141
3980827469
4014378335
3998584191
3994060159
2920413006
2920474446
2920445550
2924615214
2949649966
2777683758
3046127406
3046126894
3079943470
3014923302
3014935671
3000255703
2455623109
2451562437
2450513604
3004161748
3004167860
2983192484
2962204596
2962202005
2962214277
2689457541
2685196757
2686302695
2686430575
2686184751
2702959934
3780760862
3782841630
3780699422
3780699418
3776505610
3776565114
3809103338
3813297579
3821684139
3785060793
2711314840
2694406536
2698518924
2689082252
2689274876
2689206252
2958695724
2969185597
2964991247
2964204815
2964217102
2964278542
2494387478
2494321974
2497992470
2489598806
2485601010
2502345458
2502350802
2535896530
4142904530
4272919763
4272919761
4272927168
4000297408
3996104000
3996099952
3995575648
3995448672
4011914592
3978360293
3983569381
3992007077
3992003517
3981452189
3981521853
3981513132
3889366509
3874555197
3870307357
2796561417
2796563465
3065130251
3081912075
3048345098
2511736378
2515881530
2514767418
2514802234
2544162618
2544235898
2549477883
2515915773
2505429661
2505527964
2484564628
2416255652
2421432996
2421171620
2429621412
2446544020
2446548108
2480139405
2463362189
2993925519
4063342046
4079089982
4045790254
4029019182
4029542462
1882058782
1613320478
1613386006
1613381910
1618986278
1742589030
1725946934
1725948935
1725947911
1717428231
2136858909
2103435821
4234105389
4232910381
4232850989
4241305325
4241440509
4241361549
4242492047
4259139471
4294790543
4269593758
4269076694
4269142102
4269117494
4269252663
4269187367
4283867939
4023820897
4023891696
4005871312
3997478612
3993354132
2919735221
2920779685
2922876901
2939541487
2905667055
2893084015
2892100975
2892232061
2909000063
2908968829
2904651773
2942330861
2942336487
2950778359
2951957975
2918415831
2918412231
2910021575
2910021207
2774628215
2774620023
2783008023
2783016215
2816570391
2950779957
4007883797
4008862725
4017251333
4017247253
2943569173
2918403453
2916310909
2916310781
2916179677
2949699293
2949707485
2949707741
2916153341
2916153197
2916218733
2916218687
2910057279
2910311198
2910187838
2905927726
2905896046
2939442286
2922798207
2926992511
4009151615
4009221471
4009097039
4025870159
3981895501
3967211341
3967206733
3967669597
3967611373
3967574253
3967115753
2910286267
2910270875
2910134187
2918521834
2918390762
2914213850
2813417418
2813354954
2779833290
2784027643
2784221165
2775828221
2775813885
2909904477
2905718301
2905665293
2905663261
2905728813
2905855279
2909914415
2909914431
2910012479
2910016573
2943571325
2907927893
2907927893
2916318581
2916613621
2912411127
2916416983
2782199251
2773999059
2803292099
2805388999
2810115651
2808608371
2808411683
2808370470
2808370214
2808362022
2808362022
2808558630
2800096310
2816873558
2812704599
2948490967
2948560597
2914279116
2916384652
2887057292
2887114172
2887179709
2889277437
2910314333
2919104349
2952113981
2952243005
2943723293
2937366285
2937906973
2938103615
2939606831
2910242095
2910143855
2767537663
2767539645
2759286708
2759159732
2756997044
2773843860
2782350740
2811680196
2797069381
2795888695
2795823142
2816799022
2804380990
2770828606
2770819454
2904766974
2910001662
2951810174
2951808206
2948034767
2947965391
2948490205
2915006461
2918831871
2893600511
2889471711
2889478879
3979928526
3979928526
3984189407
3991600621
3991849325
3987065133
4025796892
4000607500
3996411660
3996459276
3996594492
3862303021
3866493229
3870688044
3871277853
3869120269
4154404111
1956460814
1960577118
1889339646
1889470670
1888361934
1888424926
1892430574
1892426473
1900291048
1917067624
1912896568
1917704280
1926224072
1938786441
1938524298
1904970890
1909174410
1884000666
1879737018
4027220650
4027232938
4111066863
4144885485
4146032237
4263472429
4269669421
4026385455
4022256655
3992899599
3992641615
4252688719
2105209823
2103104447
1830343613
1830315945
1830315433
3982327209
3982491113
3990281593
3992444169
1878324489
1878324491
1836441867
1836249883
1836241723
1869792043
1852948779
3998500139
3931403323
3930334298
4198771802
4182191450
4165344090
4173729338
2563116602
2627143194
2626949658
2374246974
2407801647
2407817517
2391073148
2391580924
2275183780
2279180452
3342567844
3342518708
3273279989
3507108167
1359621894
1359619854
1363748670
814298926
881338175
882386717
888669981
343410204
359140956
359161468
896039804
929692541
929823101
392928733
393057695
393056671
929935775
2003677599
2003546555
2012198331
2012200381
2012199357
2003745213
4151224797
4152274253
3883836749
3879642973
3879646077
4013871997
3980294015
4231927167
4229242214
3960749350
3964935458
3973514546
3969270034
3971469586
4021674306
4002914755
4007047620
3998648260
3994519444
3993286628
3993298924
3993298792
4014339368
4015506713
4015381769
4015287611
3881073963
3881770283
3881699291
3881768843
3881576331
3848021435
3856612779
3839761833
3835561401
4104078237
4103918285
4103909893
4103373317
4105470517
3030426147
3185681954
3189960226
2586979122
2583894322
2583771362
2583902434
2596408422
2609250390
2560491590
3634307526
3633865604
1553524356
1280872340
1295550604
1311344780
1311422604
1579870348
1580869772
1580935341
1580756975
1564438059
1558894107
1420345865
1420591624
1437368840
3584864812
3723469356
3723469612
2646574908
2576265181
2575743343
2638715182
2634533167
2636040479
2636008717
2637849871
2650431759
2579190062
2579091758
2579022702
2579006190
2583208590
2606277262
2608432830
3145434542
3124464815
3124485359
3124354269
3191569613
4282002636
4279905740
4246351869
4250541679
2111506415
2111309775
2145133007
2143904143
4283168141
4291559325
4291554220
4291812268
4291792828
4157441500
4257583436
4283818253
4283752735
4151632174
4151435566
4118269998
1970785326
1951758350
1947478030
1948134415
1948136527
1950220511
876478911
878515099
886843019
899419803
932973225
379398808
378874504
1188310728
1309729352
1328603672
1298174488
1302381369
1285611818
1302391086
1303439470
1303574766
3447098806
3744891790
3745416143
3728573133
3732710012
3739004460
3739003436
3738479405
3725981999
3742503982
3742502958
4247912494
4101373998
1958093166
1956062191
1419518621
1419518605
337388168
1602200
1738632
286953416
322480456
850168120
849643544
854042697
845326537
842179721
1915912333
1932690335
1882620575
1881596606
1881600622
1692889646
1689018926
3836486958
4108856366
4108860478
4108990494
4243208222
4259982366
4259986766
3652851534
3652912974
3686348558
3684187454
3655089454
3655085358
3688830270
3688763710
3667809055
3667907533
3465073052
3469246888
3393762472
3389843640
3406686392
1561262504
1562299368
1562298952
1608441352
1454663177
1452602121
1456525609
1444118825
1443087657
1442964793
1442882825
1443083529
1463989515
1413911887
1884194126
1883868638
1883868670
4098472423
4098472167
4098407655
4098422245
4094243317
4094309333
4094304951
4098499239
4120519334
4120383150
4122479535
4120385949
2547542156
2534992076
3608734920
3591283912
3595469048
3532571116
3550405101
3550409707
3584029674
3590116330
3580678122
3559738362
3559807434
3710789962
3710789898
3748538634
3748402954
3756798731
3756274522
3722916698
3320198138
3316052910
3317036974
3616842662
3733234086
3733234151
3733422197
3738669085
3731206205
3743792173
3743861037
3744385341
3727608077
1579866381
2120905741
2054705165
2052857865
2065440827
940516475
940457467
2018119419
2022313727
1485326013
1485365901
1552474765
1573708445
1565300461
1598861293
1598929391
1447999869
1984347421
1984339213
1917228300
1917223180
1934082333
1934475577
1900823851
1884097834
1884240170
1884236586
1883585066
1883573802
1623524890
1623527946
1619796746
1687955227
635176249
628886845
925698397
657267069
657423725
661650797
670039404
648975868
917475548
917278860
921473164
372019333
371758225
338427027
1412095122
1412102066
1424680627
1420486323
1420486289
3567888065
3584798400
3605703616
3731524416
3731725157
4268539493
4268533607
4285309823
4017926526
4013732206
2940006762
2937972075
2938109224
2925428024
2925476616
2942118680
4284235560
4267515688
3202287160
3198096138
4271714570
3734777902
3734777902
3738961006
3712550086
3427429570
3435851650
3431640963
3701049233
3705177504
3692602528
3692602528
3743319168
3592342977
3594390337
3594390081
3615235809
3618385633
3584829095
3585946543
3569107375
2495402415
2491188207
2486470475
2486476299
2486479627
2506402570
2506991930
3073288490
3056512298
3060699418
3203318030
3199910159
4277714989
4277723180
4128817196
4129023004
4128956636
4128923852
4114227340
1949966732
1954154124
1961561789
1957239487
1957235391
4104665854
3568053854
3618401822
3605816863
3606040863
3605909789
3596996669
3596939325
3610636325
3564561685
1417051399
1425427206
1146555154
1146558226
1144468243
1144987921
1547514144
1557934368
1555901728
1606298368
246823744
245828161
245698242
249893586
103035814
104083886
373039530
377235626
402401434
364398730
363513994
367689867
359309451
891920585
355246121
354722089
358919464
1428531496
1428654376
1428654392
1563932936
3719737096
3667301064
3667886728
3669722008
2594931113
2598936747
2653462766
2636680550
2620055542
2485808838
3022663302
4096405126
4108855958
4122488486
4156047271
4137252791
4143542671
4151931279
4146712846
4146648126
4129881134
4134037550
4134042686
4150885402
4117419034
4243243034
3165290814
3166351676
3166282620
3166218204
3036200908
3040398284
3074050972
3074034604
3057265581
3061726126
3078557630
3078555534
3042903950
2975622622
2974606639
2982708524
2979564828
2979640908
2981865164
2511988444
2548592300
2535984812
2535983788
2468940204
2469071980
2981065756
2981097484
2964316172
2964299855
2427297918
2418836966
3492056550
3492269030
3559279478
3609602902
3592563462
3592562950
3597809934
1454574606
1454703630
1452619022
1435968782
1419720462
77074200
77082424
81293096
1635624
270041448
270041448
285847912
822845804
822706542
826900990
810385918
809866494
1883745470
1892657311
1892595868
4102981788
3838744988
3855264668
2799414924
3069940364
3061482124
4130034405
4113113831
4096271202
4096270626
4100788258
4109303842
4105045266
4106116355
4106152193
4139690240
4278102532
4268722692
4268592708
4264330839
4265399022
4265370350
4265091562
4264034538
4201121002
4209708190
2028615822
2028611790
2028611782
2028875222
2028467190
2029384438
2024903510
4174484310
4190150962
4215316770
4215578918
4282688806
4291210597
4259244900
4259236724
4244261188
4235921732
4248518004
4282260837
4267640101
2120025367
2120056069
1850338565
1858776852
785034496
785028100
735809540
1746513924
1746509892
1748619484
1748751596
1747588268
1747656108
3974631084
3987475108
4020570804
4289150645
4272238262
4273221270
4269043334
4214545030
3675712390
3675711878
3675679110
3679931846
3713862914
3715957778
3631744034
3631752226
2558026786
2558158083
2562385409
2562389696
2562365120
2361036416
2359922352
2632486816
2485947872
2485946592
2485557473
3022432739
4095912370
4112689538
4146236802
1981990274
1931690370
1931682210
1897931170
1897931170
1931553187
4083227041
1923160480
1923168688
1386297744
1453407680
1453335877
1184892166
1184916782
1185211694
3328501038
3475882798
3442393886
3425616654
3295257358
3303580478
3437799406
3707288991
3705244045
3701184908
4254775436
4158307564
1983546412
1982496780
4063133708
1647226892
1647289405
1664019759
3810982702
3789998654
3791048398
3790952079
3782505103
3766227595
4110353311
4106093231
3032299181
3030920879
3051891423
3077057359
3060296037
3068914788
3064915268
3064918340
3085365828
2506519108
2486579828
2486444645
2490639974
2499029350
2511607910
2545158246
2528577622
2526403655
2526520391
2530713669
2521801477
2521604885
3041690423
4099835750
4095406054
4095371766
4097714678
4097710494
1950222750
1949706678
1710624150
665914822
630195654
764421382
768614663
1070653719
1054056759
1049796917
1065525521
2139140433
2109772273
2080423397
2080418277
2080418277
4232489957
3989220325
3986078567
3992881927
2817494791
3882197783
3878154519
3878113591
3878093095
3877966119
3877970223
3879019821
3858041133
1706363180
1639254524
1672825293
1673324941
1928131981
1915569038
1915634318
1932448406
1903096742
1626252770
3770527074
3770453250
3768368386
3818696449
3793131264
3795236608
3795236624
3862345504
3862140704
3878745952
2804970977
3849330166
3849395638
3849796022
3849796022
3857127862
3991869878
3991346583
4020704663
4020711830
3987546454
4255981855
4239140111
3702286605
3702319884
3433933356
3429538340
3425340964
3693773316
3711599116
3581653261
4151878718
1987619950
1981528302
1981454510
1981713550
1931316366
1929692302
1896825022
1881043438
1882612334
1953949222
4106022439
4106022449
4106014209
4103929600
2623516416
2640226048
2657019648
2665140992
2660910033
2528707057
3602383267
3606581667
3623368103
3564649902
3497605534
3493341598
3508283807
3256822157
3256232332
3260232972
3270562572
3265299256
3282076200
3248529960
3248726573
3315839535
3315840998
2506461094
2502265766
2637662646
3711351190
4248218054
4248218694
4248218694
3981747263
4015367551
4015502703
4015453567
4011317047
4010891031
4279328038
4283505958
4275248174
4275244078
4277279759
4277286093
4266866125
4266868117
3746700949
3713146503
3703789207
3699439254
3699434486
3700466038
3700470070
3702559015
4243629351
4235507511
4231503671
4231454519
4231454581
4229357557
4250291957
4250210260
4250214356
4233439093
4166464823
4185333014
4193598742
3656658198
3690736950
3684459826
3684294962
3684421682
3684421746
3686322419
3690500273
3682174096
3677011072
3677003136
3710558080
3711885184
3711795088
3711183840
3746834916
3746900388
3746957749
4149348759
1465065367
1440167862
1435972278
1437938358
1437889439
1437901823
1433706861
3576738101
3576739079
3576805639
3610487558
3743591190
3748837942
2654100022
2658277942
2658537222
2683701014
2683175218
2645508402
4255764787
4222137380
4205362212
2062334004
2050787332
2050791428
2050860036
2118049876
1044275428
775840164
1870545583
1823035039
1823070877
1823079053
4239256196
4240304772
4106020548
4108083828
4099678828
4099678829
4099744319
4099805998
4110290734
3573352750
1441277966
1475880974
1459120134
1459151878
1450819654
377127110
377127047
377127821
392860316
359322300
338255580
338262620
338225709
1416161583
1420355819
1957211370
1978442891
1970110603
1429110923
1429115293
1433334701
1475798693
3619022757
3602179493
3736363237
3740541157
3732152437
3731169573
3731236131
3739623218
3722841618
3437694482
3429119762
3429114642
3437703682
3433484806
3434582534
3432289054
3699680623
3699682796
3720649128
3708062120
3172895160
3174992328
4013858760
4013860808
4013335385
4011242345
4015174441
4015124841
4010865001
3976225257
3959497195
3959628271
3959624111
3964868079
3973258735
2895186157
2945517788
2794674636
2796973964
3065409156
3069576836
3069575860
3068199588
3068138413
3069186286
3085963374
2549096510
2549097502
2507351318
2499163958
3501589094
3566486262
3566520278
3566534086
3314855109
3318852805
3341921373
2268175405
2268515357
3610657804
3577095948
3719718444
3702936104
3701327384
3701229128
3705468616
3697063528
3709636393
4280061227
4280258346
4280266250
4212958986
4212958538
4280087786
4284335274
4259300522
4254778542
3181036735
3183138189
3183453900
2642192068
2638063300
2638198276
3175005700
3175087924
3187471652
3216819492
3082679356
3082473500
3086696572
3078177004
3078099133
3212390843
3212457706
3086622442
3052079850
3026995962
3027037018
3027103050
3028268302
3051335949
3218993164
3210735628
3210731564
3210601516
3212536876
2675580012
2683968988
2683176909
2683176607
2684093102
2684097198
2650542762
2650550938
2650612618
3707512218
3707514298
3699121338
3694992538
3693903067
3694980297
3694634057
3560352776
1433838616
1475716361
3618944271
3601970974
3602118510
3730003822
3725805166
3742517054
3742549774
4250048271
4254574359
4120225079
3046423591
3079965798
3075771638
3054808310
3189044478
3189141662
3205915390
3084268142
3048604262
3031172710
3030929406
3035163085
3026774412
3043683212
3061512844
3059403404
2518306508
2654633548
2653693484
2657886765
2632918815
2628662542
3635035198
3635153958
3635153959
3638827047
1482745857
2065868801
976398336
973188160
973384705
973386755
990352402
940479490
2014248002
2014996690
2084178850
1818888870
1740245670
1721568934
1721501327
4136904333
4136920460
2522137772
2469301484
2972617004
4029328188
4100959748
4109151748
4121731588
4121739580
4127014973
4114546797
2638097641
2621319400
3695065576
3699251960
3703446216
3703049928
1555571400
1555833547
3434373866
3430273514
3425747178
1160808682
1194559882
1444055434
1448257930
1992539531
1992536522
1456705610
1465090106
1349746734
1345445934
1345399854
1345394694
1345457166
1349912366
1358299694
1941856830
1939796493
1922598412
1922599496
4064852712
4060654312
4060654264
4060712584
3792339592
3792585352
3793617561
3795723243
3892192234
3854312426
3837541674
4105967898
4105967882
4110366730
3573165258
1421419659
1421354121
1421345928
1425736872
1417571752
1413410216
1429726616
1182118287
1180795342
1189314590
1315151918
1315020838
1583390758
1600320562
3634560002
3634810370
3636387361
3636252196
3638052388
2283275900
2282227404
3372753612
3356107256
3637125352
3649724584
3649789081
3750283402
3465062554
3470301354
3457779882
3592128650
3592129674
3592069259
3592069320
3604657000
4156461608
4106142252
4104401452
3571720741
3559134759
4096198510
4230418734
2082803754
2087518506
2088699146
2113871114
1574759178
1557965354
1549577002
1549580762
1549588874
1155286410
1151222154
1184776634
3600700334
3602834365
3602834340
3606884772
3598493092
4131171812
4147429236
1966451260
1966451228
1949544213
1679995927
1679995955
3827471394
3962752034
3962620962
3979462659
4013091619
3933653555
4009119235
4004400641
4004201985
4020781857
4255670561
3169329445
3156742501
4230480373
4231671697
4231670675
4242156471
4254825382
4288305542
4271524230
4275752838
4141524614
4152005269
4152017589
4118332132
4114379492
3022792548
3039044709
3072590949
3085238389
2531667981
3602260237
3619037453
3350671640
3317436456
3299609640
3299674137
3299797001
3304040458
2238548234
2234355530
2267908042
3475866522
3476980651
3458110377
3730613176
3613172664
3621773992
3621709481
3604934319
3596082862
3591687854
4128536206
3591725454
1444110478
1444012286
1439953006
1425526838
3571897350
3504785415
3504798487
3567708709
3567709733
3584422452
3601142284
3605332492
3597074956
1445400104
1446250536
1450448937
1465133098
2010606602
1942347786
1933873162
1459978442
1443205290
1459916974
1360889006
1348392086
1079924102
1079916418
1079907971
1088226979
1084100257
1086205857
3233623937
3283889552
3266653568
3270929856
1114033472
1109495600
1109436208
1122019168
1117823328
1386258915
1386262758
1383104678
1932558502
1930592742
1930593542
1930598662
1932699654
1931732998
1931634742
1935813670
1978013030
1973813958
1958085326
2096562894
1557403230
1559506750
1555311402
1555311402
3635686186
3652463418
1268002314
1251272203
1250198287
1250206701
3414467501
3414463399
3410067943
3372385766
2298911970
2298914915
2302847169
2378361280
2374396352
2378505200
2378436256
2279474848
2279474816
2279475088
2274709920
2262102177
2186600610
2182127782
2182120518
2182253830
3274877190
3241322754
3579947298
3563166754
3571877174
3567698694
3571892804
3697721924
2619721300
2619694708
2619701860
3694423012
3698354596
4107300772
4124132997
3611428486
3594658438
3594609078
3595694246
3620851938
3589521506
3522397186
3521162246
3521162247
3516972325
3555102005
3529936133
4062612741
2989395205
2989399317
4130191141
4130137959
4152189814
4135457622
4134404982
4134404454
4286386222
3715903550
1551638558
1560224782
1554987277
1555970824
1556028360
1555827340
1551657612
1547496076
1328973453
1316389518
1320387230
1320190590
1320198702
1323360814
3726697006
3575702318
3563123758
3568408623
3566516276
3582244884
3599014148
3590687040
3255731648
3255730304
2182803632
2183058608
2539543680
2491296128
2499701376
2493476512
2493280932
2495373989
2243748519
2281464814
2273067310
2267892774
2268997654
3342739462
3313379335
3313379343
3313384525
3313126860
3308963724
3308962700
3309015996
3310920108
3520631212
3516433832
3516833785
3518687849
3522882159
3521833710
3555458046
3538476398
3530342526
3614294046
3576606742
3559891223
4096762641
4097679872
4101866000
4108288560
4120822320
3755926084
3726534340
2652651476
2652122276
2656331948
3214166189
3180775595
3182877883
3182800010
3216291466
2675806874
2671620862
2520773374
3056530142
3072750942
3072670766
3072596014
2502236206
2503358478
2624990478
2626822926
2627080718
2626961933
2643776060
2643764780
2646392364
2646380076
2674429660
2334705372
2334683871
2334860010
2301240042
2305434090
2573870186
2565414010
2565343322
2565425354
2566645897
2566629512
2574821512
2570617992
2570813832
3678053256
4214924216
4265255656
4265255788
4131059055
4135457838
1983843374
1999899694
1997802542
1695992094
1708567046
1737932294
1736937029
1737266885
1732543189
1728348901
1694859957
3825390213
3825361797
3825344933
3964675237
3968869541
3968873639
3969000583
3968999630
3968999630
4254295054
4283776010
2117408794
1580472634
1580558634
2121755179
2130146827
2123645513
2127839945
2127950521
3755402155
3705070511
3705054607
3696676239
3696741775
3696547229
4107576813
4107576616
4103906600
4126972968
3857497112
3849174025
3882781711
3882781759
3879633966
3879108670
4011233310
4011249950
4011024702
1832067950
1831940719
1829835499
1817248489
1825637097
3834650232
3834653464
4103154456
4103411976
3568646408
3568577800
3618923784
3334243592
3265233368
2459861416
2458882473
2525794730
2529984942
3075314094
3037704622
2769135022
2769790334
3845566222
4013337870
3996560670
3995577657
3995333689
3995189305
3995124009
3996173673
4016162793
3982741227
3991128811
3991002075
3990945631
4025541983
4025673055
4017274975
1869792327
1836315735
1836182631
1869671527
1869731943
1852033399
1860422007
1860290943
1717696895
1717693279
1734601567
1684261471
1685310295
1685314903
1685450079
1685122431
1693511167
1692912127
1709689343
1744292861
1718999773
1716906717
1716644573
1733426813
1869729661
1869665661
1835066493
1835098493
1835164157
1818383349
1818378837
1818444660
1818300796
1818244412
1826630968
3974310200
4020390168
4003875592
4008074056
4008050505
3865374665
3873759209
3873738475
3873804267
3873757146
3865899466
3865375194
3865502058
3883327594
3833524330
3829331070
3829263614
3828739310
1685444847
1684490751
1684490751
1634164063
1634041215
1634036607
1633774399
1642289983
1677152031
1674921247
1649701215
3797180895
3864355323
3866548153
3874934457
3891744440
3855703736
3837820552
3837814728
3837879640
3837883417
3989863449
3991955513
3992152107
3992381739
3991337818
3991389770
3975529034
3983852362
3979670346
3979666234
3979801386
3979801386
4013314410
4017440122
4016315482
4024703226
3991230714
4025907706
4021713370
4021713354
4021648846
4021577166
4019478750
4020203695
4024320191
3982378119
3978196103
3978241205
3981780389
1710568869
1704269220
1704269780
1691626944
1679042880
1679043328
1614162720
1626741280
1623068177
1639910913
1673266945
1656502083
1927038835
1926055650
1925994210
1926000354
1657071570
1657075538
1648748374
1648750423
1665527637
1665654613
1632032596
1611060676
1611068884
1610970580
1610907124
1615076836
1615137253
1640434167
1640389110
1669758454
1674012118
1673913798
1665458630
1665459158
1665456118
1665452006
1665452006
1665517542
1674569191
1674044917
1673913685
1673913620
1640482100
1640351028
1631974708
1631970652
1699046749
1694924253
1950747647
1950747566
4123401134
4123474878
4291116942
3754178510
3750044110
3750043966
3749732399
3750781988
3717557508
3717688580
3723852100
3721776596
1566530788
1561820389
1561662695
1560560870
1560597958
1560536774
2101585606
2143403718
2143338135
2126559927
2118302647
2118302101
2118375813
1984059717
2001869061
2003974949
895749925
895762213
543636789
543634741
552013879
547770423
547672534
568623494
569148806
594394038
1650834358
1717943229
1713748413
1730526140
1734785380
1709620516
3831948580
3827639061
3827638551
3827577126
3827578214
3831893478
3988130278
1872174022
2140220230
2123378502
1452548870
1469387014
1440612646
1558134831
1549295663
1557685311
1557687325
1285105688
160959272
198838808
158997004
136972804
203949588
204997137
202899761
202907875
206119075
214556835
249212033
249215361
1325304192
1190103952
1185323648
1319615105
3735335665
3735331365
2665783853
3202654761
3212288557
3212224045
3178688101
3178614501
3178520215
3208461206
3074374070
3061782694
2524780710
2524912822
2524847254
2532193478
2544776262
2444046406
3517736006
3500991813
3232552260
3228355956
3291336564
3290877812
3559300884
3559304469
3563449655
3580161303
3622300935
3538345287
3538339157
3530540533
3597522405
3614307813
3614434805
3605984759
3606042103
3601716599
3605847351
3597457463
3592976511
3542640862
3492441566
3492446110
3496625822
3572122270
3567833782
3567838967
3588810743
3613975927
3597204534
3546938422
3513408550
3505017918
3505013790
3572124951
3572227349
3572096277
3572038932
3580423956
3580424020
3580624852
3580550868
3580812948
3580812980
3513702324
3513636788
3513578484
3513578484
3513053812
3513053749
3513115197
4049990175
4050124350
4083546926
4150786346
4159625258
4159621242
4159686874
4159001802
4117057610
4117037131
4096593961
1949114413
1953178925
1953179437
1978351157
1978349079
2011772423
2011719495
1996018647
1457050071
1457033719
1473810807
1473810789
2002362855
1968940535
4116429277
4250515917
4284193183
4149935007
4149935007
4150189983
4150151135
4151595935
4150555071
4116996527
4125581735
4125520359
4126668279
3590190551
3580755287
3614243141
3614243079
3614308631
3614375255
3614365527
3622749975
3622814007
3589067063
3589076263
3572294967
3563971895
2490367351
2490367351
2515525607
2516572135
3623737333
3623712725
3597498325
3597620693
3614268917
3614277093
3580853751
3580255703
3580321239
3580876246
4126012870
4158977494
3622102487
3580360023
3580294487
3580286325
3563411317
3563353972
3571839861
4041732917
4041594661
4041529127
4033150759
4049922839
4050057990
4083603783
4066823511
4067413335
4067280343
4067279351
4084044279
4085092727
4051547479
4051563863
4051627795
4118212467
4117163873
4117192561
4117045201
4117043153
4117174259
3581351907
3522499938
3522434402
3505657138
3505667410
3505220931
3501190467
3519020353
3523075537
3514680785
3544175953
3544159505
4081038613
4080908085
4080844581
4085036583
4084848183
4084975447
4082882391
4082726775
4049108323
4049149411
4049288675
4042927347
4042927315
4042945985
4059780545
1903809985
1903810513
1937309681
1937276913
1920556529
1920617971
1920630259
1937452531
1903701491
1886928371
1886985587
1895439667
1894677779
1886353171
1902999315
1936545603
846155475
854548435
854425507
854359971
1929141667
1929170087
1929207031
1919905015
1919905239
862940631
325991831
1366244758
1374502358
1441603038
1441733918
1173297470
1164778798
1172847918
1168667966
1168695582
1168699663
1202229581
1202229724
1315481084
1311344120
1312533849
1312730139
3594431515
3597576201
3618543640
1403947480
1370392968
1350560652
1344098204
1344085660
1346181020
1345205164
1882076077
1886258095
1894711806
1894535454
4058836750
3521948170
1374468618
1374460442
3618503194
3618373146
3584717627
3584717097
3702145064
3702206504
3707330616
3698876536
3560461480
3560463000
1411086984
1192897160
1180314249
1138633354
1105084318
1087701222
1089749030
1080868902
1080868898
1089450002
1085251587
1139457280
1122933248
1114278400
1108904480
1377348128
1377348128
1380498853
1918402725
1918419135
857358479
809119887
809115782
807021702
538589862
551254694
548011750
547942950
547926542
552116494
556326927
556388383
808013850
808066346
812268330
817498666
898304714
898251402
931818122
394882699
400057993
391930777
387736505
1461662121
1461064111
1461076142
1456890358
1454563830
1387324390
1386272742
312501998
316686015
333659036
300030876
275126684
275122652
811927640
811924536
811904056
811897881
829207579
858567738
841790522
841258302
841914158
841922158
1945800295
1939508981
1939516404
1925097764
1923983396
1919722532
1915605040
1916715012
1916141573
1916141581
825369919
806500143
1886785067
1895190059
1890568714
1890356810
1621920458
1626647178
1643415978
1673825450
1665522858
1644572826
1645617547
1645617547
1664492459
593896109
598030253
597952429
597964233
850141449
850190345
854430777
854432825
845675577
841480249
858224667
287652890
270941514
275152842
283561562
280266362
1354008122
1352967722
1370268207
1370333757
1403954748
1403885116
1470934828
3615288621
3611163951
4148091951
4114521135
4080962863
4068118303
4074348045
3537419780
1372112384
1346913808
1343890737
1343890467
1413096674
1413022882
1417282738
1560165506
531508610
245696898
111152003
116399011
105933473
104886177
373321601
373352325
373417349
516078997
398638577
357735777
340842275
338748963
338748003
275870439
275928743
299042471
328273575
310389173
310388885
311508125
317815997
304114845
321154269
321355225
321342939
862391755
862926299
862336347
862860635
862786907
829218171
829209977
828751736
837271352
837140248
820363036
820288796
1894095900
1348836412
1365638204
1394946100
3542233124
3529650988
3538039340
3550609960
3550496264
3533761033
3533744650
3533744938
3529807914
3525609514
3525608458
3543564750
1363075790
1346249358
1346249622
1358837158
1354566822
1371016354
1375483042
293414018
276177282
283517634
279171607
278966821
278962724
283157052
291546636
287420184
320911928
325384744
325324329
326502010
1367213002
1367212506
1425281130
1425276970
1425804330
482150426
211363850
93939994
127585227
110811017
115078025
102294440
101249448
101228968
101310888
302605740
306982333
326909373
292437437
275660189
275666397
275531263
275567967
275550494
291803454
292009274
325563418
325565466
828749850
862320698
862320763
862353625
862353865
862343048
863454936
871842393
870830617
870642489
862249257
828694825
812437545
812547385
812546409
812534185
811420601
811563913
830438281
310277001
309248907
317637515
317621163
317498347
317498217
325366073
292533513
292470025
300857625
300923193
300742953
334361912
317632776
317632776
308986120
376033592
384332073
367553835
350911274
216693546
208305002
208227210
219679114
253493386
236191882
240455818
240263615
227697391
479355631
347230951
351291047
338755239
336652718
286325183
286325135
324163981
307427740
307412892
309507996
845321213
845251437
845447469
845455423
841450559
841137214
857929791
811743327
811735245
811735453
811745197
811742893
819987181
836768383
312488463
312795914
312783114
40678414
36345886
2881566
2717758
3029262
7224270
15608463
11470479
27001501
43262636
46408364
47456940
309601196
308553644
325335021
291786729
292314491
325967195
325975387
292420987
292420987
300809594
300938522
32486682
23967034
23969082
57261338
44809498
44809498
44809530
44678521
44807288
48936184
36283608
36275356
304798940
305031388
321792508
288242077
275124111
283514509
283509389
279839421
283902637
283911917
275525613
325963133
292420991
829291903
829275519
871283039
854505823
854440319
853850175
585407551
577608759
590329111
539473719
539407911
606535203
874700338
874728994
2099592498
2137357330
2146298930
2076175394
1520409635
3666712625
3666389248
3666454784
3666525376
3666517120
3654977968
2556152736
2551827105
3091122848
3093203584
3164520064
3163924416
3216286752
3195331616
3191141409
3173866515
3156617490
3160812386
3165522658
3181906850
3215460786
2662866050
2658890882
2654625986
2654659841
2683938592
3183185440
3182004768
3165174576
3177753856
3173555216
2888469520
2888467537
2905521347
2905525442
2770816242
3882093986
3866373542
3874500518
3807585934
3805359758
3805294237
3817875112
3819963048
3786408921
4054848329
4091831051
4091864587
4075073034
3538205194
3538725386
3556563790
3548334302
3546155198
2170426526
2172526734
2213421214
2175672534
2158961655
2158310005
2158261792
2158287648
2229570336
2216991008
2217191728
2217123585
2280034049
2393286402
2397414690
2389482786
2386353186
2386299938
2587757858
2587762946
2575180610
2562654931
2562589328
2628666004
2628568708
2628570516
2355939492
2217527460
3292461221
3577637253
3577621381
3613273989
1442723460
1174213300
1165755040
1144263264
1143219745
1143221779
1147174402
1155587842
1151513602
1151509523
1168290819
1185055745
3336997889
3337062657
3336931699
3338520802
3329550562
3457543394
2400609394
2367046722
2357118274
2361312834
2361392882
2359095010
2241634019
2279376609
2387382240
2656021984
2657005008
2657005008
2675811824
2671572448
2671756240
2537178053
2537174983
3615113126
3614980518
3623631014
3590076582
3573423239
3699258567
3694011463
3425636675
3426702130
3430708002
1423763234
1419560738
1436468993
1436479424
1474146192
1467788208
1451080064
3594426752
3594422656
4131292592
4131160992
4147946208
4096565792
4096569888
4100760112
4117537329
3060638258
3060724258
3060192034
3060155430
3068480550
3202829350
3186494486
3169715206
3094218510
3102617102
4176292366
3634965294
3651668015
3689678957
3672382716
3663736972
3727691916
3729912204
3737166780
3749749156
3716194726
3699422118
3703742134
3562191558
3559045638
3290876422
3291434550
3496750630
3496748647
3505137108
3505194196
3496873172
3228503156
3308223508
3341745157
3262049283
1122935810
1118674962
1118613794
3267146018
3267334499
3265167841
3353248240
3340619216
3340552656
3340532593
3306105394
3307088386
3306826242
3579477554
2516275746
2510869042
2510869010
3618149073
3618157488
3353928612
3341312420
2234008740
2217348260
2486831253
2486839429
2491034053
2494069045
2494098228
2494344708
2544673284
2528088580
2523759124
2523759204
2523759585
3068961702
3068440486
3194260454
3206843334
2939591366
2905778694
2905778695
2905845253
2887907109
2908963111
2942763030
3999674406
4008649958
4025420962
4025354402
1706437026
1823944339
1823813253
1842357893
1875928708
2119217092
2121383172
1986041861
1986042884
1986044932
2116125708
2116260892
2132964636
2037530412
2029402669
2023111215
2023168558
2029797158
2021396758
1480409414
1477820870
1481933254
2034540751
994353356
973452380
973518924
2047252700
2046990588
2114099677
1577212367
1577192398
1577521102
1581587822
1591025958
1590960422
1588855110
1593049538
1608917890
1286480514
1286472323
212272768
77926064
77613728
1148219108
1144057380
1412493100
1412474172
359769404
905026589
902928653
2001963469
2000853645
2000853645
1984073373
1984135868
4127425212
4127318764
4262470252
4145030765
1964059391
1962032110
1974614510
1973553326
2006975646
1454383246
1454399694
1181855838
118722574
70430734
70427662
70687750
69715998
69339422
73533710
99748814
133303182
129190798
397463451
397459384
1471193512
1475387832
1446031608
1446019192
1446031400
1444978728
371220777
388115755
367397675
346425914
481171994
481168138
1558972875
1484538315
1480446923
1482654409
417104473
416055853
432841253
458009124
2051910176
2051981056
2047775760
4195254304
4196319329
3726262515
3728343174
3576303494
3572107926
1420499622
3567790758
3501730470
3501730790
3233293334
3237486598
3229102082
3223019521
3239763968
3242909952
3284829440
3280586608
3284785056
3280731824
3280584352
3347693217
3314129842
3297294754
3301488802
3288901794
3289950338
1159440514
1192930434
1463477378
1463739779
1396623233
1400260257
1940342497
866139745
870328833
840968963
840968995
908077859
908095270
1742976294
1739042854
1706856470
1686667726
1686668238
1690863262
3825839807
3825839871
3980111615
3978997502
2905272302
2905538030
2909097326
2917420398
2913422686
2913363790
2951094799
2951094797
3211072092
3194230636
3194240108
3203153004
3203210348
3199147101
3199104077
3215876175
2649645519
2633913294
2633913054
2633839294
2633839535
3707516397
3707518445
3614185581
3328968725
3329177605
3329109255
3329123591
3329159447
3337523463
3337519367
3320742151
1156482309
1148178197
1148050229
1147961125
1165766437
1180444453
1179399973
1179465059
1179596147
1179522115
115215427
114953219
133825859
99173843
99217827
6939059
7053715
7045523
7046034
15439762
15441555
1089313426
1089321650
1080863650
1076685282
1080880610
1097624930
1106011494
1106187607
1135482193
1135547728
1122850160
1122881888
1114493296
1110290736
1110421776
1127133444
1093048068
1076272644
1344780820
1344649772
3492067884
3492129340
3492592188
3513568748
3555508396
3551215789
3551138205
3518640535
3522831798
3554551206
3546031266
3529249954
3530835122
3529949378
3555188802
1373937926
1348777766
1348844854
1416469782
1416468758
3563952150
3589208343
3580819733
3614366997
3748580629
3748517749
3756849021
3748423292
3714851389
3715905087
3715964543
3716038639
3723902437
3723955684
3589350820
3580965252
3576697733
3574624967
3306186310
3312709398
3321035814
3299015718
3299071014
3298938918
2225197078
2226427157
2226425372
2247395844
2272643652
2253901444
2253836165
2253845951
2261213359
3334743214
3351522478
3310697903
3308731820
3324450732
3324314612
1109864708
1109729540
1126441236
1092624420
1088452645
1084291367
1151514882
1151514882
1151503106
1156623826
1182048754
1177915602
3324936386
3329130691
3338567760
3623727392
3581731108
3577489188
3560713772
3560712728
1417554440
1442720344
1153305551
1421609358
1156843710
1156842678
1147191446
1160958086
1194496390
1177723842
1175626450
1175708467
1322361139
3465585968
3467949344
3483675936
3450251536
2359737092
2359724629
2382138023
2403118758
2386355878
2386514822
2671645062
2638098582
2621382823
3707510951
3701219559
3703316822
3703316806
3702285815
3723292143
3726936559
3592850383
3594431373
3598101133
3606571983
1459092990
1451225118
1378811934
1378680894
1361842214
1882006566
1886267190
816717335
1891436036
1889019412
1356342804
1345859132
1345858092
1345862188
1348012776
1368984232
1367870393
1401442232
1401444249
1116268478
1112073130
1107878826
3256473066
1111477562
1110363150
1114565646
1118680078
1387245593
1135521816
1101967624
3232596280
3228536360
3224807980
3224807988
3224873525
3493702163
3495729874
1352631698
1368293506
1390334081
1381429376
1379295616
1379299712
1916196256
1920328096
1927602656
1927586085
1944100877
1935716363
1898228746
1898219566
1898371118
1902565678
1910921582
1910901230
1937117070
2004292494
2000040910
1969619919
1978020389
1973756453
1956913964
1961632556
1886187272
1883089736
1350077112
1375242920
1367902872
1401539212
1384867487
1389061054
1381752870
1378476070
1378545702
1378534402
1378870274
305048642
288275586
271502722
272583570
273487778
272970402
282407843
280245223
279192365
278930221
283131149
283147020
274790684
275052860
287668281
321338379
304492619
305004939
310247834
315560874
327955374
327426987
830534568
830583384
901952008
894607880
930262808
640723240
640727081
640723003
638826507
638753803
571621451
588382347
538051003
538051243
550905519
546645679
546320047
546320007
545265287
562038663
871417239
862059943
862186983
862186999
862093127
862092119
870546231
836983095
836835623
836852023
820280599
811889951
811987998
828896286
291877950
292003134
291872254
334797758
331648958
294100638
294057630
1405546382
1472654670
1467377950
1466378542
1449404462
384056430
396826060
94769612
94831076
83125220
70570868
70287636
69247236
69312772
69382405
73568525
98735132
99720252
1473361948
1464244236
1464240137
1464241115
1472629438
3620114078
3621234318
3715416710
3711222678
3711713702
3715985827
3757990305
3737018784
3741213056
3731772736
3727641664
3727480880
3748444448
3723274529
4255557925
4238853381
3715948805
3711230213
3711430917
4246131045
4246198119
4249217766
4152752870
4136618662
4137667262
4074622606
4068233870
4064019342
1933509566
1883120046
1885741230
1893994730
1889797163
1889869067
816195849
820259595
283392570
283405114
300416010
56931338
57458906
58491054
1408798894
1404670126
1369087406
1369091748
1402646164
1402644100
1400611652
1362735364
1344901124
1948890148
1948822565
1949100326
1978988838
4157950758
4140764870
4140701318
3620614790
3755878038
3717932966
2643996071
2627217829
2362976389
2379753604
2405121349
2398762757
2259292757
3333112565
3333186277
3333219237
3337417645
3324792237
3341773215
3308153230
3291408842
3291392334
3224283918
3513757454
3551302430
3534525246
3601642040
2527900216
2460521004
2473099820
2435499548
2418724376
2955594792
2960017448
2968279081
2498505738
3573492746
3560910602
3560910430
3558813422
3575383742
3621258670
3263692974
3331985558
3349024903
3315478663
3292475462
3291245862
3295471910
3299666214
3299715415
3282999749
3270412741
2188349332
2184027828
2183964340
2188227316
2188292676
2205086220
2213073453
2175328813
3249070637
3517502253
2439627049
2418573595
2418639899
3492526335
4029327614
4030376078
4030634126
1910475150
1909902991
1935037133
1914057293
1932927549
4079362863
4049872175
4054084646
4054120550
1973737670
1442090118
1465156998
1464316807
1464263301
1465279169
1450583809
1181093153
1180961824
1180970017
1189356577
1189355573
1189421381
1190536135
1106645638
16123526
16206470
15026822
10832798
10829758
10756526
10756269
1088905336
1097253144
1092912424
1076149032
1076144684
3227822877
3253053711
3282483982
3270411790
3538846415
3539632781
3538588293
3538608773
3530257313
3525858720
3526124705
4046282849
4046348292
1898864644
1362059532
1394893580
304378664
305939752
1381763113
1407060027
1369311242
1352538314
1354377354
1151957390
1156078990
74253710
74322318
74330510
73871782
74904486
7857126
275047206
275050278
291810087
333752325
317102084
317102084
304532484
1378336780
1395442044
1362076396
1895731880
1889384104
1888267948
1905041053
4090267278
3553546910
3519968174
3504218534
3564511398
3564511334
3563401238
1416896526
1416896526
1424236557
350692616
90580248
1148063512
1097812760
1194122072
1182575496
1182566792
108957577
1191089545
1186894731
1185846158
1185870495
1202615205
1173316519
1147937703
1416373171
1416390531
1416423137
1894690627
1894684995
1911527699
1910814757
1935980580
1915000868
1914747916
1914921996
1914843204
1932920804
1937116901
1905659622
4053146342
4055132914
4055132866
3522494018
3514205762
3521573442
3581305410
3581157990
3610518118
3711186286
3715509359
3724421165
3703384093
3703367693
3707546632
3699158280
3711678280
3711604425
3711672057
4252614379
4244224751
4244348543
4244278813
4113548861
4113356069
4079272997
3798291493
3806802997
1651909703
1647715526
1662395634
1897268646
559812262
549326502
548932230
547105487
563887820
870241084
890692156
891200056
893231640
876392984
879529496
879540760
1961736728
1979550712
1979550616
2010876809
1985936777
1984853386
1984848314
1917198762
1925587118
4090892718
4083630502
1936028614
1902405318
1902405334
1902411622
1902475638
1944467575
1944991991
1945057407
1945058397
871251229
828841244
287579420
270810396
275070236
812071964
811938877
283390269
299913503
299954463
283149099
812688171
811836185
543403801
543337225
552774425
567524313
592742795
570919819
1644595082
1645626250
1916142490
1915097514
1927684526
1906647142
1889804322
1889804290
1352999170
1353065219
10883633
1085166133
1152275972
1206844932
1181649669
1181583687
1182579174
3595876774
3621038502
4153781662
4153845134
4153836190
4143350437
4130841252
4130841252
4063683252
4062659316
4062511972
4062459172
3797951525
3802149927
4137817142
4137817110
4137825286
4154469382
3584452870
3571902918
3571895191
3573337013
3033832372
3170148260
3170146220
3178603244
3212288564
3212091956
2943672868
2942624293
2942591527
2950967086
2917927982
2775320622
3849136154
3827969114
3827966090
1948918154
1961501066
1957175691
1957167497
1957227657
347707609
1420531725
1353357325
1353362445
1374594063
1399758863
1378779151
1378255887
1378256879
1378256551
1915150999
1931961030
1931756110
1932313455
3811363949
3823958125
3786336492
3769559948
3790535308
1898727053
1630274189
3777757886
3811378090
3823902894
3819184302
3819185382
4087758022
4070976518
1923509254
1386542134
1386542118
1403845670
1353710630
1357630770
1349111042
1076489474
1076620547
1076555025
1097526560
1181387040
1450888512
1450886592
1446965696
1111413056
1110430688
1111319264
1396515572
1345794764
1349979740
1358187112
1354029929
1351924587
1351919930
1888528650
1371572490
1379962170
1375830074
1376956446
1444339774
1446404149
3592826884
3576561668
3563980272
3568253348
3568122532
3501013652
3501145735
3232567942
3249279638
3287024318
3261338542
3257152874
3257149738
3257231642
3257329930
3525618443
3538726667
3534521098
4088300043
4089360939
4055802667
4038960427
4059868201
4051496041
3509331051
2469200111
2451964078
2451964070
2456163111
3534098981
3550749204
3555993092
3249810948
1085680204
1086196364
1086196364
1084754604
3253485230
3240896170
1126978218
1109672874
1109676986
35944346
35942282
316992394
312733599
313693597
330465693
1374847421
1344319917
1344316917
1344319429
1344383815
270637911
1348914038
1374084470
1407645030
1407701366
1407643654
1408159766
1399706678
1399641382
1399649590
1399711502
1408171791
1408139087
1408139229
1408186877
1408186797
1366235577
1366101433
1361909145
1361851801
1365520891
1365533163
1373987311
1373992445
300283357
300211549
291853693
325538165
325529909
325529885
325464349
325465881
291970873
275013433
275012408
275643160
275707144
275755273
275558665
283935787
284462319
835172526
1942403230
1925622239
1925622271
1917297911
4060524933
4060520837
4061586309
4080464805
3761205925
1613506279
1617702631
1626094447
1621891375
1672218671
1655445631
1655188687
578560143
842801295
840827070
806224302
810422974
814088958
817253950
816073246
279239183
279226887
296003911
325499079
304512397
304480653
304481189
304489383
308748967
333783719
866395047
866395111
866395606
299920767
299956607
300153693
300153693
300154717
333643645
325320557
325172589
325107069
861969759
1935774991
1902351647
1902286143
1885517118
1885519678
1902624542
1902427678
1935998526
4066770494
4075222847
4142331181
4142854184
4159553592
4151170072
3026580744
4100450072
4108768792
4108768792
4108738075
4108590846
4101257902
4029950894
4030073006
1932926110
1920349342
1920348302
1927688334
1927696518
1390461158
1390469615
1935713647
1935777087
1944231711
1944237599
1944237599
2002892350
2002826782
2002904606
1936064318
1936194878
1944509822
4091992318
4091993309
4092024028
1902597212
1902563356
1902629148
1885704472
1948545848
4045694776
4028923689
1881439033
1894153067
1890482603
1890323339
1908149642
1908146570
1908289979
1375084975
1366696367
1344545255
1344545079
1344545031
274997509
14950669
15143228
31864120
98975032
1173240584
1173256715
1173244426
1206438506
1172892330
1206407082
1202192826
1118372250
1135215002
1084887482
1084891309
1088954532
1076374752
1143494896
1077434576
20605056
37415296
37668224
37650816
37650816
37520288
37528484
303866796
307537656
307538552
318089848
1927785048
1923529289
1923516954
4091972906
4033261610
4029055274
4029055306
4028953418
4028900318
1898194862
1931885990
4066781606
4066777510
4070967718
4087822726
1906633030
1940172039
1390908677
1390785540
1390710800
1382323232
1378155552
3542563872
3223730224
3224254512
3224254768
3236825792
3232631424
1084956288
1084823171
1102919346
1136404130
3265029794
3256645538
3256145830
3273981894
3274075918
3307612942
3307547406
3299162430
3299752222
3299753278
3299504438
3433623846
3433595185
3434643952
3438915744
3430453408
3426320628
3443426500
3458631756
3458644236
3324160268
3592600332
3597769708
3597707945
3595609787
4115710619
4114858682
4124201642
4157756074
4143337902
4143202414
4133797926
4129615887
4129678351
1998973967
1948645695
1952889151
1961277726
2096532430
2111082382
2135205774
2114232782
2115367383
4128690405
4147540196
4117108144
4033744256
4042132352
3505327760
1370300048
1369716401
1403266723
1403266466
1369716130
1357134982
1348758662
1344302470
270659030
287569366
287503830
333575670
1944368486
1944368502
1407499542
1365622022
3513096470
3546782518
3521568567
3521543958
3517333254
3501014814
3232579374
3232054574
3232045358
3232041263
3252951319
3252952327
3244563717
3245802753
3239384323
3238266130
3221507346
1078771986
1083146563
1083081155
1082560897
1082560896
1086755200
1074172288
1090952576
1124514176
1124575620
1191569877
1191569877
1191538127
1196763087
1205274591
1188431838
1183979486
1184044926
1200699254
1305487223
1305486199
1154490727
1145053667
1145250291
1145188818
1161957826
1162039762
1203852754
1203797474
1203826146
1170270690
1170340338
1162008962
1170394562
1170460114
1199687027
1200735601
1206965536
1177609505
1177611619
1177610595
1179904466
1188228034
1188232130
1203952594
1203850610
1203784994
1171283233
1171291424
1156607264
1147169056
1147361536
1160923392
1158925648
1191431536
1191304560
1174465905
100724083
104918498
130087394
125884899
1166068199
1170328037
1170336245
1161947508
1162079508
1162083669
1170470261
1195628021
1195608023
1195544535
1195560887
1195441077
1203792821
130050996
130034092
88308140
88276412
117683604
1459724436
1426170068
1427222804
1429320980
3295718932
3294726676
3294800385
3311593986
2238851586
2377258502
2410808103
2410872869
2411004004
2410939628
2411482252
2406254732
2402060428
3441926029
3441868430
3425087150
1546757798
1429243558
1460909702
1443014598
369272066
906145795
907276337
926085152
895930384
1961279492
1961280516
1961774100
1962887280
886589920
886582245
886581926
903360150
920135318
385426358
377356726
1450574258
1448542610
1456493538
1452339942
1469093414
1471196694
1471196950
1471194390
1609610526
2138222878
4285698846
4252402458
4252403498
4250719530
4015828265
4011633688
4013853704
4013591624
4017720824
3883451896
3878213624
3845714937
3845747641
3845874601
3833291689
3841644457
3837447592
3835353528
3852200328
3856526792
3881693000
3860817416
3996525100
3996594732
3996463660
1853108780
1861497197
1857290473
1857290409
2109603979
2096505995
2088656330
1547034570
1415900138
1424256363
1424287019
1420092729
4104438809
4105077801
3569263897
3590235405
3623782159
3531572767
3528955422
3524776510
3524579886
3525071406
3541914158
3512686398
3504297791
3504297783
3504289541
3494733573
3494737173
3519829285
3553444915
3553547283
3536770067
3529429009
3525267536
1394561360
1394225984
1360933700
1415525332
1415525876
1423785455
1352472814
1351882926
1351899310
1402271918
1200946398
1200944590
1173680974
1148510743
1075307045
1075241760
1075241248
1342628128
1363591441
1397212482
1380425682
1380425362
1376225922
1376230034
1447550610
1447425699
1455716001
3603198944
3737936368
3737990256
3737984100
3747162613
3680053749
2312837591
2308574358
2308637878
2308440230
2310545646
2310545646
2314780910
2347291854
2343151046
2343284166
2411441126
2407127911
2403027495
2403011079
2235173383
2239376135
2247779655
2243616966
2277089446
2277019823
2247655853
2238218684
2217252748
2217254860
2486012172
2418968844
2435754252
2435755276
4079936776
4079941401
4084090681
4085139435
4085209067
4049425899
4057846267
4057788747
4057789515
4057789535
4049400943
4049531951
4116641087
3579761943
3579728135
3581833543
3581817687
3613267541
3621721701
3604821605
3600627317
3600643605
3604838149
3604837207
3613209463
1360343934
1342510062
1342511038
1342641566
1346835854
1346704798
1346712734
272983199
281306303
281343423
277661181
281855773
273979157
269854485
272082193
1345758211
1903603715
1934786867
1918079795
1918362131
1914098193
1913012945
1913586353
1930237861
1930243237
1909013671
1904741551
1904741631
1367880911
1351147597
1351409949
1351394073
1355784729
1373021721
1364637273
1398181465
3545664472
3528953304
4067728632
4067732712
4067747048
4067882232
2994655480
3003040248
3003109864
2998690280
2461802923
2464493994
3555014062
3513196462
3513130902
3496427142
1348936326
1348805270
1348805534
1365582302
3513200906
1361476618
1462040842
1193597226
1198320426
1471142666
1470815754
3618275850
3618276171
3753542568
3757670824
3749224872
3745033628
3745032588
3609832332
3609914252
3576328124
3576329644
3496874493
3504804351
1357329919
1348820439
1348755414
1365532630
1365628886
1399255382
1466360078
1449586975
1445327167
1445221693
1449418557
1466190653
1474583359
1474653055
1441164799
1441162654
1442271630
1430778254
1397223838
1398256023
1400288725
1399176549
1935981924
1902423396
1902556420
1902544132
1903068484
1886373236
1886180709
1894540646
1886135590
1885738790
1902511926
1898387254
1902395166
1944334110
1944334094
870595854
837106974
838276382
836177950
831864862
830783582
293912830
