1829944463
1829942413
3977422029
3977416957
3977418085
3849508645
3849766439
2808497719
2808438295
2791667207
2791663191
2791602151
2791593447
2801096119
4023873687
4023873671
4258754759
4260827607
4252316023
4252247847
4251199278
4251401534
4251393310
4293203982
4226627614
4223630350
4223597582
4206875662
3674067999
3690762589
3680350668
4183208916
4183265972
4182046628
4182042532
4182107556
4165326052
4232565988
4233288789
4233297156
4250065156
4285778708
4266721076
3201361460
3201430068
3201389172
3200348885
3201528823
3201503663
3083863214
3052668142
3044351190
3581357270
3581291990
3581296582
3581294279
3581372101
3589797573
3589642197
3589379925
4107320695
4107382103
4107512150
4107508086
3849624934
3845436518
3845431399
3879071847
3879096357
3862298661
3862302757
3866563941
3866443237
3891346151
3852672759
4105375366
4105373318
4103149190
4103173774
4102092742
3583044983
3620793447
3604016357
3598185685
3593913541
3611181525
3577696757
3565123239
3564009207
3571861079
3571959319
3571500855
4120962343
4125140023
4159807511
4151550005
4147352613
4111696949
4114011157
4147576069
4151758597
4160212821
4143304677
4143216551
4134822311
4130370486
4147336118
4115813046
4107420342
4107367126
4107331158
4107333143
4101107477
4126276917
4159724596
4142945333
4135011349
4134944837
4130788695
4130862423
4151827830
4118203734
4109884886
4105545175
4109754583
4109689031
4101337541
4101976565
3565036389
3573495333
3572305445
4109110817
4109123345
4100747009
1953328389
1979174149
1459080471
1593302023
506871815
439746563
438775830
440217654
977023279
1006187307
951721579
951728843
414800523
414751375
410557071
1549313983
1549312943
1590206895
2123014559
4270760349
4276008437
4275998053
4267150693
3191184677
3207970085
3174424869
3178750335
3177664863
3187102590
3187086182
4260692838
4260628326
4252254054
4233375575
4250365639
4250298311
4250326983
4250387847
4118267013
4151823573
4151827669
4160133332
3069615444
3069706036
3069502004
3077857828
3073647205
3174445669
3187020519
3165980326
3165917094
3182697894
3186904310
3178613830
3178667014
3178669062
3178734598
3161957654
3161962263
3161888279
3162412599
3179266613
3174945381
2939737836
2927124068
2926071140
2942831732
4017757252
4286194884
4252639300
4261359732
4261359861
2113802439
2088108230
2096578278
2096376558
2090076910
2090150606
2094344910
1557425870
1565816398
1609875822
1593081966
1458868334
1993846910
1993388142
1456504879
1447068735
3611464733
3745705021
3709005076
3742787860
3746979604
3747041076
3730130740
3738522420
3739169556
3604886020
1440617025
1423836146
1426002402
1425605094
1417220342
1417229558
1413299454
1417625038
1467969486
1459478351
1459418713
1593615993
1610389113
1610396521
3724325483
3724321387
3720128379
3724518745
4286493929
4282287337
3745498345
3743404249
3709522252
4250554701
2086302045
2086478183
1549541735
1549541414
1545154598
1562259718
1602097414
511574798
511050510
518981182
515710718
515714747
515665595
532459419
503103371
360484747
355435913
355370377
354922969
388342201
371564729
388391337
388374953
1432773049
1417069545
1962403821
1957996399
1961927951
1961926926
1970307342
1970770238
2012648750
2002171246
1985410558
1985967583
1981756671
2002202861
2004291693
2004156716
1903493436
1903502140
1937057405
2010588925
399845069
333250189
294440589
298565525
298762119
333364614
1398715798
1398579366
1381277926
1916117223
1983295703
1999040709
2003235957
1936119141
4049946405
4049894949
4058279477
4091932213
4092057141
4125488663
4125487623
4126536535
4126528358
4160083302
3086286310
4084596214
4084596182
4080489942
3510064598
3496432086
2422673879
2422552055
2430957415
2431090549
2431115221
2426928981
2443706181
2477645639
2481767751
2464994662
2993481062
2993481702
2993483750
2976899062
2959794066
2960054146
2960119171
2968319379
2959926515
2976703715
3018648675
3018833187
3001540403
3009928978
3009924610
2972179987
2972055155
2976216931
2708427617
2783789937
2783822672
2783757584
2817318192
2808936756
2808981812
2926553396
2926029108
2921707780
2921641221
2939462916
2870468924
2836854573
2836580133
2842873637
2842807077
2876295477
2876307765
2857434421
2857499933
2857495837
2874403901
2874399789
2910014831
2910014975
2943503350
2943568630
2935048950
2934995606
2867867607
2951751639
2901488087
2901475795
2901606866
2891132370
2891000050
2899405042
2897475826
2897467602
2928859331
3868390849
3872580033
3858850240
3858768352
3841995232
2752778725
2757168485
2763393893
2762394455
2779175751
2795940423
2796006919
3869606407
3866411783
4130623783
3040092263
3023315047
3023514727
2755008615
2766539254
2762361814
2795952838
2795945671
2795872975
3065295823
3069485551
3056918767
3021234287
3023520879
2755004527
2754771311
2767383423
2897459807
2947725901
2928916037
2928980805
2924773701
2920583525
2922688997
2922897901
2922835439
2922831343
2943601662
2951991262
2918440782
2918313742
2901534495
3966887711
3967020863
3983801663
3983662445
4017180157
2943438077
2943442109
2943450300
2909953436
2775744412
2775744220
2784198396
2784067188
2779807284
2779807284
2711649876
2715840085
2716100309
2741262068
2742306740
2717142932
2717343124
2717220276
2716171445
2716130549
2749750389
2749754391
2749885719
2741431575
2741480727
2741350199
2741477175
2741929750
2708390662
2708402454
2708238374
2758021158
2753826854
2753900582
2753965110
2753968374
2766543094
2762345366
2762361478
2796019335
2796937863
3065308037
3061117317
2989842861
2989842852
3006752229
2959572453
2699558903
2695364574
2699419470
2716178190
2742327054
2725622543
2725753631
2742415661
2771673389
2754634021
2754819111
2754747431
2758937638
2766293302
2762164694
2813844934
2931291526
3199594887
3201585543
3188982181
3188994981
3205833637
3038192559
3036111807
2763519999
2777938894
2811276111
2794498895
3872434447
3864051469
3859912461
3879043865
3845624105
3979780393
3962761261
3979591789
3983623405
3983754477
4017308925
4025679069
4025679327
4008963551
4025741119
4025613887
4017157695
3983599135
3979404063
3979600671
3979597679
3983626223
3982512111
2908819453
2950893277
2883788508
2883794636
2850103884
2850038540
2850104092
2833327420
2829129004
2830175549
3903929375
3901762574
3901760522
4185924618
4190188634
4190311642
4215477722
2067863002
2067871194
2068133723
2068264795
2068182281
1766176025
1766176089
1766178649
1774567257
1799732809
1799733065
3926368089
3926234985
3926168937
3926241641
3926373229
3926307821
3926299631
3943089135
4015506927
3984051694
3982576894
3982580990
3982585055
2908972479
2908894653
2908889020
2908954524
2782994076
2767204028
2763075292
2763075292
2779983564
2779852492
2712692444
2750445309
2750432959
2742308543
2742308798
2742374366
2817883614
2816765278
2816814366
2951034654
2951164702
2909217054
2909086014
2825130030
2833515566
2833318974
3908176926
4176619534
4174587918
4173409294
2026054670
2026270990
2034683982
2034679887
2034614365
2042949757
2026169724
2026352476
2026355292
2017851992
2017844825
2030559049
2064568139
2064533258
2035172158
2035110702
2018276142
2018255166
2026184991
2026205501
2034753837
2034738559
2034679759
1766300622
1766168974
1774565790
1808055742
3930363838
3993277342
3993473679
3993408143
3993162415
2785203111
2786088359
2809154790
2779859054
2780022846
2796742926
2796744462
2796741127
2800931335
2790507255
2769318887
2752520615
2752524455
2752582823
2756910246
2761062567
2777872855
2813786373
2797072133
2796873476
2792681988
2805330460
2771726908
2754949679
2754952998
2754677030
2767521894
2763475046
2897725638
2929196230
2929107142
2929107142
2933305541
2922754468
2922684836
2922678180
2922745828
2922815460
2939682660
2943477620
2909857548
2905665100
3962826621
3979534317
2909915628
2909850108
2943372765
2943479245
2943610205
4025675565
3992178477
3992047413
3975208725
3966823685
3962694933
3962764581
3966945573
3983788341
4015184209
4015192913
4015184849
4015128529
4015058933
4015062503
2941373943
2941373943
2943606135
2941517687
2916212535
2916210487
2907731735
2907727638
2909889910
2842918390
3916893686
3925281270
3925674198
3925678294
3925813463
3908971719
3904775233
3904775233
3904778304
3902746944
1759323985
1775052785
2077042419
2060400259
2059875970
2076521090
2143622038
483210678
478952790
1552488719
1552537869
1574549773
1591326988
1584971084
1584964956
1593348312
1457029288
3604512936
3604496553
3587834031
3573429678
3236835238
3303944102
3303813010
3296472770
3292278354
3292403202
1149113857
1207834112
1189966336
1181602048
3329196048
3338637329
3332342801
3331165495
3481575206
3481576998
2378474030
2353308270
2349183995
2219295691
3294577546
3562997658
3558738603
3560848043
3560839851
3560774283
3564924809
3715917192
3749503112
3728142552
3726004296
3725984008
3461808952
1322595112
3467911721
3484755754
3434427706
3434363946
3432271034
3436497050
3423439034
1277140122
1295883402
1329436042
1315800009
1315668760
1315877160
1311678764
1580130348
1596907533
1562800399
1546011919
1551845183
1557986925
1553526508
1423503020
1423485884
1415089564
1410903452
1427690892
1429901708
1463456156
1450873300
4076769588
4071003445
4070947879
4087655462
4054101286
3496273702
3492176406
1344668162
1412825602
1410798114
1343497058
1351889250
1421148258
1438515267
381555781
246221893
242075973
237894007
1315826686
1324216286
1324220062
1319933594
1320981146
3468661658
3483104170
3482902954
3449348522
3449350126
3489195631
3479731759
3475508799
3442018062
3374993670
3362418695
3366608901
1219129348
1219055632
1240227940
1261187556
1262223868
1245053388
185995724
151401821
138750251
147089707
143977243
143960905
160731081
200576472
183796920
1324713113
1324781707
1341563023
1299624350
1295155942
1295483622
1295311586
1299506018
1307894114
1341513762
3354841106
3338063874
3338060035
3337535761
3337573136
3337582352
3345570644
3345566324
3580447460
3714669228
3723294396
3723813784
1559552968
1548796889
1561362793
1561632041
2132060457
2115282985
2120001657
2122179785
2121855177
2004435145
1948909705
1948922283
1412047530
1349133994
1357580970
1357384379
1353202313
1403538056
1391284104
1122944968
3270365960
3333206809
3333202731
3618414890
3618611498
2549003562
2280621374
2406467582
2407462878
3481151438
3407685582
3378259310
3646754094
3657252143
3656198189
3655728157
3680877828
2066198788
2067247364
2065010948
2063897372
1761915692
1745134380
1745141612
3892755325
3892754895
3892771327
3910064623
3915270639
1845429702
2112422214
2087391555
1953116449
1424695649
1420370401
1554588065
1554653569
1604986243
246094210
245975426
250185858
246126738
246126738
514702690
1588372775
1592566821
1584178220
1579983916
1579983916
1580196884
3728635141
3745384247
3716022822
3719956006
4105766438
3568842278
3566745398
3498851599
1347160333
1342967068
1343098492
1359886076
1393435388
840442588
844636620
844628153
839385257
839648507
273486939
273569099
281997003
345435850
76607162
212897454
216043422
208700806
206759302
205678022
214049234
142747475
143800099
147998499
1223877379
1231192835
1264681747
1265668915
1263575587
1530963491
1522576933
3665996292
3665992260
3666250436
3670837924
3659329188
3676075684
3644588708
3625718677
3625918611
3636863139
1485181154
1485964386
1569864706
1601317122
1584540162
1315126786
1316164210
1316045282
1582330082
1581314290
1589678150
1585488918
1585494079
1585690652
1586735388
3597777180
3610741532
3611201356
3709764556
3709780940
3574489599
3587122159
3587450855
3570673639
3566678007
3499245557
3499165684
3499100148
3503302628
3494913396
3507975508
1092080645
1096057862
1104450834
1355058978
1355124514
1355259426
1372495634
1372503042
1372496898
1365156977
1428157664
1411257536
1411003520
1413102752
876224160
1912475297
1941851795
1991233219
1991032387
4138509825
4138509857
4134315553
4150769184
4150703632
3882255872
3882255888
2808468323
2804179426
3039047906
3022262754
3022393794
4096135618
4108649954
4105444839
4105972965
3049008628
3065900484
2529144260
2532150732
2519306060
2519699220
3526342436
4050626341
4042252582
4042092582
4033695846
4029419750
4029415586
4079878582
4067295878
1391345282
1405033090
1371291378
1358704626
1356606930
1356608726
1084110150
1086223622
1186877190
1185505030
1185541894
1185546034
1185543974
1189667622
1189651247
1449698092
1450938860
1379440060
1395170444
1395165324
1932232860
1898612892
1881840797
1881839037
1886036415
1886036927
4034437823
3763905263
3763898085
3758656245
2702883559
2742741607
2800413287
2800446199
2733313751
2733250182
3798606470
3815318166
3781697959
3790340271
3769368811
1621889049
1626152969
1886150664
1881992200
1898227976
824544008
807832328
1349421321
1349421835
1416269322
3699082954
3698033358
3697971934
3697996518
3723157990
2661998818
2661933298
2662068609
3735761280
3748144560
2636656032
2619881888
2485983396
2491292836
3584951428
3601663428
3735359941
3467011909
3467014007
3466930470
3471059246
3480497198
3442480174
3476160798
3430023430
1284637446
1284514566
1284514086
1284530469
1276140581
1276463141
202819589
71207364
120237508
107644292
250118556
241729980
237606332
439074172
438938924
438871341
438853929
438903051
455737610
409600267
413794619
413796329
413675433
413724585
417902521
946386825
996843465
1046908169
1056081931
1045608571
2115021035
2113971435
2115018971
4229152923
4231151791
4234543535
4238750631
4238545895
4238349043
4289992259
4277216837
3732088405
3598129013
3591705949
3591724109
3608436044
3608436040
3612663672
1465706088
1476186745
1472053961
1438335627
1425671822
1417296558
1413098414
1413442982
1413282982
1433727190
1474613447
1457832005
1457684485
1458757941
1459087141
1188369959
1188824679
3336308326
3344502311
3311082791
3296406823
3304793095
3299484679
3299533062
3300888838
3300692326
3302793702
3289182694
3289171438
3289369046
3293497814
3432679926
3300571638
3299387863
3353912709
3328999812
3324936324
3324936320
3593371792
3593388448
3611288544
3560235552
1546969632
1551229493
2096063239
2146385167
1592727567
1593772045
3739027497
3730585832
1582574056
1582577032
1567884168
1555497864
1553400488
1418732201
1417683626
1421878958
336605102
286519294
322092302
859024654
593603855
602125581
576950540
862163228
825725236
1880396580
1879098213
1879049941
1879183047
1879181922
1954687266
1955751970
1974691842
2007165954
1453495490
1449361538
1445167251
1446154387
1446171059
1444111265
1460675239
1431315111
1414538855
1960257063
1421286965
1421090581
1425288973
1425302797
1434221837
1451130207
1451122143
1451151183
1459605319
1459406615
1182028599
1182544183
1180447031
1193029939
1142763555
73277731
73277731
16396035
12192321
12257984
27859648
44567236
48762612
40391669
36204973
36463023
305950891
302825898
319603114
810259883
810530299
810331642
810331546
810007946
827760010
869703050
332832154
331719851
331653273
323453128
289833240
1343652664
1350468136
1895731752
1890558521
1891480091
1352176171
3566764586
3561521722
3557543434
3691699034
3691702767
3691702511
3712740543
4288312462
3734663310
3734655119
3736813725
3741008044
3728241892
3728239844
3745015268
3743048260
3722105349
3717906959
3717759614
3700990958
3705185710
3696798894
3692689598
3692755102
3709499807
3743308487
1467894343
1450053127
1449924115
1382818595
1382293857
1382445297
1457930480
1450066048
1466843520
1432872897
1424465635
1421196130
3568609570
3572803618
3564418087
3560214535
3560366085
3698516741
3706896917
3702964789
3702933039
3706990126
3697553198
3714325806
3710329870
1597903946
1597899850
1430193483
1417616699
83835183
83115310
83109150
83120390
83149062
79135687
1152824247
1203151283
1189519745
1181189505
1176866193
1445434803
1445442995
1449654183
1457907431
1474586597
1441032047
1432644975
3576980839
3610711157
3610645957
1467351429
1459052981
1459053493
1471603380
1438114452
1435824789
1423758997
3564945381
3576477991
3576473895
3610028325
4130253573
4134442501
4133913093
4142039557
4142039585
4142039841
4137918497
3068166179
2787160099
3860897827
4011910179
3978492979
3961933074
3966126690
3974974050
3970771570
3974965842
3966511442
3967561026
4252312818
2146840818
2130051266
2130063554
2130126290
1045898578
509030706
511119667
511128369
1056387636
1052054044
530896392
1017948684
883927564
1022200333
1013812046
472422862
1546170574
1479323902
1496174830
1529491686
3664392678
3689553906
3685431906
2611493474
2611489378
2577933890
2309497414
2309562951
2313753207
3379049331
3379048753
3379041313
3362264096
3362268192
3362268176
1215001600
1210735680
1210762304
1210762560
1227612497
153739603
191607235
183147971
1252706759
1256966647
1248393702
1244195302
1244161526
1248407750
1265303630
1273692606
1307059118
229123757
229190316
94976684
94899900
99104440
90710680
86520504
86561704
86562665
86564138
86830382
123784510
262266142
262405406
195558686
196013343
162196796
163245340
186307868
186303756
186223884
187211132
187215212
191412716
191478269
191543757
153802893
153802957
153778375
157973959
158031319
166296950
167474998
167409430
167503670
158918438
167292710
167288630
163089766
195595750
195598821
1269414132
1273673940
1261160660
1262045428
1262057572
1226452084
151658821
155853639
164311638
164377190
147595886
147665534
143605338
160250459
160185177
193755977
197942088
172808520
168090952
168084809
185057625
185004379
189178202
189247850
189773290
198162923
197769705
197769720
197782008
189398488
151769548
151765452
151765468
151671789
155874285
198080487
193882950
181304134
172906822
172969286
172774782
181170494
193556766
143282442
1217025802
1217093467
1222118249
1213757803
1209563498
1259961690
1243272526
1247400286
1251533166
3417891182
3418091878
3416953174
3383395526
3387657431
3379268853
3412762004
3412759940
3396055444
3395858852
3395858596
3391680684
3391714557
3408541789
1227503887
1210718991
1223301647
1219041823
1218979369
1218978345
1223176745
1214792248
1227571832
1265329020
1248391020
183003500
183007524
174602532
174734596
170540292
170525956
170526016
187320128
153767248
158025171
166315474
166315474
141284818
141293010
141258098
157907314
233392418
262736177
246094096
250312976
241794320
237598064
237565296
254334304
254402017
220847603
225033714
233422290
233422323
216635891
216766961
208386513
141294033
157936115
158067154
158031314
191618514
191626706
258604530
266989042
262782450
262772115
195794321
233420209
220769697
220835249
220958097
225152401
225156497
233551281
233415845
208250021
208254135
1277795767
1282128311
1282120694
1290509046
1290387186
1307107954
1281942131
1277780529
1277899285
1546334996
1550455092
1550516524
1290474812
1290353980
1290287928
1290365464
1282009864
1281919260
1156089964
1156091052
1152029836
1206554764
1190039948
1190056839
1190056598
3332797094
3338019494
3337889702
3597935078
3543408694
1361403918
1361403918
1348789529
1348758809
291831560
287624985
288245065
322860507
320611499
324801707
298583211
9309630
9321950
13510982
81686274
81719043
83814163
99254563
115900433
115908608
237666304
237666304
237667344
170568929
170501283
255434914
490397826
1564098690
1547633810
1417612706
1421818530
1421160098
1421094567
1421108917
1475634829
1444995788
1444976636
1461759868
1461759869
1965271327
1969404174
1952619806
1952944446
4100231470
4117016878
4125995839
4126126653
4126077492
3077502524
2502915644
2502762012
2502368828
2506506044
2443578685
2443512895
2443447422
2443977982
3517736190
3513639070
2420015518
2434708927
2434711455
2971578317
3076369997
3076318749
3059507773
3193188927
3195810362
3221172762
3148690730
3114805290
3114797098
3098020090
3093960842
4163566730
3627738251
1496884105
1528357513
1511580301
1510990527
1578033639
2114367527
2119598119
1987412007
1994702095
1889906188
1889975820
1894157836
1882115596
1345090092
3492554284
3492556076
3558606949
1418479846
1888278770
4035762386
3499007186
3599671490
3599409346
3740967106
1315619265
1311441344
1311444944
1311391264
1311450656
1323901472
1320690464
1337471267
1308177666
1283074306
1215957442
1210653666
1281895330
1286175634
3434730882
3333980562
3333980594
3334181795
3468207013
2393417636
2385022372
2385283500
2385303869
2402286863
2402215690
3446579978
3450774282
3433795849
3433602092
3702037612
3697838252
3710625932
3710561420
3744114060
3745146252
3728615324
3593873148
3608544796
3346140956
3315666748
3298835756
3298831653
3298897174
3299282374
1151602086
1156319650
1143770530
1193643442
1176937858
1445110146
1981981570
1981980995
1713407025
1713411107
1713417250
1713482802
1713551618
1713560066
1713556002
1852197410
1856835107
1856766244
4004261940
1722556484
1681727628
1681268872
1679699080
605960872
617945769
882121386
882121386
882116298
884213258
1421094410
1148480810
1144318250
1161046330
1182141710
1191051726
1186906574
1184793566
3466503086
3750273709
3716719276
2630659820
2484636204
2486799164
2485881628
2485827844
2436801796
2973679924
2440970596
2424176996
2499683172
2498639712
2498575136
2498246929
2490906897
3290970129
3312139265
3320456195
3350093827
1202634946
1169146258
1173340579
1165538211
1161343650
1195094658
1446688386
1446755990
1449696230
1449699622
1449961526
1445767191
2116856855
2116920375
2116522039
2118025255
2122236198
2120151350
2122248242
2071859282
2034172098
2084503747
2088568229
2092769188
2092710564
2090142372
2106923652
1606691460
1581524613
1577329317
1581523943
1598497318
1608397366
1308496406
1283195415
1282942471
209332751
207227661
214509863
228272151
268134406
1316606982
1315536902
1332248914
1307095506
1224389011
213549457
217752465
205231760
222021264
1161645744
1427984032
1460960164
1448372645
1993664677
1993403535
1993604239
1993572495
1995538831
1994506671
1986052527
2002805231
2002789742
2002926894
1466047790
1465990414
1600206086
3714266374
3454146326
3433173558
3433501238
3433394710
3433353998
3433867039
3434919276
3455946172
3445328316
3478821308
3326777788
3323895196
3592326556
3592324492
3594437596
3593466668
3592942140
3597099549
3622201119
3589174558
3572450366
3572059198
3563617342
3563617334
3564731894
3294264790
3436869574
3436933826
3436778050
3428450818
3430814227
3430756915
3454808355
1336736805
1588459557
1588500677
1592166532
1579518084
1446284436
1446031540
1443930276
1996546477
1996694445
922886821
928129701
921842609
1990394849
1923293473
1939869956
1977622796
1432379960
341860904
1424195112
1424194105
1424448011
1424448266
1155823882
3454798026
3488418954
3463319690
3471708378
3467514138
3400405274
3400413482
3400278314
3417071913
3366514984
3362293048
3359354136
3359353624
3359353416
3359353545
3441011401
1327218569
1314559881
1322946952
3336274056
3336082616
3344475308
3608849580
3608845484
3610936773
3544101637
3556745797
1403835108
1403835108
1407530980
1361519012
1429274788
1429418149
1429348581
1440899351
1470326022
1470131462
1470164742
1172368646
1147172118
1147536694
1147537206
1155933494
1152267634
1152259411
1152337361
1168954816
1189934464
1177404800
1176868272
1176871348
1176887732
1176887796
1181213052
1197597469
3303065405
3298873133
3298881071
3298879019
3298943531
3617690123
3601170955
3601302043
3606939179
3732721195
3611085611
3577732395
1413414095
1546413199
1412170895
1413219487
1413354663
1431709095
399910327
383132035
385221507
384238466
384156082
1457836962
1453630246
1470606118
1474595590
1441573638
1466738946
1462737154
1462424578
1428869122
1412087858
1567277090
1574629730
1557844418
1574585794
1568360259
1199265363
1466644209
1475942113
1459101344
1457004452
1457012644
1431844268
1432090044
1434362268
1434296732
1433187805
2003076415
1982104895
371696958
388423982
1428562703
1411785231
1416495631
1424884265
1354514217
1354508649
1354508649
1373432009
1474145739
1449107851
1448968586
1392346074
1390384122
1390392171
1380771627
1108111147
1108097325
1175329029
1175333125
1188965653
1184764212
1319096576
1321054464
1207800257
1165984129
1160680833
1143966081
1143835059
1143855523
1412266914
1424834211
1442652835
1438458529
1437868965
1442062756
1425285244
3571458104
3563125816
3571509528
3500189977
3517160219
3550714394
3550512650
3538190874
3546579546
3613688570
3609625514
3576096682
3577114555
3577024413
3577022361
4030141851
4034078107
4059243931
4054932729
1939963133
1923146877
4074808365
4074807341
4066488381
4079194133
4045574453
4029063991
4030133815
1882509014
1880901334
1881020054
1899898518
4051043254
4121232822
2007307447
2007250165
3584304244
3584306199
3588500742
3576069382
1411807494
1416022294
3589246326
4121926742
4121400391
4154888516
3886514436
3882123812
2804191780
2804195884
2804261420
2804392508
2770854460
2753835565
2753824743
2758544551
2762934455
2762874039
2762874038
3048092806
3081642118
3081643142
2528072838
3606011094
3614408150
3609689558
3609556807
3576457031
3580650309
3580719605
3589232101
3589174757
3589209557
3580353989
3613902295
3613775351
3613712887
3613712758
3613782398
3613783422
3580228974
3613916526
3613908334
3622166398
3622174558
3622172511
3601200717
3622163164
2539976700
2535774188
2535802349
2502384997
2439413111
2439390550
2447586374
2447593558
3517272182
3517280366
3517280623
3517280637
3521181053
3512782716
3508882300
1394936668
1394682188
1394683213
1931617549
829554717
1911701529
1894891800
820027704
820027692
820027692
811906108
812945436
810860573
269434975
1343100159
1343110586
1901996986
1946057374
1925118622
1925102222
1925035662
1924436366
1928626398
1932824638
1932828719
1931780205
1931894893
1931878517
1931878901
1936065261
871826157
834474559
816649791
816594491
832843323
837037835
828896265
863879177
324845576
287084888
270382456
270382457
807387129
807313401
828350107
1901954715
1407030939
1389867707
1391915966
1383490526
1383489886
1366716734
1417027878
1416045862
1424434486
1558643990
1290229010
1286436115
1336894723
1324295619
1324155267
1324040627
1323979171
1323921827
1324904871
1316545959
1584983431
1610198405
1568189885
1416160701
1411969469
1413435855
1144914766
1144390174
1144259118
1147151918
1423978030
1419864894
1420024094
1151834398
1168612687
1185330629
1457946821
1450672276
1446486180
1444389092
1444388972
1461166124
1461183852
1964506492
1964853628
1897863516
1933450077
1936592735
862783326
870581086
333779742
300225310
300364062
300364670
300229599
284517343
284476381
278168573
278172669
282892269
274513389
1895925
2096597
1996245
1470935
7745877
32903477
11956497
280486145
279291667
367306019
1474604387
1986506051
1919389123
1920437714
1646114163
3793597749
3795694373
3795690276
3862815524
3878626084
3845075812
3844945893
3849064359
3853257127
4121758134
4121370006
4121310598
4122355078
3619103110
1474766214
1466246583
1465921447
1398811559
1382034099
1382105015
308352949
308285861
316682661
333476343
299954519
283160839
274769159
274833158
274832151
274839863
811710759
1902225445
2002954293
1986173973
1713603605
3861091621
3861361957
3866539815
3866527351
3883320919
2805416566
2771726950
3040158310
3044882022
3053262182
3047951590
3031178494
3031252126
4104875151
4105954445
4109997516
4235825604
4230590788
4230784260
4096632084
4113542452
4147042613
4129775413
4129693463
4129699591
4142269254
3602318294
3602710966
3585413558
3568645270
3567744198
3571965142
3571833942
3563388023
3580159335
3613779317
3597067717
3598111684
3598042036
3598472612
3613160868
3579585956
3562420148
3572896404
3572896468
3571909205
1423970871
1423974966
1423978278
1423976742
1424033830
1147602966
90576966
107363527
107372613
107409732
107446532
116691236
112500772
110928935
115123238
106734630
104771606
121549062
1077575942
1077576006
1088128326
1082703350
1082768359
1083812837
1088006884
1347988452
1360637396
1394316740
1394442372
1394377141
1398768565
1398198967
1398208183
3514302135
3514302119
1366585255
1945398695
1944331447
1936008343
1936007319
1399005622
1398944182
1373766054
1356923878
1352676343
1352689015
1356915991
1356901653
1348515093
1348646165
1365423873
1365415681
1365427971
1365590803
1344540963
1076109603
1080434979
1080426999
1088815511
1105595783
1101466053
1101339589
1151679425
1151658849
1151657761
1155851025
1147568903
1193710354
237416754
237429026
241590306
242696242
106365970
252976370
218376611
218393507
222653367
264666759
243454599
109232773
114475655
107184911
119767359
69264686
1147185454
1147185454
1424144670
1956821774
2095430415
2146340623
4272587213
4276793525
4264210661
4264206373
4130332711
4130152567
4130284006
4146930598
4121764518
4104980134
4106040983
4106040973
1421682573
1358899084
1348349324
1079504268
1094031804
292862444
358660605
388017485
371428623
375555350
392400950
375627810
505585698
1596186674
1562472466
1562521650
1566712098
1508246114
1505101507
1503600259
1220360851
1218194161
1289497329
1289497201
1289498193
1285383745
1285349952
1302131536
1302114656
1302110433
1338810593
1292882033
1292813553
1158598131
1158662627
1158405106
1159355330
1193179842
1182756546
1191134914
1321030386
3468436450
3466338786
3466356194
3331679458
3331798194
3331653779
3353084052
3237495732
3236577964
3236623020
3236495020
3228101292
3290999468
3291261357
3309152767
3325469903
3258368206
1123270731
1118036059
1118265464
1118121064
1105471784
1076108072
1076235816
1076758025
1076716043
1080844810
1076683578
1080595754
1090096446
1087933702
1083940294
1083872391
1088065669
1159631237
1195283333
1178530449
1178497681
1178543760
1177887413
1197811428
90455524
367275236
363097332
363194572
400931908
375500868
308383813
308510743
120754230
86224950
69238822
1411433510
1143172134
1143102258
1155947042
1168526946
3351203538
3351072386
3333998210
3338204035
3329876643
3346719393
3321885425
3589133041
3589075936
3580683744
3575967200
3576167648
3610660181
1194723585
1165297921
1156853043
1155804451
1156850979
3304534307
3304542515
3305066771
3321787203
3354289859
3337506498
3471789762
3471653874
2393714018
2393123874
2394186786
2394185762
2394218546
2411000081
3455365396
3455354228
3430190564
3423963556
3424631188
3423529348
3423530368
3423528321
3427721617
3436044784
3435976544
3435958112
3477909280
2388635152
2388565504
2396964352
2394931776
3468485600
3466355169
3419939299
3646685350
3630104766
3357410558
3359508510
3359508506
3375241226
3476781070
3476613134
3480806414
3455615327
3434644204
3434840740
3434848932
2365317792
2352674448
2369654400
2402684609
2385917522
2389976098
2394173474
3467907106
3484906498
3484871683
3451907073
3481046049
3476849760
3476985040
1310634180
1310631300
1329501572
1295961472
1300155856
83807457
81622241
1146888417
1411129505
1411129777
337523600
276694673
301862545
329730689
312822403
312790674
316725154
316711331
308322723
845193441
840999137
857777249
824222817
824440161
824374643
824365907
929186583
929124630
895545654
1952511798
1960950566
1960950310
1956756022
1956755990
4121016839
4141987333
4133917189
3592868357
3593355845
3593093541
4129886373
3081245863
3047759015
3047824567
3567926405
3573294229
3581699493
2503828919
3577685399
3560318406
3564519382
3571924982
3567595382
3299288338
3299283202
3303276562
3303804978
3295420722
3303826723
3320833825
3354328896
3337277376
3330001792
3329857952
3323574688
3323575712
3608782756
3611158452
3611157396
3615351445
3614298805
3605386980
3605395172
3605327716
3605298532
3596887396
3613663588
3613667605
1415721246
1424110394
1356993322
1357251370
14683450
6297882
2369802
2369803
2369801
2374088
23940489
41845129
41849227
40800655
309236109
846106973
845976356
594324260
1663871524
1664064012
1647221260
3795754508
3795748364
3811410476
3811426989
3811455663
3811451566
2741838758
2741245094
3823373462
3819178134
4053797014
1889671254
1352808450
1084369922
1084432386
14689058
6316834
52752674
36033810
40278274
40278017
48662528
41781264
322811952
287089712
807182368
1881121056
1949741280
1950253201
1949270146
1898796178
1630344610
1663907746
1663312546
1642341026
1621373670
1621373485
1621373453
1621386500
1894033412
1881450500
1614067988
1662290180
570723084
571378181
571380231
571388423
572453655
1648255270
1714298918
1718358114
636224611
615324915
888020163
888027586
888085442
363674338
397228770
917453634
917437251
917477953
917346929
917356384
934133072
879602752
875347008
606899313
606968929
607049059
1680831459
611136226
619524770
888091282
888019586
879630978
351083202
346823203
363608099
380385313
380382209
380559361
112107521
103710721
103714897
103714898
70237282
70105186
338540771
1412282593
1961867952
2007931569
4138712707
4142699138
4113339010
4096635522
4096651938
4033622690
4037817506
3769380006
3768858789
3785828500
4050004100
4029033604
1881287812
1881286548
820129428
815804100
815803077
283126341
291511159
325132118
308416838
308424966
316805398
48312622
65041198
15004463
10788661
15055124
82290964
69708048
70232064
71220224
85884928
119439616
108954048
107905473
107909569
103790033
87013809
70228403
73898915
82287523
1420082656
1420077040
3588531904
3597054528
3592868464
1445859888
1445859888
1449996848
1454121767
1454121006
1454119978
1420560426
1424754730
1412225054
271562766
2926606
271361038
288325711
305041615
305049797
841920709
841920736
841922528
1928248032
1923988192
1992080096
4141656772
4145858188
4144910988
4112396956
4124979887
4122879662
4155322278
4155251110
4155250870
4146862222
4112922766
4231425422
2083939718
2082956742
1960845415
887103527
887103527
887107637
887305269
887231797
820131109
836908845
871626525
871479052
860987148
844208396
843102472
843352328
302811448
839890984
839881752
839831754
839831694
1914622142
1407111342
1354682542
1353667718
1357716615
1357716621
1357725069
1353662125
279784173
279194159
837036559
291777038
287649290
52770106
6566190
6566174
14950662
15991090
14467363
5099811
5091619
5153043
5169475
38723907
39764227
39765251
39830805
39607093
38566701
38595373
46967611
47102217
48143689
67010893
65831389
65901053
65966589
40743277
108835177
104640875
104774139
87996623
70166734
477018326
472684678
472700110
472707310
523039215
518939119
518398335
518397957
443351045
153947413
141503271
149891687
414018158
413977294
413697678
413696654
1520992922
1521136030
1521135791
2059117741
2054728877
2050533548
2134435996
2134535308
2134520972
2101216924
2112226989
1839335085
1839269549
1839216335
1038100039
1029711383
1029711670
1029711654
492906279
476190515
485691667
485519618
217116994
215003474
205559058
1279499538
1297267970
1322432514
1320335362
3466758146
3332541443
3333719328
3333723424
3335823648
3344334868
3307126852
3309191364
3560833412
3560834493
3560902575
3564911279
3562306223
3562306189
3562305997
3578850764
3612406220
3604148572
3599954909
3600212735
3616989870
3616859054
3583795630
3311160814
3292252366
3292199238
3292195079
3292162307
1144683779
1148940562
1174229010
1207783442
1191063554
1182666818
1180582082
1197360594
1171934947
1150905059
1152969447
1157164629
1148769861
1165677317
1127989509
1127825877
1195201708
1468005548
1467935148
1467935164
1463148428
371509133
371229629
375423935
920879262
920834222
912318702
908092654
1998677207
1965217231
1952600669
1960986172
3567472188
3567262268
3571460637
2237671965
2405444159
2413902398
2376482366
2359694142
2359693358
3433890030
3433562286
3433562286
3429400733
3425277316
3425286532
1547545024
2084546816
2083498240
1815063296
791587584
1848030720
1713799680
1713799936
1713783584
1848578528
1848385952
1860968868
1839992749
2091780741
2091784835
1554922114
1554323858
1420049570
1419796706
1419829314
1419944002
400728066
376614915
372343859
372350001
372347953
1446482225
1379397921
1396696551
1904166375
1893404599
1893292983
1893555127
1895595959
1895628183
1961747845
1961873877
1425002965
1433269233
1466754033
3597624273
3597562817
3597550353
3622699297
3589013795
3572249891
3572247831
3572312327
3572455698
3572422930
3573467394
3699363138
3715991490
3749282450
2667287170
2667303634
2667311858
2667148018
2667075554
2667079074
2667078819
2650412181
2648323460
2648319364
2648649092
3445374356
3424394720
3426028848
3426106416
3425051697
3429196819
1290100754
1302716722
1336324098
1320072195
1324254275
1315669219
1332458979
1333507491
1333389217
3478709921
3747147696
3747147668
3730433941
3615225477
3615444615
3548188311
1367162550
1366567598
1348741807
1357131695
1373905069
1374093468
1105657988
1080512724
1076228144
1076146208
1076143136
1361355825
1399231745
1382454529
1382454531
1382456579
1390840642
3555117522
3622096802
3588517798
3571738535
3580315615
4150752207
4150751695
4150649303
4159758583
4159758463
4151440477
4113683805
4113683837
4113694573
4097044333
4101238623
4126400079
4126269022
4126512766
4160198462
4134966582
4135056406
3076903958
3076912182
3077039398
3043419942
3039186486
3039168006
2502297158
2515408582
2544699303
2477541285
2997638564
2997157300
3060063380
2535820500
2502333460
3576095744
3559384064
3559154705
3575981347
1445346594
1445334898
1449529074
1458441906
1454313106
1185750930
1185693138
115617219
107228163
120011779
120532227
124727059
132988691
99442450
82796306
82575106
82574610
82543890
82543442
82543570
82498514
82551762
74164211
208256498
216631794
1286576498
1286584658
1286453586
1307360626
1332520418
1315743218
3463438290
3396782034
3403007970
3402942434
3670075238
3686851430
2613093182
2613096831
2579543405
2579535724
2579533564
2571226844
2600717052
2600689404
2600632308
3678563829
3653401717
4190260261
4190194725
3628105015
3640684295
3640995335
3674613251
1493575187
1498167139
1481127267
1489532385
1489599697
1489730753
1221328321
1221254593
1213910465
1213910465
1213912529
1230763507
1264285683
1264220115
1297766339
1297751363
1281039633
1280906513
1280914481
1283028017
1291546641
1291481089
1307235585
1307297089
1332465473
1332465619
1332336626
1332335602
1333638130
1342026194
3489510226
3741292370
3741293334
4277123349
4276992308
4268538660
2787950372
2787947052
2787947068
2788135468
2805891628
2772365932
2755449452
2755418092
2775335916
2741765112
2750219224
2751271368
2717200840
2717132280
2696232169
2696223851
2695960667
2693868555
2698013707
2706498825
2740188424
3813904648
3805778200
3805643544
2731902777
2731902763
2732037994
2815932266
2807407482
2803233626
2769679226
2771866475
2771800937
2759219049
2766620520
2779062136
2717138265
2750686553
2750768457
2748740953
2748732793
2748675449
2706666840
2706699608
2715219320
2715218281
2711091065
2715146059
2706694107
2740314106
2740445162
2742476266
2750805498
2742350042
2738155722
2805429722
2805888490
2810075115
2818465787
2817990619
2815770570
2790539210
2924756442
2925346282
2925204718
4006294782
4001968382
4270399710
2127242438
1590308038
1607084226
491399490
222959874
231606290
265095218
264580098
260449538
261227779
263587586
262491922
266719059
266723155
266729811
258341235
258341361
224770545
224770545
224770417
258316659
258324851
258455923
258979955
124631155
124623091
120428787
86874355
87005667
3128291
7322291
15710899
15579827
15580819
6668179
275758481
272608401
272624817
271973555
271940787
276764067
274667427
282408611
282339043
293612259
327166497
41949729
46144017
46147841
104867857
104997907
106045443
106037507
116785411
133105427
132992851
133025651
132766033
124385617
124385649
124385649
90831217
90831345
90831217
90831217
124516721
124516721
132905841
132775793
124387185
225050097
225049073
208271859
208271859
208535027
208650227
208517107
217035762
233812946
233812946
233546386
233415346
1308210867
1291433651
1291433649
1291429617
1291429605
1291364341
3707301367
3698912766
3696815598
3696813550
3696883182
3697235422
3697234910
3721216990
3721184254
3620525998
3603752367
2530076079
2530076127
2530211278
2530203102
2539472366
2505861102
2489149294
2488956694
2488981270
2432354070
2432419090
2432209170
2428010802
2449051955
2482746195
2457580369
2520613873
2520631264
2520766432
2524968800
2524936032
2541696852
2541561300
2541497812
2541500916
2524911860
2532972789
2532973655
2532996423
2533093638
2665083654
3730367238
3747193650
3715867955
3715806225
3715810305
3715875857
3711652945
3711661425
3711581553
3711574001
1568358131
1291402995
1285111795
1285103443
1287195987
1287197969
1308175633
1308175633
1341861137
267074817
250289409
241896705
258673969
125394035
125402225
91970641
91966657
91834577
87644371
86599891
90929491
90922354
234446130
268006706
268170098
267121522
250214226
250215890
266984914
266979794
233429490
233430002
233439219
234483699
234481651
226092499
226096595
226096595
226221555
259644787
258604387
1315564915
1315569011
1315569010
1316552050
1316613618
1333525970
1308351698
1308347602
1173996979
1174111665
1207670704
1207547824
1198106032
1198124432
1160510608
1160497361
1160501491
1160345715
1164537122
1198227250
1206613554
1202287138
1336435234
1341678130
1307140866
1290487042
1290521938
1290520946
1223391731
1223383377
1223248209
1214799200
1214801252
1231578468
1265132916
1265333588
1248523605
1248523717
1248583637
1248378853
1265151845
1265221461
1231724357
1231738693
1214904149
1215914869
1216033588
1214124852
1222578468
1220882724
1237660476
1498183484
1531738920
1498213240
407895000
139434376
138975624
155749769
256427401
185385385
172773807
172319151
1271292901
1272341489
1301733827
1301471683
1284691395
1305707986
1305576946
1297128802
1292954914
1276177714
1276210450
1280474370
1288881426
1285014818
1284822051
1337259105
1316486337
1312226433
1311950977
1311951249
236141489
235941539
239085219
243278563
244327139
244392547
248588035
240346371
240317443
242402307
242402307
259114003
225506355
74575139
83259187
83250963
83824145
83693329
75046705
75050801
75181329
75185409
75173121
75173137
91823921
100235059
133789523
132764499
65655123
57250259
57382355
57390546
57655282
57514994
57269234
65666034
65666035
66714483
100268851
100269363
133807411
133801267
125412627
108762451
108758867
108762867
108771059
241827538
254402258
221862642
1299790818
1299720674
1339649251
1339784387
1339808962
1322892498
1322888274
3422270546
3422261522
3380196146
3363414578
3371819634
3371922002
3367703379
3367506277
3371962724
3439068268
3430231052
3428263944
1297557768
1293367624
1326651736
252775756
101729741
102023629
104120799
108515838
114749918
114745670
114749766
106877270
106918262
131952983
98398551
83457397
83457831
83492399
81395263
1155044959
1440257663
1465423598
1448646638
1981330927
1981332639
1998304479
1696249053
1679470804
1679470844
1679552876
1681535852
1614685740
1631468076
1633622588
1641822765
1637628781
1637629417
3785109896
3818713480
4087120777
4074537609
4074017433
4160008875
4125394602
4104239802
4108516074
3026385898
2489477498
2489469006
2489539678
2489439310
2624704590
3186872399
3186864221
3220349301
3220350325
3220350772
3218314804
3209795125
3192976181
3192972071
3195065127
3195060518
3193000230
3209786678
3209786750
3176234334
3176220927
3176351965
3176290509
3218503885
3217452237
3200738509
3201790093
3210072223
3210604727
3042959782
3026184102
3026058918
3025469174
3025534678
3025530567
3044376135
3044308565
3044341621
3051747173
3051541860
3081160053
2549433413
2549371975
2541024279
2541217062
2541124902
2541125430
2515951366
2514968326
2514837303
2514750775
2548305173
2540519181
2540515103
2415869502
2415857190
2415728422
2411542310
2377917750
2382131478
2365379926
2365429206
2382202327
2382202325
2373817813
2373301652
2402586772
2369093780
2635527316
2639717796
2622909861
2622910397
2625076895
2625068735
2625064639
2624937631
2507440079
2507435461
2490756549
2222450005
2356671761
2356539696
2373316912
2372333872
2414236464
2414236432
2414239504
2380733233
2381658401
2373196065
2373785905
2373917697
2407404545
2415793169
2411336721
3485146417
3485015347
3455589683
1299717426
1278811442
1278940466
1161434370
87692546
87719170
121306435
121343299
124620243
133008851
116364755
116372915
116241843
1206762931
1206762931
1173339571
1165999539
1149091251
3296574963
3296705971
3229611506
3238000098
3237836770
3302778850
3296489186
3296550643
3296714305
3296590337
3296591616
3296526096
3296524080
3565023536
3581792560
3581886832
3347006833
3355391857
3355389811
3355262835
3321175922
3321173474
3295950306
3293868258
3310743762
3310801346
3344889283
3263151555
3263138241
3263007185
3263012017
3271404704
3539854496
3539854512
3537892496
3554624912
3520943521
3235147681
3235131363
3229038563
3229030226
3227984706
3227853570
3227988274
3311797554
3353824515
3354352899
3350035715
3350066451
3354259763
3354251555
3345797411
2255286578
2255484162
2389628162
2255408402
3329219954
2263481715
2264788467
2281569489
2247939568
2239518064
2239582544
2235519296
2269016400
3330240880
3330236528
3338629489
3271508337
3288286579
3288290678
3254640502
3313367926
3313302390
3309174358
3346921030
3347052102
3345855062
3320681331
3312423793
2221855600
2221855216
2221928944
2221798896
2238578160
2248015857
2231369699
2230714338
2222224354
2222224242
3296473426
3296538898
3313443122
3346997558
3347004694
3346995479
3346991383
3312261461
3295508948
3295444928
3303850880
3299656576
3299721616
3316568496
3354321312
3337019808
3337057696
3328540081
3328523761
3328524257
3328654691
3337043282
3349621762
3349489682
3332716578
1189350690
1180978482
1176885010
1177481986
1177465602
1177195266
1177195266
1195087682
1199280083
1165594611
1165597555
226093939
226093939
226061619
257654067
223960339
151592243
151526689
139017521
139148561
147537171
147406195
148385123
165162337
198717409
184051681
184084449
184154097
183173057
174775745
174755267
191531459
192645586
158976978
158989170
159087442
159070578
158931314
167328098
167325042
196820306
196828498
196861267
196722003
200908113
191471441
157917137
158046928
157915856
157915888
153746416
153742819
1227488738
1227619570
1231738098
1240192242
1235983570
1269402818
1269403074
1269419475
1273617905
1265205216
1231581152
1214803936
1214853088
1215901680
1215905232
1216036304
1216052688
1230601712
1230794209
1263300577
1246523361
172290032
172292080
172160465
172160449
172148161
172182993
172056049
172064753
172179281
172105488
184753936
155262224
205616432
205647888
206819345
215122001
215122129
217285777
208899457
225937811
258443667
258313139
258448307
258325489
1333112801
1601480163
1601479139
1601545203
1601680275
1601680019
1568130707
1568132755
1567969267
1551128931
1567893795
3723766819
3757321250
3740548146
3757401346
1610507522
1566470914
1549714242
1549779538
1414386290
1415565906
1415568978
1426049859
1358940497
1367197969
1400686896
1383980400
1383978320
1384117008
1384117008
1400886065
1367340321
1365110113
1348332833
1348426001
1348421888
1348427536
1365073680
1398634272
1398630241
1381987921
1182730179
1199507410
1199513074
1308433906
1308432626
1308432626
1237006418
1241200658
1274755090
1270442290
1253666610
1253699106
1526263346
1526263314
1532538418
1532538466
1532538595
1534635747
3648585442
3648650962
3648773842
3648707538
3648674291
3657062643
3657062577
3686488241
3489168544
1324903600
1316699264
1178213504
1178219904
1178219905
1199183233
1106922881
1106922897
1084870033
1084816849
1089007091
1089006963
1089006946
1089005922
1080781298
3228184034
3228188130
3228179794
3228239106
3253208338
3282572578
3265799458
3265799458
3282596147
3282653488
3249131792
1089065232
1080807744
1076544960
1076545984
1076517312
2783680
2763200
2833728
2692368
6881584
6885680
23933232
24978736
24739120
24993073
64805235
48029171
38393234
38393234
38392242
38506930
38506914
46772642
46703010
63481826
29933346
29997874
31173394
26978866
60533298
1138490931
1121703475
1112266259
1108006675
1109062915
1113259266
1138416642
1104858114
1102830610
1085930546
1100610610
3252256034
3252190562
3242810738
3242810738
3242744178
3242744162
3251133794
3247013234
3247177554
3247175491
3247437648
3251437552
3244097504
3239903200
3239049712
1091500496
1091467712
1129012688
1112235472
1112169808
1112177984
1113220944
1113290544
39417648
39417648
56227632
64615728
89777425
89908481
73069827
73129235
72965427
72899875
21527907
21519713
55074161
55139664
55213376
55246144
56276800
22779841
22647763
22590450
22590182
56201958
56202998
323526374
1397275366
1363720934
1363779301
1347076037
1348118405
1348117397
1343808181
1342763701
1342751413
1342948021
1347056309
1347036133
1355489781
1355752772
1355754564
1356803285
1356605621
1356605621
299711637
332274823
315491471
47120591
48037901
39584029
41693485
41689391
41689390
66859310
31195454
13386042
13389290
13388266
13433322
26081786
59702734
59699662
1099882894
1087238558
1087164846
1087165862
1082973606
1083112370
1083109251
1087303553
3235839872
3252606864
3286234576
3271554512
3271292272
3262772512
3262903331
3261850658
3261721634
3261725986
3261791506
3271220482
3271216386
3271216386
3285962003
3277389603
3277385506
3272142626
3272137506
3276525330
3268075266
3268148482
3263812914
3263821091
3268013347
3259759953
3326790977
3326789953
3326863699
3343510883
3309960563
3310091602
3293314370
3293314370
3293302099
3427388787
3427327331
3444107617
3452565857
3486251312
3477825840
3477633328
3477675344
3474593088
3474601792
3478808384
3478814544
1331314512
1339719488
1339776832
1331289936
1331223905
1327037793
1293544787
1163590978
1163577666
1155189074
1155258738
1171913554
1171905362
1205460851
1204354915
1338565985
3460883809
3461084529
3461076305
3461078355
3462135123
3478911938
3478903762
3478772722
3453504482
3453508450
3436740450
3436801379
3436965203
3439000897
3438992705
3438905680
3430451552
3445144416
3474569809
3474644673
3473657553
3473465059
3473436642
3444080098
3445312754
3453635794
2375703762
2308664562
2308533618
2346282322
2346446147
2346442051
2346438097
2348407265
2339957217
2339957233
2340149585
2340151121
2335965011
2302377811
2306498386
2306492242
2314947938
2314763746
2314758627
2348313075
2348317011
2348408659
2306465139
2373569889
2373580129
2356932049
2356870593
2356846017
2356910545
2356787697
2354691569
2354683345
2638843760
2638846816
2680728352
2680727856
2655561776
2651438128
3726367776
3726248992
3709469792
3692706913
3692707187
3707375315
3434745410
3434810946
3367573058
3367515730
3367513666
3388485186
3422100290
1274628947
1241086307
1241065841
1232681329
1232673105
1216052560
1215919440
1232696688
1232692593
1266410961
1265360337
1265356243
1248563186
1248591858
1316745170
1325128658
1320929746
1186724338
1190750705
1207527920
1207557456
1207541104
1199158640
1161405792
1194959216
1463529792
1377482048
1913359808
4060712944
3792473968
3792543344
3792674417
3792606817
2803738209
2770134629
2755155685
2755155949
2759329773
2784560061
2784559517
2784571791
2784768479
2763863550
2763994222
2763988094
2763340830
2761174030
3033803791
3026019597
3042964749
3076445453
3059734285
3068106511
3067840286
3067715438
3067713390
3067721582
3059463006
3189437262
3206280031
3172692845
3174781805
2910409580
2918782316
2952467804
2952478156
3220776396
3212404188
3176756732
3176879612
3160110540
3160143309
3160135117
3168523775
3185169903
3185112559
3185114623
3176988158
3179281910
3175087590
3179281894
3179214166
3179176258
3179176258
4252971378
4286517602
4286255458
4286256498
4294653042
2147171570
1606106323
1610300611
1568242883
1551594691
1551562179
1560004562
1558955730
1558926930
1550390850
1567176275
1601709665
1593337697
1593341281
1593398625
1592481105
1600910657
1601955139
1576777043
1576637682
1568265458
1564079219
1564079218
1564206194
1568404963
1601947107
1610303475
1593530194
1585010514
1593403218
1341746547
1341734259
1308310867
1299780947
1283000147
1282999905
1308304992
1337685616
1337546321
1340692417
258594624
258602321
258719089
225045619
225180787
225139795
225168467
258590050
266986851
266986979
1340859859
1332467138
254397890
225168882
258727395
1340857827
1340724723
1332311539
1294563153
1299801841
1291577057
1291583201
1291575251
1299799491
1328106818
1333347698
1333388642
1341908322
1304130930
1307145539
1281963331
1281979729
1290491745
1290524640
1290491616
1281972177
1294555073
1294562753
1298918865
1307303409
1307271027
1298751283
1332240179
1333294899
1341777249
1341907312
1320931664
1325121856
1328136640
1328149968
1328276977
1295775217
1283183987
1283186003
1283054930
1299832146
1308228978
1341779043
1341783155
1332335699
1328108627
1294693747
225174881
225138529
1307264883
1307270995
1298732867
1298757571
1332344819
1307178723
1202444019
1609291475
1567215299
1567203283
1567206771
1568255075
1568535667
1568535635
1564307459
1564177427
1568363811
1610184035
1610579553
1610309201
1610303171
1601783747
1601828819
1576658419
1576795635
1576786259
1568398163
1601806099
1593423648
2130288992
2126098544
2130284656
2117636304
2117706944
1849339120
1866370528
1832881121
