560839095
594394550
594394550
594394550
846052790
573423030
573423030
573423030
590200246
556187046
543603879
551987415
568629269
602249236
862844932
841870340
841968692
841880676
858654053
862848997
837686999
837689046
1907236546
1907318482
1907154626
1907154498
1894563414
1894559607
1894559591
1886240231
1903021543
1932512487
1915739365
1915714789
1919905268
1919909748
862977620
829414976
829347393
1903097667
1903031650
1911354466
1911354470
1911551062
1903091014
1936613190
1932417606
1919834750
1919900526
1928101166
1923902510
1923900478
1404006414
1403973646
1370420495
1357894964
1357762340
1357700900
1349517108
1349434624
1349422337
1349487891
1412224290
1412231522
1413009762
1413206882
1417336674
1476067155
1459284801
1459354369
1459346192
1459347248
1459213872
1450725936
1446536049
1463624177
1430139011
1413350531
1550780594
1559169506
1554979426
1554790946
1554786834
1554787842
1604969218
1454018818
1455067346
1455009954
1454940320
1471717540
1441309860
1428736172
1462241532
1445595196
1445607726
1378495278
1391074878
1387857438
1402470922
3516416523
3498623576
3498746600
3297355496
3315117932
3310919532
3308817789
2503521774
2537137646
2535101934
2535098366
2547681094
2543552325
2543355732
2547557908
2507795988
2502684244
2502622964
3039756260
3044998565
3044429223
3052881335
3050788247
3050771399
3050582599
4149486167
4283703911
4247791462
4252048486
4235267302
4241901782
4237740230
4241270854
4241270791
4249467141
4015693572
4007302660
4000883252
3929580068
2855903781
2855965223
2855977766
2855141742
2922120430
2925790446
2934705338
2947423370
2913867914
2898159754
2898193291
2898127513
3969706649
3969689305
3990675977
4248593165
4114358543
4096524591
4096663911
4100861413
3836348900
3836414372
4121512320
4156087680
4143490432
1983488448
1446622033
1983619873
2000611105
2004809507
2012136739
4159589682
4159652882
4293743698
4285084755
4281021911
4248778743
4252853991
4244469477
4240307829
4240234045
4240242239
4259096127
3176967967
3206544671
3206543679
3206281534
3210378543
3218757423
3181004415
3180986959
3183366877
3166192365
2633511845
2624075173
2619896997
2619899111
2636870887
2642080967
2675633223
3740918790
3732530262
3598384214
3615153622
3615121366
3514437255
4051307143
1903758005
1903771317
1903705764
1902655396
1936204196
870850724
870850740
870854804
871117964
871107781
854387157
854436735
853916479
853917471
870823199
333885727
291680535
274968855
274833686
270636342
275225910
275224886
1348897078
1358334262
1398704438
1449045318
3596527430
3598632518
3607058134
3607045734
2550083174
2516135534
2516135806
2488808742
2497200166
2493038646
2495189043
2495328304
2495127584
2499322208
2619901552
2636809920
2653613760
2653874880
2654890947
2520652274
2522613858
3604756710
3604491510
3621465478
3516470678
1368987541
1371022740
1375216052
1400381860
1396310196
322834588
322376076
321919452
325073368
861940217
870345209
870427035
828552587
828551625
828551625
811631097
820027753
820031277
274774828
274815805
274931519
274863926
283250982
274878759
274879783
274779413
6334725
23112452
40017668
40013573
40273155
1114014146
1115586994
1115460774
1400690086
1417663910
1425997190
1425993095
1420715413
1437361637
3590120932
3615286116
3614761772
3581278012
4118263580
4118001500
4117864445
4149255917
4145065725
4144015007
4127306718
4127371774
4149400046
4059480430
4059480894
4041692702
4033687070
4033687070
4029492794
4033689406
1886130478
1895563326
1358888990
1354642446
1421798407
1958651959
1425844245
1442625605
1467649412
1446676356
1446679172
4129993396
4130005668
4130005669
4134265765
3874090403
3869816931
3870079011
3874326535
3798969351
3794641941
3811483909
3778016005
3761164823
3761115815
3761046182
3765174950
3781967782
3790355366
1672296886
1638869438
1639786646
1621895238
816654343
1890526215
1890574341
1357353009
1911402545
1945935909
1937547301
1931248071
1896514435
1879757446
1883918982
1892291262
1893406378
1893216170
1895312299
4051380683
1936599499
1944873419
1944907211
1944880587
1944879563
1911521755
2012123449
3891177256
3891244328
3891110952
3890589740
3877998636
3877875756
3844264284
3845313229
3845280494
3847313134
3855621798
3855630006
2781945222
2784312718
2817997966
3891606990
4160103879
4159055303
4159637445
4151059815
4150535463
4151065879
4151131415
3622779991
3589168439
3585002775
4121871686
4125984007
4261258517
3179128116
3179069220
3179067940
3212619300
3208441380
3208541748
3212710485
3044934359
3053191846
3053195686
3052667054
3086230718
3084133534
4149567630
4149633166
4082557070
4082557131
1937098107
1937759513
1936653577
1936653579
4050578699
1903066379
1374575947
1357317387
1357186331
1357188125
1357192253
15023141
6628641
6758705
6763313
7295537
32494385
40800513
40800512
36603328
36542896
305109941
305052343
313440942
1941221034
1939121850
1905570746
1901363626
1934922154
1899418027
1899947435
4050576873
4126113129
4159567225
4159558937
4159477005
4151096605
3882857789
3849295165
2775562045
2783819309
3857692205
3849843245
2771866141
2771726927
2771657462
2771661230
2775842990
2778988718
2812626110
2813750478
2813750479
4153830479
4158022733
4116059452
3579183400
3562471736
3564437816
3564442936
3438617912
3434423612
3434556716
3434558781
3367240974
1219757326
1232375262
1245089166
1245087118
1244037518
1244038030
1316459406
1316271022
1582605226
1594140586
3741626282
3708071403
4245077497
4250325449
4284465609
4150215129
4150149353
4116582633
4116588009
3579719129
3581837145
3590217561
3590311753
3590119241
4126996297
3590123849
3581727065
3565146969
3565081465
3581833835
3581834795
3615440682
3598466346
3598458170
3606844474
1459426330
1457336331
1474113551
1474244877
1172189469
1155408669
1157309245
1148810805
1148843573
72990517
71875381
390633765
373852278
1447922934
1443796166
1443803270
1980670086
1981714582
4152272806
4106200741
4103966372
4103902884
3025987236
3021760164
3023857188
3022880292
3026992420
2968258596
2980841524
2997758980
2997758978
3534641170
3601614946
3606890658
4130130082
4129854646
4130254998
4130251142
1965990534
1949213314
1949287042
1949161186
1949167458
1953295394
4109134886
4105989158
4106185735
4158544965
4133375301
1985990485
1985871461
1725742693
1725808429
3872767295
3872896031
3872756765
3860104221
3877408829
3844055325
3843991053
3980318271
3980283438
2909556334
2951481070
2951483886
2896957630
2762674318
2762617230
2762613134
2762551721
2762489256
2762483880
2776115336
3776456840
3810404552
3810404680
1667111176
1641422105
1643459880
1643471160
1677046536
1660391944
1658171928
1648665128
1644472108
1644463421
1644597295
1645129775
3759059174
3826180550
3827172230
3828221590
3832352422
3840678566
3836484518
3836492198
3786291591
4088278407
4088276357
4088210308
4093404085
4093404069
4085014957
4085080543
4093505743
4076654846
4085054590
4085098811
4084119833
3811482392
2742000408
2741811736
2741802520
2741867032
2809115160
2804785721
2808996414
2808738542
2775073710
2770862510
2771194046
2775462046
2783846542
2817401998
3886752974
3890965707
3857377291
3849054473
3849038601
3891112472
3857562136
2817374744
2809132569
2789020427
3074233098
3174892314
3173978990
3169792494
3031171566
3030913454
3031966878
3048762767
2545741197
2549934988
2520550284
2519697820
2519649676
2519661709
3526288541
3526320383
3526250959
4067349455
4092511951
4059029215
4042260191
4033732351
4033666811
4033672827
4033672827
4029477467
4046222971
4079777387
4067262447
4067393007
4075642095
4075640029
4075770957
4066799693
1919348813
1919348765
1936191517
1944450079
1911551039
1357872446
3505347886
3505342270
3505346334
1357739806
1424965407
1441742621
1475296565
1575762981
1575754787
1551635507
1479806994
406269970
406266130
209068562
211691010
228527682
243804801
109603760
109640100
105441700
303626668
303613372
303731084
840606092
840606012
844923180
863273253
841784613
573353765
573484341
574532919
1646167414
1645118710
1661895846
1628353703
3775851703
3775851911
3776900487
3781156775
3825172455
3892140007
3891099095
4159535055
3085924175
3043980893
3043841581
3027064364
3035395644
3034871324
3034871581
3035911965
3053409631
3053397470
3086951918
4093451438
4093447342
4076673214
4068284558
1920673935
1916478863
1916481981
1915318461
1919676653
1902809197
1894354973
1894547469
812442892
812447036
812610360
812528408
1349399064
1349400088
1374555704
1438452264
1436363304
1438591512
1169971720
1153228297
1156350794
1147966398
1148113310
1148121238
3295604902
3308187810
3341743266
3324706178
3328900482
3333019522
3333026770
3334009827
3336102881
3352881125
3319330804
3319510996
3311056788
3311048597
3306849733
3307115975
3307132230
3309296658
3313335586
3296472354
3237750050
3237820195
3235723121
3235713360
3235729872
3227218384
1096480704
1132394432
1115610432
3263155457
3256700210
3256633634
3260823842
3260886306
3268357938
3264167474
3263956514
3280733730
2206729762
2206750578
3246978547
3252198576
3243875472
3277560976
3277569152
3277495424
3272252544
1125817536
1377548304
1377413152
1377613856
1377611040
1927132449
1923055891
1381945346
1394503874
1360934274
1411260290
1413352082
1420757730
1420638818
1421622817
1153181184
3300712960
3562570000
3562643728
3558784320
4112423744
1981712960
3860761152
3997141763
3997015314
3997021490
3996966946
3996917794
1849237538
3995665442
4008183010
4004056545
4272496112
4272502672
3735562112
2678663040
2632590976
2360010432
2359984833
2628354806
2629351142
2629349102
3166218990
3176708970
3038284266
3040382458
2772075979
2755310537
2755322840
2755327976
2755358696
2775276520
3857255272
3852994840
3890747660
1713909004
1713972485
1714106677
1714049317
1726664736
1722515488
1722449984
1873449152
1818932352
1814660224
3963330464
3962305187
2888383138
2892511906
2900892386
2896706082
3165137410
3165137410
2628267778
2628265234
2628269074
2359821331
2229814481
2221589632
3308166272
3345915008
3329137792
3325009024
3324878736
3592797872
3592941233
3727093409
3731312355
3622074979
2548329251
3186944289
3186944049
3186665744
3186798352
3186787856
2918364672
2939326977
2920452609
2922546689
2922415905
2921647137
2921647201
2905344097
2892892657
2901294035
2901285490
2896960098
2896706146
4243078898
4109902290
4109902018
3568967874
3585736898
1454034114
3601500355
3601512512
3601577984
3605772288
1445570864
1446553136
1444487681
1427767811
1359610466
1086916194
1149769954
3298302050
3315079266
3348768834
3348768834
1205478466
1134166338
1136329554
1102779250
1102665570
3250093922
3250088290
3319327074
3310942562
3305699682
3305691490
3293108578
3301702098
3314215362
3314215363
3318413761
3319450048
3294349776
3296451024
3430676944
3430541808
3289967072
3289967072
3290167761
3289041346
3306871234
3327826370
3336214978
3334191570
3467225586
2393418721
2393423840
2397605344
2263386592
2256050656
2251921904
2249882048
2249865680
2266643425
2218408931
2230987619
2225679138
2225614610
2225614082
2225614082
2213157123
3262777601
3260697857
3260564832
3259519328
1107882352
1091236288
1075491200
1075484032
1077583232
1076533632
1093310848
292526464
1366145424
1881980368
1882043729
1881976882
1883025442
1681711138
3829227558
3879604262
3867017254
4004380974
3937075518
3936973338
3936939544
3936922168
3936922168
3932727816
3945310792
2854791752
2854851144
2855109320
2856223464
2855719912
2855691176
2859881384
2885092333
2834699230
2834707918
2834459082
2830330202
2830170154
2828073002
2828068890
2847960329
3896534280
3892324184
3892383612
3892514660
3892448096
3897757024
3969058272
3971158224
3971141760
3971395968
4256609152
4277571456
4268198544
3999636464
2921708384
2921708320
2921709088
2922242560
2922340960
2926342880
2930509473
2863402403
2867595682
2859211186
2858826130
3949078930
3957467538
3920833682
3903876306
3918589122
3956386882
3956321283
3931154432
3925912368
3925916208
2835397168
2818751008
2818767392
2891110945
2901559843
2900380194
2891996722
2908778034
2942368274
2921388562
2922400530
2939181394
2941270354
2907773202
2773686546
2756917522
3830589714
3830650898
3839051826
3851929650
3887515666
3870727234
3870209218
4138660993
1987998849
1983713409
1462579361
1412309411
1952907939
1956971234
1421152802
1418999346
1150560770
1150560514
1150757122
97925378
134088962
129829634
128717587
96219939
100413731
92168483
88006993
121541056
124682688
116359568
116232624
40746416
40221104
36018576
37198224
35109264
18184624
4467105
4467619
4466594
4532066
4536098
5506338
6554898
23864578
24046850
32152834
1101694210
1135248642
1135185394
1185463795
1185462689
3337136544
3324570080
3342346720
3273140577
3272153891
3242725154
3246923554
3246929698
3230152498
3230145826
3230211363
3226131731
2149240131
3241855299
3274348995
3257572291
3262815169
3279657937
3243884016
3251158496
3225992672
3225990304
3238565024
3272121760
3523919232
3523918208
4128946560
4128938368
3862666208
3879451424
3845697315
2889410338
2889377058
2889360674
2888380706
2888368166
2909339686
2917990518
2947482110
2880373214
2880386778
2880241354
2880219848
2846665416
2842475080
2871827272
2871892808
2872030792
2873008856
2873029352
2872996520
2860397224
2868716200
2868126123
2859730158
2859468026
3933461626
3931301914
3939674122
3951208458
3905071114
1749195019
1746046219
1746128763
1745962863
1745889125
1745891168
3905949024
3903851872
3903917424
3904011712
2830298816
4172475968
4193435201
4201876034
4201749090
4201970210
4210325794
4205066274
4209776674
4201396258
4180424770
1479424193
1479153792
405408128
414124704
413997728
430389888
463731328
446737024
1524669056
2054273744
2050075376
2047912480
2064689696
2030086688
3892357664
3892439584
3892533792
3893435168
2834303265
2897233955
2896283762
2914175938
2930965186
2926766786
2920475330
3996240610
4130343522
4134538018
4151318818
4149229858
4115736594
3570477074
3570415650
3566274594
3298166786
3298166786
3317045314
3284011074
3267303490
3267180658
3267112162
3333957858
3333957857
3338147936
3278375264
3223849312
1077631248
1077566720
1075477760
1075475712
1732928
4870464
14415184
5893456
5892432
1702256
1694064
18602320
18602305
52156739
56219986
64609650
64609650
30012786
13235570
13236082
4847602
13369330
31195122
60555218
45718514
44678129
44678128
48872432
40483824
37337440
1108916576
1124645216
17348963
17341922
1091091938
1095417282
1133165762
1116388547
1116444864
3259545840
3255351536
3540629616
3508189536
3495606880
3501895264
3501981281
3518627393
3514318145
3510115409
3224897635
2151225379
2151364643
3237624098
3233430066
3233495570
3248036354
3281525315
3264744131
3263716243
3263741345
3267933601
3259535777
3255603617
3255284625
3271996289
1124250497
1090764675
1161865715
1434560881
1971562769
1703061781
3888232725
3859844405
3859842109
3859845183
3994132527
2920456238
2920472870
2788344102
2800174950
2796375655
2796510935
2796452551
2796481223
2800577223
2817293031
2775338726
2754371318
2754576086
2754508446
2758637214
2766959550
2766950846
2762756287
2762215608
2783260824
2783392920
2774678680
2808229016
2808228249
3890358683
3890293147
3890223499
3852471689
1688210825
1688280536
1956722044
1956717572
1423974400
350298128
81993744
81944576
77784064
132300032
1323469057
1323469570
1315408658
3396176434
3396181554
3681269362
2573895250
2582351571
2582355697
2577989280
3119050400
3144183456
3140234912
3140758944
3106941088
3088070880
4164950240
3636664384
3632408641
3636619587
1489136450
1481788226
1213353842
1297172834
1265633634
1248860530
1249061122
1244801282
1244866818
1316165682
1324549154
1320353906
1320366146
1320362050
246624322
263394371
129046544
129333296
125073440
118814752
84208736
67429456
445504
1460546
6179138
79579954
79633202
1153248818
1153180450
1169957666
1203258146
1203487026
1136382323
1102680560
1173983712
125350368
104377824
104577488
37394624
37394624
35362896
35231856
35174513
18392147
1736771
5931859
297439843
398104161
380222832
375958592
371759171
371973202
372907106
372980962
356071650
343489250
279517922
279517922
11090674
12139200
8923712
8923728
13118048
535312
17455360
17451267
17451266
17451266
4872450
1088113426
1083788146
1082776434
1082768242
3248077683
3248078833
3281567713
3266878433
2193136097
2197395937
2189007331
2189031907
2184788466
2184853842
2205825346
2180660082
2163814242
2230857570
2230861778
2247843778
2264587650
2260327826
2394469795
2396566945
2413605280
3478426016
3440677296
3474174336
3474109828
3724717516
3724782044
2114038268
2114038108
2114038040
2114038024
1040301320
771985432
772915260
772980781
775077933
1861660709
1856413733
1839633409
1823376385
1819116609
1814662595
1814798307
1814804193
1814689505
3962107621
3966334701
3966334685
3966531225
3966531241
3974919851
3974395579
3974394779
3974369755
3974107531
1818244235
1835084955
1835150507
1843539115
1843535291
1843467659
748688779
748689291
748765179
748759915
749758749
749792517
1823515908
1827709184
1822601728
1822593536
3974267393
4012016131
3996354066
3996171810
2922425890
2922441250
2922433250
2934197218
2934262195
2951698832
2918152592
2917497264
2892315056
2908821936
2917144992
2917152992
2917214448
3168872561
3161532529
4235274259
4243793938
3702667330
1554122818
1554122754
1285687298
216139778
208869634
221325362
256911394
240134178
248592434
248715266
240322562
240326659
236075011
242358531
116803859
115804946
132991858
132995954
133004146
99449202
99449202
99449202
99449202
99449714
99449714
99449714
99449714
99449714
99449683
99187539
99170641
99171152
132741968
124484464
258702193
258603635
258603890
225049458
225040754
99211634
82442610
99219826
95156562
95156561
99350864
90962288
124385648
120191344
1160501616
1160509808
1147795824
3303635824
3299424880
2225683056
2226076272
2226076257
2225879649
2225879649
2225896291
2246859107
2272024931
2271869267
2272000339
2271869299
2271803763
2271803763
2271869303
2271869303
2272000343
2238445911
2171337043
2171337043
2172385619
2172385619
2172385619
2172254579
2172254579
2239363443
2238445907
2238445905
2238445905
2238314833
2238314865
2238445937
2238429553
2238429553
2221783409
2221783409
2221717873
2221717875
2490219379
3027221107
3027221106
2771368562
2804922962
2788080210
2788080370
2788080354
2788080610
2788096998
2922379766
2943211990
2943220214
2943221246
2943352191
2909666687
2909666687
2909665663
3983407227
3983407227
3983538427
3983538683
3983473147
3983530458
3983530458
3983506426
2909634555
2909634555
2917498623
2917530237
2917530237
2917530493
2909076317
2909076317
2909141341
2909133181
2909133181
2775013885
3849263549
3849271743
3849271743
3849271734
1701263798
1701255606
1709382070
1688410294
614676662
614676631
631453827
631253123
631253442
631253314
903887682
367098722
367098210
501315954
501446994
501446978
501446978
501479763
501348721
501349233
492960625
526646096
509803329
509802817
1046739281
1046608225
1046526433
1063304161
1029749489
1025620725
1025620721
757185265
761379809
761379297
635681249
635681745
627292865
895728195
925022803
371374611
371440435
375503650
115407138
115407138
115358003
106969107
107165715
241317891
241317891
266471427
232916994
233244674
225380674
225384786
225139058
233396594
266951026
262887762
267090258
266959187
266959219
258570611
258570611
124344689
132716881
132733777
132742001
132742001
90831729
90831731
74054515
74045778
74045778
82573650
99350867
99350865
132905297
124516688
57276784
57276784
57268592
1097464176
1097464176
1080687472
3236526960
3232569968
2158836336
2158967408
2158967393
2159819361
2159819361
2159836003
2164021603
2231130483
2221537651
2221472115
2238249331
2271869299
2272000339
2271934803
2271934803
2188114259
2187917683
2187917683
2204662114
2204662130
2204727667
2172385619
2172320083
2205874515
2205808977
2205743473
2205743473
2205932369
2205866321
2172320081
2172385649
2221447521
2221447521
2221717873
2221783409
2238560625
2238560627
2506996595
3043998327
3043998326
2771368566
2771368566
2771368566
2771303014
2771303014
2771303270
2771319654
2771384694
2775439702
2775447935
2775579135
2775579135
2775449087
2775449087
2775448063
2775447807
2775447807
2775578879
2775579131
2909698555
2909764091
2909764059
2909764571
2909633243
2909108987
2917497467
2917497467
2917530239
2917464671
2917432287
2841934303
2841910750
2875530686
3949403582
3949402558
3949411518
3923983550
3919787191
3903010039
1755526389
1754408149
1753361541
1753230725
2021665159
2042653062
2042689926
1506000070
1505924166
1531351318
1531359510
1506190167
1506718277
1506719428
1506803668
2035120636
2031950317
2065570029
2048264301
2052459791
2054357262
2062570250
2060509994
2076238634
4223705450
4190152170
4223708394
4219514046
4219649438
4219911598
4219901359
4224091629
4178937308
4178871756
4178953724
4212573677
4212583791
3947064382
3946867742
3946920990
3948026942
3914472750
3922878269
3918683996
3918778060
3918841804
4215592908
4211402700
4211402748
4211601389
4211605487
4215635567
3914624890
3914688282
4191647514
4220966778
4221027819
4271169001
4275105019
4262526155
4279340235
3977413855
3976369407
3963794943
3972134239
3963678543
3963874895
3964862077
2907852399
2916306543
2916103935
2916099806
2916099838
2916171758
2916113902
2840616158
2840624334
2840718542
2882727006
2882991391
2878854428
2878732124
2885478012
2843537132
2822589164
2821655276
3090025197
2839420911
2872913406
2868127214
3937674366
3937686622
3937727566
3937789197
4227245852
4185298716
4181102092
4214591244
4281642364
4281658860
4262985197
3998670269
3998153917
4006542525
4275000509
4292826333
4283848013
4285953311
4252393263
4252458815
4260454174
4260429086
4243651902
4241812799
3101027679
3101687511
3101687542
3100630694
3100460726
3108787926
3109828566
3110020150
3112121382
3187098662
3182910517
3181763636
3185958236
3212151116
4216817868
4216825996
4211386525
4211387567
4211467502
4178475006
4162736894
4166914670
4177397286
4189394470
4188282166
4221844790
4227083318
4227148830
3688250382
3688320270
3687144735
3687120669
3687120477
2613376717
2579887837
2571556509
2554781343
2554781367
2563104431
2563047103
2563243679
2580016799
2606103295
2603900783
2653183278
3190060078
3194449966
3219550270
3216470046
3220530190
2647946318
2573032670
2573163006
2573105534
2573080958
2556370270
2555846478
2564191823
2560021068
2562578172
2579279596
2616504060
3123744508
3123744508
3123875452
4195530365
4195526237
4216366877
4182828925
3914587644
4178730236
4178726140
3105246445
3109518574
4225068542
4190397790
4190201102
4191614222
4187411742
4187473199
4220836909
4208258109
4195416093
4195453967
4195781646
4211531038
4215727422
3922191678
3901060447
3905254877
4174321596
4165928876
4182050732
4181989292
4181993404
4223936445
4290914239
4291000255
4290803614
2109794202
2110056394
2094458827
4244041035
4235164942
3693893950
3693893934
3698162990
3723492654
3752785182
3736006926
3737026829
3736962396
3741095420
3732712940
4282302436
4282290164
4248751812
4246656589
4248237631
4252464430
4252267566
3178507310
3177458750
3178572830
3094756734
3096854510
3096844011
3097315065
3114063560
3118268108
2575088972
2675743868
2674760749
2608249903
2608243774
2608260158
3143095326
3138575414
3144842534
3111279909
3119927076
3119992604
3119861324
2572439244
2572431308
2606067660
2606198764
2614589421
2576701423
2580834302
2580867038
2639787999
2638661117
2647100924
2681511420
3218123996
3209735372
3205602765
3205664127
3205668142
3205676334
3209813278
3176195342
3176523022
3042333982
3076409135
3084781295
3084191405
3218358205
3084136349
3185520029
3183946909
3158580383
3158601102
3158830542
3176574798
3184958990
3184825918
3218384447
3218908701
3221026364
3179140652
3179269740
3174911724
3174916005
3208474519
3195497878
3201658294
3201594598
3201586422
3218175446
3184719686
3170039622
3170293319
3161839413
3161783589
3161779492
3161782308
3161905428
3161913604
3159813380
3161980724
3178585908
3212205877
3128303399
3126265126
3134457206
3133420630
2596615366
2596682966
2613451894
2575701110
2558857302
2558882135
2558845789
2564092509
2555696733
2551512925
2550459261
2550524271
2554591599
2554566783
2579668175
2579666125
2613285325
2680525245
2672137133
2672087725
2667902653
2667900575
2634509230
3172366830
3176548590
3187035262
3187098639
3186913551
2650038543
2641649951
2607818031
2607883567
2589398383
2597784942
2596736494
2596607998
3661641679
3644925775
3628214031
3628236549
3636649749
3636518709
3636526949
3636510549
3636699093
2579730421
2604908533
2583740375
2583756791
2583752167
2588275942
2596730086
2596689126
2613445854
2614898142
2580295166
2580380142
2563135982
2564180854
2631224087
2624913159
2624978181
2650248532
2647893316
2580587972
2605766100
2601633252
2601766884
2601709285
3125014245
3133271797
3145858773
3201433541
3193171397
3191004375
3208039671
3208039926
3195465214
3210079742
3176427486
3178555358
3161970551
3170878829
3170747692
3170694204
3186945036
3173317893
3206995205
3206995206
3208043830
3178583078
3184796710
3184796990
3185520991
2648573917
2644379372
2644313836
2581337852
2616997597
2683573983
2641844222
2641778686
2639688158
2639618506
2630115786
2579849674
2580899163
2580903225
2574540088
2570374968
2570967864
3648499512
4193756472
4227182856
4227121160
4216635416
2064994360
2064789560
2063740969
2063737131
2063738666
1799497274
1807955482
730142218
696538891
966051145
2046592073
2037941467
2070648059
2070650011
2037104026
2046474170
4194022330
4189958842
4173116154
3657413370
2583097978
2616648554
2589352234
2589417531
2588221499
2588225595
2596606267
3687125307
3653572411
3637843499
3629584123
3629469387
3629444745
3696557961
3696528777
3696594328
3696598424
1549120920
1551339960
3715535288
3744657817
3610435993
3593659353
3727844153
3732072239
3740397359
3757108015
2645604649
3182475545
3163602201
3184567577
3217331001
3192226665
3192357864
3192381865
3192381869
3204834479
3171417255
3154303398
3154299814
4250045142
4015168070
3998268935
3998262533
1846583300
1846669348
1846670372
1846793252
1846729764
1850924309
1718799629
1735576845
1735511391
1701968223
1702099421
1702353405
1702349821
1701170173
1701175133
1701144415
1701144575
1701147111
1709258215
1692472759
1692603830
1693652374
1962096022
2096180630
2096180694
4243664214
4243799574
4239596062
4239489567
4239419967
4254132791
4287688247
4275109175
4274035767
4265645111
4194362423
4194362423
2047271958
2114385174
2118567190
2119616258
2136328018
2136337783
2102787447
2104876533
2105006580
2105002484
2104871285
2105007445
2104972639
4252463454
4252328414
4235665918
4235671038
2633834494
2632780542
2628586238
2628590334
2628590334
2628009726
2628003582
2628019966
2633294574
2650067951
2681509359
2681515517
2681515484
2681515356
2673123164
2635435612
2635505244
3021385340
3021384236
3025574444
2757073453
2757073469
2769600061
2770116141
2738671149
2738669117
2738683453
2705129261
2704854831
2706951983
2706951551
2707021151
2707029343
2705980767
2705980767
2705972575
2706234719
2706234715
2739929051
2739929083
2739929083
2740846585
2740846073
2724068857
2726164985
2726164985
2742942201
2742942073
2709518649
2708405529
2691626267
2709452059
2742941051
2726092155
2726092155
2726157819
2726164987
2726165883
2709519739
2692676955
2692676955
2692674891
2690577755
2690446827
2690440683
2707217899
2740936187
2715777531
2715679195
2715679067
2782787931
2774465499
2774433755
2774499227
2807363514
2924794298
2933182910
2933248446
2924868030
2941772250
2941773178
2918640730
2902358110
2902358222
2902358238
2902423774
2915007743
2780708317
2814252956
2818455196
2807899796
2807834260
2807838384
2807379361
3075806386
3084136626
3086242002
4156440642
4126015490
4109246722
4109312519
3568120356
3569104428
4105972008
4109903912
3612878936
1444620489
1448749257
1390097483
316211210
295371019
278528793
14291769
5912360
5779244
536364
17302812
319308045
302793021
306987373
307024239
307098991
315618653
332397917
332265981
323811821
323812845
307033593
315601305
315335099
315335099
852079034
843682234
826906618
541759450
810198603
810200907
806005769
805874745
805887017
805837869
806042733
805971053
810166125
835326700
864682717
847905485
311120527
310956686
378049454
394831786
1468573610
1439285162
1967894506
1963699706
1963703322
1967830026
2102047754
2102108187
2103173161
2103107880
2103145336
4245378776
4228521656
4245294761
4279176875
4266460858
4274791066
4203504586
4202979802
4203016683
4202996201
4220888425
4225218428
4216758092
4215770444
4279606748
4279610860
4262981100
4261828092
4261827036
4282806780
4257640932
4108144740
4110242897
4101897299
3565087842
3564555634
3581331266
1987499778
1987465986
1987379970
1987904819
1987919143
4278135078
4261292342
4243391774
4243338030
2095588138
2020098842
2095596490
2108474842
2107955704
2107955560
2109143400
3716082025
3692979547
3691786315
1544036554
1275605210
1288401130
1552609513
1418387436
1435146988
1401592460
1405852300
1394317444
322604164
20877444
3035269
2818199
271188390
271192742
283779686
296690214
330049030
44838406
44314134
61095198
128345359
98989325
224544524
1276343612
1280341308
1280341308
1280341372
1288728956
1284600828
1301435348
1301435092
1334989813
1335055335
1335062886
1330737510
1326474286
1326474286
1326478622
234910986
236016906
256988426
198235962
198235498
158385642
141612526
137614750
137541014
137539990
1215541650
1213444498
1238610322
1267904978
1251123666
1251124562
1251142930
1251203379
1255249953
1263577121
1258335329
1258404947
1326613698
1326875074
1259766146
3411448210
3419837842
3415725490
3415600626
3415601138
2392192738
2392184547
2394224289
2394220193
2394220196
2398420644
2413083556
2673126309
2634328573
2635446525
2618735861
2620830837
3179197557
3185423700
3185370964
3185178196
3177172692
3175042772
3174960884
3107339940
3107220965
3109321957
3117710583
3113548871
3117475142
3117786630
3117856278
3117850134
2841091638
2908069415
2941566759
2941632293
2924973877
2925497860
2925504068
2938087125
2937976549
2906447597
2906442221
2909587693
2918041725
2947532861
2946947133
2951150861
2942758669
2939612701
2906123821
2910637613
2759642669
2768064317
2759675773
2759679837
2776399837
2776399869
2809945599
2818334206
2817875454
2818006526
2817940958
2776595934
2782788062
2765937118
2766002686
2767714558
2767710430
2902420830
2919197983
2910805823
2776520511
2810083167
2808964991
2808903167
2817283581
2800534781
2936003796
2935937140
2935945300
2927552533
2942299413
2908679959
2887669255
2887665158
2891339334
2891276150
2899597670
2899597542
2845105399
2878794951
2862015943
2864117207
2860307943
2856123878
2856090854
2872925422
2877185254
2874543350
2849381574
2849385926
3118280654
3118279158
3118283254
3117681006
3117682014
3119781199
3116266829
3183409116
2646388444
3221008068
3212099524
3207892932
3207955956
3191248356
3189155188
3210143092
3209882741
3209787509
3205503223
3205957846
3172338118
3161853382
3170242518
3166115542
3165927158
2629050998
2645844566
2683626358
2666825071
2666833005
2658446461
3207895053
3174467599
3157690383
3161898047
3159813421
3117804925
3117705053
3210049236
3210610404
3206416036
3210024868
3212064180
4285801908
4283772309
4292226461
4291258271
4257544078
4258592206
4258653647
4260881503
4235064607
4230798622
4230807358
4230839838
4235099678
4243488318
4256063038
4289678911
4273817597
4277421517
3732205981
3725914301
4279734461
4279672989
4282819791
4282825743
4283939854
4285905982
4285855790
4284869678
4251450398
4235156798
4177417962
4177417963
4171186925
3097020157
3101226716
3111708636
3140023676
3190805549
3195993134
3137272894
3137240094
2598124558
2589797390
2606642206
2558398494
2566783807
2562589245
2562654845
2562481880
2560420504
2577197736
2608634792
2587658649
2587790731
3658937739
3658932682
3658932314
4208123946
4204187690
4203791465
4270910568
4266716264
3742423260
3708997004
4245867916
4228036508
4240679612
4236292764
4102137476
4106724996
4107714260
4116093684
4080372708
4062484964
4062506213
4062639189
4062625815
4063150103
4046405695
4029632574
4029493534
4033426970
4037631530
3030994538
3030961899
3030961839
3048799885
3044599693
3174622605
3174753741
3174723037
3173920639
3178119038
3178172254
3178175774
3219985694
3215791486
4289474942
4222431743
4222431741
3690214749
1534338909
1534339037
1528112093
1494299005
1494298751
487788591
492179515
475271179
483667977
483714057
475310392
475445512
337033480
358517704
394169224
1400868744
1449428889
1449427881
1449427883
3597112250
4133925882
4150698858
3085345578
3051726638
2783297327
2783418941
2783419932
3044382260
3040203316
3040137777
3157619251
3157537122
3157528802
3161195682
2913863858
3181779074
3215341698
3215341955
3198433665
3203673489
2658461173
2670846453
3207770613
4285575509
4283474263
4249920823
4249926951
3176316197
3176577829
3042351909
3044462357
3044986629
3044922645
3045054261
3045054263
3052393015
3043979862
3043850070
3044308966
3044302310
3044367591
3077921975
3078059157
3078059141
3078054085
3078054103
3044495575
3044504919
3044504887
3036018470
3036018214
3048603190
3048603166
3086351894
3061112342
2520010294
2518435638
2518548791
2524844087
2524913717
2533306389
2515402773
2498647061
2498166036
2499214660
2633497924
2488589813
2488591853
2505369501
2546366349
2530629551
2531006383
2531018671
2522629565
3059602845
3078612445
3045057567
4100973583
4096762894
4096782366
4096585758
4113322015
4114415647
4101898559
4108195453
4104007277
4104092413
4120673021
3588026013
3579637133
3579630733
3613180063
3615277311
3615479295
3615418223
3598640751
2524898871
2524931863
2533192982
2533192758
2533183542
2533167158
2549952566
2514296878
2225026350
2224950654
2225016670
2229078862
2363235167
2354854783
2354391677
2362781309
2362715773
2378440316
2411728764
2395014516
2395018612
2327848052
3393201268
3409980517
3409976677
3372292469
3372312917
1224829397
1212414935
1212411847
1212411847
1212415957
1228970997
1228987381
3410033637
3410032997
3410098485
3410229525
3384999173
3384999191
3364009271
2290325287
2290130791
2306916327
2311100839
2613156263
3141638583
3141778391
2869148663
2869074487
2835528247
2835528247
2835529255
2835529255
2835586599
2836635431
2835599143
2835598119
2840709431
2840709431
2840709503
2842806655
2842810751
3984062847
3984054655
3983001983
3983006079
3983006079
2909272575
2909272575
2909796863
2909797375
2909797375
3983399679
3991788287
3991788255
3991731039
3991730527
3982817631
3982882847
3983014015
3983472767
3983473791
3983465727
3983431167
3983497151
2909755327
2909757119
2918022847
2917497529
2917431993
2917431961
2951085017
2951085017
2951081817
2951081289
2942690649
2876370297
2842787195
2842778107
2842909179
2842909182
2842918398
3916529023
3950067071
3947961695
3947969887
3947965789
3947964925
1800477183
1807817119
1807821215
1770076606
696322206
696268942
696264846
696264846
696268942
696268935
696264839
696265095
768616903
1030842839
1030879703
1064565207
1064565205
1064565205
1064434165
1064426485
1063386101
1029831637
1029962709
1029962709
1029831669
1063385973
1063385973
1063385973
1063484279
1063483767
1029798263
1029798263
1029798263
1029929303
1029929303
1029798231
1029798231
1029798263
1029798263
1029798391
1038186999
1038186999
1029798391
1029798391
1029798359
1029831127
1029831127
493091287
493091283
493091283
358873555
358873555
895744467
895613427
895580531
895580535
929134967
929167735
929167735
929167735
929167863
929167735
492960118
224524662
224524598
224524598
224524598
1306655030
1302591798
1302591798
1268906294
3416389942
3416521014
3416520998
3384006950
2308032807
2312227125
2302790101
2302933461
3376671189
3376675284
3410229716
3410225620
3410225621
3406035413
3410221525
3410061653
3410061687
3410065783
3410057494
3410196758
3385026838
3385030934
3368245526
3368114551
3368147319
3368286551
3368147287
2302794071
2302802230
2336356662
2344737078
2344868150
2328066358
2327935286
2327927095
2344831351
2344835415
2344769875
2311149939
2311084387
2311084391
2302802295
2302925143
2302859591
2302860615
2302926167
2336349559
2336284007
2336292199
2336554359
2336619871
2336750927
2336685391
2336684383
2303195483
2304244059
2304112987
2304047481
2304047609
2287270392
2287335928
2287467512
2295855992
2295857020
2312626044
2346049404
2413158252
2396381036
2264784228
2264779109
2188233061
2187970933
2187958613
2187958613
2188098005
2205858773
2155527125
2155526869
2155870933
2155870965
2155182839
2153020279
2169780583
2202286183
2193700983
2260953175
2260953159
2277992775
2278029655
2236991991
2222934487
2221890039
2221898231
2221898231
2221767157
2221767029
2221701461
2238478677
2238536053
2238577015
2238577015
2238577023
2238568831
2238568959
2238568959
2238577151
2406349311
2406349311
2406349247
2406349247
2406480319
2406480287
2372909471
2372909471
2238691743
2238692831
2238690783
2372907935
2356126623
2356126622
2356127678
2356002734
2372702126
2234355135
2234490271
2267725199
2267720845
2267721165
2267721165
2268769759
2541463038
2541331966
2541285886
2537091550
2537263454
2537197854
2507863359
2506816797
2498427164
2498419468
3580611100
3614035516
3593229948
3593224791
3593274198
3598594166
3598000230
3606384678
3587571734
3571328006
3573441799
3569284421
3569088333
2495127421
2495123181
2499329775
2541338623
2524557311
2537274879
2537223631
2537485519
2541670655
4116041967
4116050159
4116166015
3832978751
3833502527
3833444639
1702737951
1836955671
1866445847
1866371095
1866436639
1832898847
1832768303
1830672175
1816972910
1825364958
1825373134
1833757135
1766713677
1800333628
1800337708
1791936812
4006464316
4006411036
3998018060
3997821468
3997945405
4010528317
3842760239
3842764399
2908278382
2909588350
2909588351
2909591935
2909665663
2909534591
2909534591
3983137279
3983137279
3983407614
3983505918
3983505662
3983505662
3916126462
1835751678
1835759806
1844082878
1844082846
1845389470
1845389727
1843390877
1876945309
1875770332
1858984732
1858468636
3997559324
3997559324
4014336573
4010266173
3977693743
3982481967
3982281255
2910636918
2909588343
2909600119
2909665655
2910714231
2910837239
2910845431
2910579191
2910579191
2910845431
2910706167
2910706039
2910706039
2910714231
2910714231
2910706039
2910714231
2910710775
2910714871
2909657591
2943207927
2943212023
2943212023
2943220215
2944264567
2952784247
2818570623
2785016701
2785016703
2776623999
2776497023
2776484223
2943207807
2943211902
2943351166
2943220094
2877159807
2877282815
2843736575
2843572727
2842024437
2825378805
2842163701
2843081207
2843081175
3914721751
3914721750
3914721782
3914848758
3914848502
3923105974
3956668567
3956799639
3956734101
3956734101
3956734356
3956734676
3981965908
3981826644
3981769268
3983862324
2910182181
2909129525
2909129013
2909129013
2909133687
3983006583
3983006582
3982874998
3982883126
3982817558
3982883094
3982972990
3982972990
1835489342
1836021822
1836021886
1836021887
1836013695
1844336735
770594911
770594911
770660439
804247893
787470677
1861089653
1861089621
1861220948
1852832340
1852791381
1852791381
1852537461
1852406391
1860794967
1860795207
1860925767
1877670215
1877670215
1869339479
1869347671
1835662295
1818885111
1827265015
1827265014
1751767254
1751874630
1747677254
1747529838
1751658602
1751920746
1760301291
1793792505
1793800921
3941292760
3937131224
3936991960
3937974984
3952649800
3901268553
3905528650
3893277546
3893264746
2819605610
2887568494
2889664623
2910701949
2859358556
2859367004
2867812956
2867846749
2867724031
2867652350
2884429822
2850879486
2834126334
2825868798
2825870842
2821684698
2821553626
3899471322
3900454362
3908908506
3906938074
3906938074
3905907915
3905907147
3922160091
3917998489
3951557515
3934755723
3938828171
3930382986
3926188686
3925992430
3942839150
2840773415
2849096999
2851196209
2851203345
2874273041
2874275089
2874405169
2873315633
3946922293
3913371957
3913380157
3896605981
3896604953
3896604985
3896998265
3905411448
3922184649
3922713033
3922586825
3914129549
3914129567
3913674991
3947286766
3947020646
3938632487
3938632243
3930183191
3930121735
3925929487
2852252463
2856573295
2857748843
2866661755
2866760155
2866637275
2866671051
2883446235
2883514875
2879312874
2847918058
2830485486
2834683391
2826302975
2822110719
2822102522
2889341178
2906126586
3984062682
3984021978
3925301722
3958602075
3941824857
4008934680
3998444824
3998313752
3998317880
3998318392
3998441016
3998633500
4007026188
4009156173
4009090909
4026387295
3983395151
3966753103
3966761311
3966630783
3966630767
3966630783
2892890111
2892890111
2892890111
2892890111
2825911775
2825903583
2825737727
2825679342
2825679338
2825155050
2825215482
2842130939
2884073979
2884073595
2863134809
2864183385
2861952008
2860901640
2882003721
2839995179
2835792426
2835727914
2903887722
2905919358
2939472222
2942654814
2926008670
2934406014
2951707518
2951740286
2951609215
2918054749
2917990236
2892890076
2893938684
2893938684
2893412860
2893404668
2893404668
2893511164
2826271228
3900014045
3915218335
3915345311
3915377055
3948935423
3957324031
3957324031
3939498333
3939429149
2865688085
2873617941
2874535477
2874469925
2874462055
2874460535
2884749687
2876504407
2874403159
2874403159
2840852855
2840853367
2824067959
2823937367
2823945559
2840722807
2840721791
2840975743
2908215679
2910321023
2910804351
2910669183
2909358431
2909363679
2909404639
2910449119
2919230975
2917001727
2916469215
2907031903
2907167071
2940726655
2873617759
2873617759
2874665343
2874661247
2874526079
2952087935
2817989981
2818518493
3891734013
3822532605
3791067133
3791069181
3774156799
1626606079
1622415486
1620392062
1619343390
545532942
562310158
562883662
600609870
592288975
592297182
588102910
571316479
571316479
571447423
570857517
570857517
570866732
571407404
638516268
642677804
776633661
786046221
718936909
721099597
721100765
719921151
736704414
736835486
703149982
686372510
686374558
686374558
682179230
682433178
683481818
680798970
683945850
675556714
675293035
1749104235
2042764905
2072190584
2071993928
3665885768
3665869320
3665864968
2592128008
2323692568
2323758136
2340656168
2340607016
2344770857
2344750383
2345013039
2413103662
2413055550
2413092446
2681519742
2681706110
3220674142
3119887966
3119824462
2842992206
2822019663
2822093407
2822158973
2820578157
2820585837
2820598125
2837441661
3911056477
3948903903
3948903935
3932126719
1784642047
1784625535
1784486013
1792874621
1794971773
1862212701
1857961053
784219215
784235599
784223566
788220238
737892830
695810526
695942550
691748230
673914262
673783734
679294646
687158966
683095710
680736398
680738510
679489242
947923546
947923546
947923547
968949593
960536537
692164057
1774302680
1774302552
1774304600
1774304088
1765915192
3909204536
3942750744
3942882840
3942815272
3942815272
2869072424
2869347113
2874525037
2851423725
2918647293
2893487549
3833011637
3832749495
3832749495
1615935894
1624320406
1624320150
1620256982
546519254
563165190
563096582
596913158
596909062
601639942
601607219
592174387
592009527
591944055
592009591
592149367
575306599
584023909
583892853
583819093
600637405
600702429
592312829
592304637
558750175
558750175
558889471
558627327
558463359
554260862
558578047
558579071
566901551
566962991
562768447
562588183
566786823
566811399
566876438
558471446
558471446
558471446
558471222
558611510
558607414
541830454
541703478
608800119
608931189
608885605
621443956
621488692
655043124
772418100
776612388
785066548
801652500
663230213
629684037
612919127
613023319
550034135
541645527
554228439
587845623
571198837
583714165
579503477
596358999
566797911
541646431
537447007
537873023
537811695
558775023
600783279
642727327
651113869
650637453
650617021
646422700
663003308
1837408388
1820429508
1820507937
1812180481
1812184579
1812113938
1812377106
1829158178
4011236386
3998665827
4008625363
4001297603
4001293763
4001359315
4001228259
4001168739
4026129767
4025212279
4025441622
4025441606
4017059654
3983370002
3984422754
3967637346
3975960034
3975439826
3973408195
3974002131
3984510931
3850361553
3850107536
3892042384
3892170128
3866946704
3799803024
3795607700
3795677364
2721990052
2741896740
2716796452
2699836980
2695654932
2695687685
2695818755
2695815122
2763835298
2774320034
2769056162
2769248694
2803770262
2803245958
2942701390
2950760734
4020250670
4288686126
3215009822
3215080463
3182949389
3115638860
3117719852
3105132844
3091170108
3107882508
3112077069
4185892111
3917259838
2837228590
2836253935
2836318639
2836318893
2942225069
2950651548
2933679756
2924225164
2919506868
2924818852
2799046884
2794587236
2811251748
2811260165
2777738501
2778197781
2778134309
2782758445
2782692927
2908587526
2908335878
2771970342
2772228198
2772225254
3879617782
3879620806
3843956934
3827179718
1683895751
1685995221
1694435941
1690126887
1706842727
1723629382
1727817038
1719488590
1719124350
1717027182
1700120366
3965572670
3965644302
3974032911
3976195607
3976048167
2919030759
2941831143
3206072215
3206239111
3210377110
3202230246
3198041958
3200191798
3198684454
3198696487
3198693415
3198758933
2666164237
2657865741
3207184719
3156911567
4230660047
4230646671
3966405535
3975121373
3974928748
3966020652
3962864676
3963065636
3963004708
3963020832
3963026976
3963014688
3983920944
4001156417
4000175169
4001289409
4001297617
3997039841
4000111841
4016855267
4025440483
4008664563
4008654290
3941545410
1785669506
1785672595
1801918371
1759844259
1759788983
1755660183
1755790998
1756577430
2022913686
2021926534
2021942918
2021976006
4173637062
3628449238
3629104582
3645816135
3755933639
1608146885
1457131413
1448807333
1450785189
1987918245
1987911077
1937708453
1935544717
863375759
828649870
291534318
291548526
274760766
274834454
367108118
400793886
1470542638
1453765166
1454282287
1454349868
1458420508
1579989260
3744446732
4248738124
4229860172
2086570828
2094836252
2102766140
2119679548
4262958868
4262973716
4128763956
4128731172
3057004576
3077967904
3036546304
3031305792
2494435008
2494109409
2494051043
2494051042
2494101158
2494086838
2498280326
2506733958
2523642006
3060439254
3060439255
3056244757
3057300484
2787680260
2787680260
2771035444
2754258468
2766833239
2695612118
2695747254
2768041638
2755459758
2805791406
2788719278
2788715422
2804447630
2766887050
2762626442
2762625483
2762699227
2766693355
2758304683
2754113519
2892917741
2909722991
2918009183
2919069710
3992446990
4015418382
3927388166
1797193734
1765683206
1765679222
1768563694
1756037802
1756893882
1824075403
2090412683
2090412683
2090363531
1570286219
1570287497
1438167432
1442349448
1434157464
1463714280
1462673896
1395565048
1378799960
1936122233
3555160427
3555185515
4059558891
1903556219
1903468059
1911851835
1945405739
1924503597
1928836125
1987420165
1982177287
2000146455
1966493719
1965428967
1969624998
2011565734
2007894662
1991195271
1990995605
4277955285
4277987855
4294765071
4194085390
3648842270
3644597790
3627819534
3630498318
3638952814
3634757806
3635675302
3633590438
3633062037
1485579404
1485578380
1221337228
152903916
220025960
222250264
204893448
471231752
471124248
479500553
478513161
482851080
524724492
1582738188
1583267596
3663629852
3661399589
3661136487
3660075750
2603233990
2561290950
2561286886
2359951790
2359828910
2359829674
2364028075
3429375112
3425187976
1277896840
1143679368
69806984
69942152
120221592
36332424
36594569
36094345
304202121
309368232
307277224
38840749
41134559
1114869070
1105363214
1084392206
1084396318
1084269354
1084269354
1084535594
1084528424
3232735016
3224361576
3224193736
3224308424
3224251336
3223726344
1164326938
1202128954
1186270234
1186275338
1186930954
1186664762
1186546158
1186578863
1459147180
1446548908
373073036
373072268
371172236
387359372
892789448
875721224
874667545
874601002
878729514
887146538
899729466
933349386
396596234
1604485386
1605533962
1603371306
1501602154
3653346666
3653418366
3653410271
3720584671
3720590813
3720853404
3712456604
3712481212
3712415660
3578189228
3561479612
4116176316
4116176316
4048936413
4082495437
4067813343
1916228575
1916163038
1933001046
1933005118
1904079142
1904012326
1911863334
1911916595
1945995283
4076832785
4068449280
4064191488
4064190464
1916719552
1933444080
1899831968
4030539425
4034672295
4043052710
4038854630
4038853990
4038908934
4043107334
4034766854
4099909638
4099778869
4116625716
4150177620
4133389908
3864773364
3860583156
3860558580
3860346612
3864536807
3881314278
3789042854
3789242542
3772465342
3763982478
3763904909
3763905164
3762860748
3762849356
3763308044
3764307496
3766406696
3773626923
3823926074
3807254810
3798866010
3798861978
1647250586
1647050906
1651245210
578158746
586551482
603398314
548741374
548742607
548480718
548413150
548408031
548412063
548416191
548416159
565193613
871377293
863205773
858946957
857890253
862150141
559959533
559958511
568641919
568711511
602274135
602274135
593885463
560331031
560462103
560462135
560462135
560462647
560331575
560322839
560847127
594401567
594401599
594540863
594540863
829421887
838596927
872020287
869894431
869895007
600411007
592158197
558603767
558874071
558874071
558865877
558865917
558866429
588226551
588234423
860860327
1934530535
1934525862
1632552374
1633608950
1633611006
1902045302
1902041430
1945819415
1929115989
1920527685
1920525765
1647964573
1652220349
1652285869
1677322157
1677320127
1945829085
4083941085
4083777116
4062733852
4079498796
4083877420
4058908204
4037938780
4038025053
4037828095
4037868782
4037860590
4058828030
4084059390
4079877342
4080002302
4046447870
1898968271
1898894799
1882117965
1903154797
1911316077
1907121727
1940668223
1944923455
1945052447
1911436573
1903041821
1886273373
1886355036
1902993108
1903025860
1912458949
1945999055
1937544831
1669109551
1635627311
1617862959
1625989437
1617531196
1613271864
1613279768
1630121480
3811289640
3798964520
3801974825
3800860761
2730793033
2718225609
2734969737
2701529737
2735088297
2740331177
2746491818
2746483118
2745959598
3014397118
2964080798
2955696270
2955606158
3492473294
3509251023
4050345951
4058740703
4092295135
4083906463
4083758519
1919496631
1919774967
1919774967
1919775223
1919734263
1936519542
1936512790
1886178566
1886357766
1886304534
1894164530
1894234162
1894045746
1894185987
1978037313
1982202048
1982276768
2116429216
2116159137
2120352481
2124612131
1067450915
1033945651
1033937411
497067011
233876497
221362208
219412512
487774497
488020769
471239169
475958785
481986115
480875971
430551233
1059958865
1043182672
908958960
909113504
640673952
645229984
1727276704
1727342224
1970745984
1953961600
4242869936
4238608992
4238613028
3701750308
3701747460
3701743878
3433439502
1286017326
1218728234
1214562346
1228177594
1258666122
1527228554
1594337418
520595595
1057470603
1062182027
1028620427
1968865675
1970962859
1970971561
1434117097
1433989725
1433956959
1429742143
1429807919
1433088815
1441403199
3584693311
1403673626
1404950555
1392376010
1384106122
1444661642
1465507226
1465406906
1431851514
1431843114
1461199146
1463296298
1450713450
1471877611
1403650492
296424892
279451548
275254940
271068892
271148604
271311404
808182316
824746552
862500616
574139656
572033176
571050136
571312280
571378105
571378329
575576713
583966412
575583757
574599709
573366831
573334063
556671275
1881542939
1885740314
1957038126
1956972654
1957701862
883955910
368060614
342895750
15859847
11666311
280101525
280101559
300024498
320882338
304148194
305177890
305177638
326217790
316846095
316846092
308452636
308709676
1391364396
1390381357
1389070542
1380616334
1393216654
1342850190
1415196814
1417293982
1420431535
1961365932
1022108392
1013719592
472187416
476326408
476342792
485796360
1559538185
1559534095
1555402511
1559725319
1557627847
3705635831
3754861221
3730743989
3732861825
3597288321
3597271473
3605725409
4066914407
1915228207
1898455306
1344938250
275391242
342505274
350895418
95100218
128473354
116979978
249071882
248417545
256541773
492474573
427471045
410689733
946513108
947567792
2017041568
2084088993
2100946097
1866080385
792330641
1059717795
753730211
1823221410
1823743714
2091137538
2091133442
1554262018
1571039234
111549442
111543298
112082946
247382273
245139424
176991648
151824864
135039456
1276086736
1276111296
201845123
84397442
105005954
109200258
109212546
109076899
109076901
243294637
1329623535
1141988714
1143097610
1143372554
1143368458
1151793930
1152174874
1168936761
1185592072
1319809864
1320858440
1304011628
1287168356
1291362340
1279037472
1279098913
1279234081
1413410833
339632389
355873541
322307588
305530381
309266175
313276074
314324906
45885370
1119647130
1136170426
1085836730
1086102938
1086102987
1085054937
1206628073
3328878313
3328877528
3463090632
3463102876
3463069925
3727314981
3744211233
3441697569
1277567745
1281499651
1289892355
1290947891
1305504227
