627964279
627964279
627964279
627964279
627964279
627964279
627964279
627964279
627964279
627964279
627964279
627964279
627964279
627964279
627964279
627964279
627964279
627964279
627964279
627964279
627964279
627964279
627964279
627964279
627964279
627964279
627964279
627964279
627964279
627964279
627964279
627947895
1030602103
1030600118
493729206
158183870
158183870
158184378
158185402
1236107194
1235827514
1269381946
1270430010
3417995626
3417996538
3417858186
3422044297
3387539848
3387524504
3379137944
3412691880
3408649129
3408657387
3408653066
3412844810
3454656778
3450466587
3450597673
3450593576
3387683176
3379285480
3374959592
3374959576
3374971720
3375098635
3375099146
3412845834
3416899914
3416899962
3387670890
3387671018
3379286522
3387679194
3387680250
3387549162
3387551722
2313793531
2313924571
2313922395
2313802523
2338963739
2338976025
2339103033
3421135145
3412751401
3412804904
3380172088
3442176840
3442164680
3446227912
1298744264
1298748824
1294564520
1328119017
1260993737
1227561993
1231762699
1240086282
1240081178
1240146490
1231561530
1231557434
1231557498
1240011642
1235964922
3383449594
3383320442
3387514730
3387555706
3379160443
3387548105
3387679177
3387679193
3387552233
3379152361
3374959979
3374963050
3408521514
3408653594
3421201674
3383451914
3383443738
3383476539
3387674985
3387543913
3379155304
3379164536
3379164633
3379164633
3374966265
3375097337
3379295737
3379295705
3387686345
3387682249
3379158521
3374964075
3374964091
3408508234
3412829514
3421217114
3421217258
3387658731
3370881448
3370881208
3370758552
1214903704
1210828728
1277906604
1277827756
1277831868
1278880397
1295707014
3458112902
3328148614
3335827926
3334254902
3334242870
3333128759
3601437220
3601375780
3592988204
3056113196
3190328876
3190459692
2922024424
2905247688
2892664521
2892668491
2888539723
2888351275
2892561961
2892555881
2900948968
2892526504
2892522409
2888328105
2892522925
2766687661
2766948541
2767014079
2767091855
2767087759
2774953358
2724619662
2724620174
2724610446
2724544926
2732860846
2732860910
2799971694
2800033050
2791783690
2792172810
2800233530
2796106794
2796109866
2812919866
2812932187
3081281608
3085542088
3039400648
3039413848
3022610024
3022731816
3022727976
3026926888
3035184203
3035184202
3572173914
2515143706
2548698122
2548759562
3601574922
3601441802
3601441034
3601371659
3735585336
3739783720
3664359720
3660157992
3660153896
3123350568
3123354728
3140139848
3093995083
3102379595
2833878539
2825491993
2825442920
2892556008
2900911784
2900895400
2892510891
2758293418
2758292906
2758294698
3035106478
3030912190
3030977679
3047847053
3081430156
3086655692
3061491469
3073021451
3073031738
3207195178
3173542442
3177724714
3177712938
3119055914
3152740394
2594897946
2594910282
2594775115
2598909147
2338856171
3479772329
3446283449
3454680200
3303699848
3320542600
3320446856
3253305244
1131118492
1126924220
1126852284
1126855677
1093297118
1097818590
1080873470
1080874222
1080859886
1366072558
1366005839
1399502925
3547053317
3530145300
3597254164
3593190932
3593467412
3744347668
3748542004
3651540260
3634824228
1487143972
1491350564
1479812149
1479550261
1209218335
1208100110
1212296478
1237351710
1233189134
1266727182
1249942810
1250202938
1250398266
3398340666
3398340666
3398169658
3402234938
3394849818
3376106554
3376045354
3380248362
3388637050
3388501322
3422057802
3420983371
3412590681
3412656217
3379171673
3379172985
3370789481
3370744425
3370711785
3370711705
3454598793
3454571144
3488125576
3353907896
3353997992
1199137448
1161392808
1094327960
1094585036
1128143692
37042996
36972853
36976901
41292805
41299972
40243200
40243200
36044816
36045872
40308016
124590384
124591920
124591664
91037233
91061809
91062065
91052819
225430291
225413458
225155538
208246258
208253362
141144498
149533075
149664657
1219211921
1219211920
1219212980
1219231484
1219096188
3366497832
3370692392
3370691880
3630736680
3630741304
3626542680
3626541640
4164530888
4179219160
4179215080
4182496232
4224704873
4224705899
4291687770
4292724058
4150118234
4085106650
4085075866
4067250058
4067233210
1919753386
1382358202
1382355098
1390743690
1403326602
1369845898
1358311562
1081483450
1081369006
1077701870
1081932014
1106827390
1408941134
1454027854
1458217039
1458151452
1592303656
1583931432
1600710440
1550581288
2020269608
4167753256
4167800360
4167602728
4167606824
3915948584
3949498936
4217942552
4219008536
4265180795
3728284266
3732609642
3597207594
1458112554
1122568250
1122704398
1122635782
65671174
33165314
7999490
8003586
8020034
24827074
58428626
40601746
40605842
40482994
41531570
58325234
24738034
7944306
7944243
7944497
16463408
33235504
66790096
66806416
66835072
23824017
6916753
6916755
15571634
15571634
10862514
14989218
1089790690
1106567910
1140647654
1134407654
3264856038
3264986614
3264978390
3264845270
3271078398
2197332477
2464719356
2456330600
2519445864
2536419880
3022950952
3022967320
2955301384
4028895768
3760468536
3760469544
3764657192
3840150569
3856927802
4024699914
3949792330
4214033610
2066549978
2078874858
3651744874
3651760138
3685339146
3685462026
3685457962
3668680746
3668681514
2599133755
3664355864
2586423896
2586415720
3123286632
3123417192
3123351656
3127558376
3089809864
3089782472
3156893384
4230630088
3966356200
3974692584
2762532840
2762536443
2762752458
3840688986
3849081450
3844420202
3877974650
1730491146
1730490442
1701646426
1710175466
1638872234
1638743178
1907170442
866983050
330159242
333812874
61321610
61256074
1134997946
1135010218
1135010218
1139696106
1131307502
1131292158
1131097598
1130970366
1139349758
1139480782
1139432526
1135246414
3349804127
3349733485
1206444396
1172877676
1290318380
1290383916
1282389544
1282399800
1210441272
1210382892
1478553132
1478553132
1478555436
1479602969
1498525963
1531023642
1522767162
3661864234
3670120506
3670063130
3670321210
3670391866
3670996026
3662565386
3662282762
3662288186
3402250026
3403286058
3415868970
3401123594
3404203274
3404223754
3395874907
3395875193
3396071801
3412775241
3379216713
3362409803
3362331131
3362269611
3425184171
1282096539
1147802505
1151931016
1151873720
1152914088
1090000552
1077419688
1077698236
3989212
1896004
1376004
30856453
66512193
41346113
37151809
37110848
37702737
37622801
36573457
40829203
49230610
66019890
66019890
32371218
15584786
82823954
78367506
78371603
99220241
124315952
103343392
103342368
103346208
241926160
241860864
258650433
166376277
149656156
145460824
145463896
1219205720
1223211640
1223224936
1491658344
1483535976
1483502440
2020893480
2014651193
939860795
956375850
989929786
989933594
977473562
977469466
985728026
1053033562
935611610
391433370
326470794
326470794
325946506
326075802
65508794
44421546
44422058
1118229402
1119802250
1124000762
1123721706
1123591278
1123597422
1119403102
1186640974
1189781583
1189781580
1315696760
1311469624
1563111480
472518696
405411624
405413416
409865768
418317848
418133512
417604104
409215497
410277403
198467130
180714298
176515946
177023354
178002267
245107033
116982872
107544696
36372604
36307028
36311232
36335809
53105089
53136851
57264626
57268658
57276850
57277874
65665458
32106930
15329714
15325618
11127282
11131250
28047666
27901283
32024033
23699937
2859393
2785665
7046529
15435152
15452048
11130609
1089038051
1088955942
1080569382
1097624366
3241957678
3225221418
3245922586
3281556746
3264971018
3332014858
3334177370
3334058985
3337135080
3328750056
3328741864
3593049576
3609892568
3559558664
3559562760
3559570952
4096632344
4029462072
4029453864
3027027560
3035416555
3052193466
3186377402
3186426538
3178042282
2670409194
2674603050
2615880746
2611686458
2611618826
2611700746
2594938890
3672879113
3668607256
3672871288
3672678888
3660091512
3660103800
3660234856
3744088168
3693756232
3693750856
4234808008
4243278552
4238932728
4238929656
4104967896
4104946424
3035398827
3077346986
3060643498
3194484650
3194447274
3194302906
3211002042
3178692858
2633896170
2631803002
2631541850
2631410778
3751289946
3466155082
3466281161
3468284104
3472486648
3471438056
3463049464
1311429080
1563054792
1546278472
1546276360
1546258952
409799192
1013738040
1009543721
1009528619
740560250
623119770
660669594
643891354
644952250
642851002
574824618
574824618
868360426
868376810
864215290
864456922
851805402
851743994
843877546
843876522
839764154
839841946
302938266
303708570
324680666
284831450
284913371
279707209
279688713
279557656
296265276
317239084
308845868
304647212
36407357
36358167
37361670
37365778
41560370
66722610
26872371
26877441
96085504
99231232
99242496
23757312
23823104
19628993
23822801
74023827
82412275
74027761
208246325
1277804092
1277803068
1496902184
1530456616
1526262568
1538805560
2042103800
2025330616
2025337769
1559765418
3698861226
3711460522
3591922858
3590972570
1447682186
1456054410
1386127498
1386131594
1390338458
1384116394
1400652971
1361904875
1348867323
1348875483
1365646459
1374035051
1373964666
3521395530
3248777802
1084549722
1084751386
1101968923
1190041113
1181516568
1181254952
1315480616
1311288364
1311353916
1311439900
237689868
254680324
204344772
204409747
209525666
217590690
77081506
77081522
77279106
79300482
11143106
11207618
11027265
32043280
32092432
23826688
23823120
23691824
23634464
86549029
69969413
69914127
204130827
136956475
417909545
1505295656
2109242856
2142793128
2146991528
2138629544
1463412649
1463412666
1450832314
1457385914
1389228202
1386213546
1386127530
1386143914
1392435354
1383985307
1378730201
1378832601
1378235611
1076245578
1080442122
1088822026
1084693018
1084521018
3232033338
3232033338
3248799258
3282867738
3270480699
1458537272
1449755960
1583922216
1583918124
1579727916
1579875356
1579834380
522849284
489293892
422185952
225123043
262748898
262748786
262679042
262680066
128656898
128583170
65749250
65650962
65634578
32080178
32080182
74158366
82555674
82427707
82427449
208255544
476690968
405315128
942186024
947435048
1014543976
746125032
610860712
623394472
1999191721
2000240059
1920679082
853222570
849289386
849158298
848261258
848195770
315515050
307650730
320226745
288783757
287731149
287452637
287320557
291518831
299907966
283343710
283310926
283360526
283227450
1356903722
1373943098
1386526010
1923454522
1923587640
1991219768
1986902584
1982642744
1445452088
1445349420
388368444
388368404
522590228
523577426
259336674
129380002
129369746
96339586
96405186
95241794
1169002242
1101628434
1101770770
1101766674
3249123378
3316166688
3303584096
3295193060
2489958060
2485820060
3559561880
4096498360
4096515768
4029241000
4029428392
4045681385
3781439978
3814990058
4058264810
4058331354
4126619850
3589679306
3585489098
3584965834
3584827594
3349958874
3333177578
3334324458
3334070506
3334071530
2264427754
2255084795
2271989211
2238354905
2221576697
2221577208
2498335480
2498278136
2498275064
3035148024
3027021432
3022822952
2704121384
2703597096
2703537704
2703533608
2703291944
2703349291
2736867115
2808153978
2791376250
2791378202
2791381018
3068606490
3068602394
3199150106
3199151130
3735958554
3739877386
3672768522
3404337162
1273630730
1235883019
1269505080
1252613224
1248352616
170458472
170655064
187348168
153793739
153867466
136922314
137043162
137042170
1223375338
1219181162
1219181162
1286156026
1286088330
3433575050
3433566875
3299357369
3303568056
3303667384
3303667384
3295215528
3291279276
3291278252
1144318892
1098181540
1115024356
1123281876
1114897876
1110635712
35836096
36098240
36065472
52916432
2306256
2232769
6423493
14811767
14763567
14738990
14724650
14724650
31504954
316705050
316966938
384141338
1449626635
1986896904
1982636088
4129927208
4129980472
3878322968
3962213912
2888482360
2892663336
2892728872
2888628776
2888625704
2888623656
2888585768
2754368232
2775323560
2776367544
2783774140
2783513788
2783526076
2712222901
2712632503
2712564886
2746115222
2746114510
2749769678
2737252062
2736996302
3810732510
3810601214
4091549934
4087418110
4053927114
4054987978
3518112970
3572706378
3304074266
3299093546
3315940650
3248829738
3282834458
3333166090
3333162074
3337438459
3328986361
3328801976
3328801944
1198224776
1298887560
1282110104
1282372344
1278079608
1278079512
472184344
472184344
472180280
488941339
522560282
535017226
1604826890
1589092107
1588961048
1320524664
1190517240
1189956024
1114443160
1122960776
1122632073
1122632090
1122640378
1131291006
1097736214
1076776962
1080972290
1081005122
1089393730
1089467602
1097856210
1131410834
1124070802
1123803090
1123798994
1123672051
1122561953
1139338661
1105784228
1089076660
1089164692
1080676788
1076425644
1076687853
1076687727
3223647022
3227902750
3236423434
3236294426
3232037690
3315923754
3332696938
3333286907
3333290395
3337407641
3261908120
1110294680
1110438104
1110368344
1110335512
1109794844
1126576444
1076245301
2233909
6430229
6424065
14812673
14747137
14693905
98580021
124018469
103074103
1176934678
1193711618
1198427138
3354297410
3450438097
3433599988
3433607908
2359993076
2364187380
2632619764
2632818404
2624372460
3161238124
3173296744
2904865320
2905906729
2939469369
2939463259
2942607899
2774913578
2775433770
2771239531
2771244907
2771253115
2737656793
2741981657
2741981657
2808943033
2808353211
2808418746
2808421818
2917611674
2917611674
2917611674
3182377098
3182373002
3182247050
2628588698
2628653194
3703443595
3451265161
3451183545
3484738473
3488723945
3463681003
3459485547
3459353387
3325081915
3328223579
1449191881
1449224328
1382169752
1394744488
1344406968
1344406920
270665352
270743176
811623080
820044520
551592808
551596328
568365880
836875833
1902231066
1898035738
1898052122
1394679354
1398873642
1407261738
3533904938
3601206314
3617983498
3350670410
3317136458
3321353546
3321287498
3355374394
2264916778
2264720170
3337418554
3336953209
3336947960
3261974696
3262110136
3245267848
3227963016
1076250248
1076249224
1344541352
1344546472
270542760
807415272
807414888
819999787
820064314
299986970
299986954
283210762
283203850
10574106
10705274
27408858
27421083
61008265
65262984
308385160
304189912
304121320
304125672
308325992
308395640
308393596
325161596
1361310509
1076032558
1080220710
1080215590
1088575510
1088841734
1085159686
1101994758
1135222726
1135236997
1135231876
1407894452
1395164076
1395168172
1395176168
3509363224
3509364251
4045781530
4049975866
2984622634
2985277994
3081746986
3081483803
3064697353
3198910985
3203105593
3194605611
3123261546
3140158570
3106538538
3106542634
3093965834
2565483786
2561289994
2561220122
2292719114
2309496330
2309496586
2313686282
2313684298
2313765211
2313769307
2313777531
2313937259
2313810283
2313802089
2305409385
2305413481
2305422841
2305553881
2305424857
2305420665
2305419643
2305554779
2305555275
2305523531
2313779035
2313777531
2313777531
2313769339
2305519963
2305519995
2305380715
2305383787
2305419627
2305419739
2313808331
2313812427
2313800139
2305412571
2305410523
2313933275
2313933307
2313925097
2313925032
2313793960
2305397176
2339214776
3412434360
3408247224
3677862328
3675765144
3137776024
3103959448
2835524760
3909266520
3909522488
3977740584
3977748776
3979796777
4013322602
3883271402
3862890666
1714948266
1652230330
1659508890
1659513994
1659445643
1659380616
577315528
870982168
816448040
816514584
816593417
820783627
812411403
552462634
552594474
552387786
1676460171
1668055195
1932296425
1898950697
1898358057
1949232443
1954541099
1958705770
1958641386
1956581066
1955923598
2111243166
1599484414
1584800254
1584800255
1591107685
1591001205
1606739220
1606724892
1598340380
1594211133
1582217519
1449037102
1449100606
1448838414
1444598542
1444569607
1595548213
1561997885
1549407004
1557790988
1555760140
1555631164
1559836780
1559783517
1559812221
1610123519
1589150942
1589215374
1593479310
1579847822
1579856310
4247364007
4230522789
4230590117
4248497828
3174758036
3077490260
3077523237
3068425509
4137952549
4137952295
4137952310
4138021942
4276425958
2116289702
2134117542
2083655094
1009917574
1014116038
1016270534
881866439
881862343
343992055
348169959
364952935
918662503
851553591
314817814
314803478
314742046
324179230
1398197566
1363642670
1363970350
1900580158
1904903486
4085944702
4069040207
4069040589
4073240060
3054157740
3054153388
3070929580
3037376188
2774183581
2782572477
2784529901
2784529901
2809707741
2788801621
2789192821
2789143605
2789143615
3879694647
3828822903
3828823031
3828814581
3831960305
3840083680
3835693024
4104134112
4104133712
4104465472
4122356800
3602261312
3602274112
3602237253
3602175863
3606353767
3597967335
3595605991
3608192983
3608208839
3573675351
3577959799
3561116966
3561169958
2488479027
2488483123
2497058611
2543191571
2526937607
2258588166
2258420246
2258158182
2262365926
2547580910
2514001134
2516094126
2507705519
2540551373
2536481996
2537469124
3745436996
3745408372
3711837552
3697163569
1560152433
1551829873
1568607187
1602166738
1584871378
1584862162
1591021970
1590964646
1590456742
1586291110
1586275262
1334817181
1302246876
1285469524
1417649460
1413319988
1412283412
1413458964
1430170644
1363065879
1396624662
1396624838
1396625286
1367197570
1358742162
1354617763
1421718497
1425859041
3573343072
3572819312
3581273360
3614885168
1450591536
1450603792
1450537233
1467314451
1568101655
3698711846
3698720038
3699371811
1551824659
1551811079
1564132037
1428767365
1462305429
1466503845
1407788965
1403529389
1403529389
1390946735
1383012751
1382944142
1378271630
1399321070
1432739950
1424252966
1424252966
1424236838
1155801383
1156981011
1156972803
1148584211
1149186323
1149056311
207383847
207416615
207398197
1165995279
1195347214
1110280974
1110284606
1114487102
1114553646
3262046574
3538706942
3534508494
3265872287
2193281449
2275140008
2240310700
2219325932
2164791629
2164858127
2202677518
2208179022
2275304414
2275210154
2241635242
2245889961
2220788616
2216598152
3292306376
3611077432
3594300712
1446830088
1445863436
1445859375
1445859366
1580097574
3731874087
3749639621
3699284608
3698231936
3572075136
3572210320
2498477749
2498343607
2498290406
2494096102
2494095782
2495144102
2499306658
2490911906
2484620434
2485017730
2487117251
2487117251
2508154835
2549888979
2550077250
3606976322
3622790978
3622663987
3589109539
2499564849
2499596561
2499605520
2625496112
3716146256
3749639488
3732852689
3732917969
3732918003
3732799202
3730632162
3726402790
3726471414
4130738374
4130738318
1999044766
1952588203
1956790968
1957777144
1888516728
1892706856
1880123944
1882221176
1882291145
1885490313
1940340891
1923498139
1928216715
1920360587
1379164235
305414953
322197035
326396459
316959275
316959258
317024778
1185806090
1189920778
1190101070
1207861390
1148887174
1148887175
3304825265
3304691361
3568932513
3573147297
3570968225
3587747569
3612905441
4150036835
4150040615
4133333015
3864968199
4133403655
4262892550
3994538006
3994820854
3994886390
4214895014
4168750758
4171959975
4171828901
4172102389
3098291733
2560896517
2578769413
2612306437
2612044309
2609951269
2614137573
2604696229
2583989909
3120929693
3120937133
3121002735
3121530927
3139355662
4246364431
4231684879
4231688715
4231664203
4231732986
3159898862
3168279470
2627209406
2644064478
2679845966
2663067726
2394566862
2260386247
2260648884
2260509348
2264441508
2268627620
2268760004
2167054156
3509238541
3492473103
3492342078
3496536366
3509181738
3542860058
3610886219
3615027273
3612930153
3611903085
3612019821
2504677727
2496559950
2643357198
2644402750
3751306030
3751342446
2677596390
2681774311
2673406117
2635649204
3692872884
3693004708
3693015716
4229849744
2086412932
2086412932
2085888717
1565930479
1565918698
1475759418
3623012618
3623086346
1475389706
1475390266
1471196954
1471190794
3606348635
3596059115
3592339947
3592307177
3592315001
3598606460
3606990908
3606986812
3623501852
3622786076
3580746780
3563976732
1416554525
1416559046
1416513990
1416578706
1417462450
3573338786
3573342882
3573392290
3590169490
3597644163
3593443267
3593455555
4130201331
4130205411
4133875681
4139052005
3870608740
3870608756
4134859844
4130660356
4130660357
4130754613
4130734117
4151709733
3052811557
2493986341
2493857317
2494905911
2629058055
2629107471
2646407006
2679945086
2541520686
2537326462
2537522782
3057555406
3057558990
3057427934
3055338990
3072247278
3072255487
3040503295
3027919351
3170530295
3165345783
3181995863
3181930101
3186126455
3186130727
3177798967
3178845495
3162068021
3162002485
3178787893
3178853461
3212473799
3212502727
2675623639
2683913943
2650302167
2650302189
2633527149
3036175724
3036170284
2499300444
2498260173
2498715855
2490261718
2487144694
2503852262
2436220406
3004620119
4074171207
4070026053
4069890901
4074102229
4064104901
3527229831
2453623207
2470318502
3546223014
3516662198
2426148230
2426159046
2426289862
2499702398
2498719295
2494365247
2498543133
2515320333
2506931725
2540478221
2674758967
2671752487
2671506533
2671497333
2654925252
2654922180
2654922068
2659108197
2667562341
2665271655
2531025247
2547279198
2516465663
2516459519
2499415023
2498431981
2489847277
2489865692
2498359500
2494161100
2495193564
2495132661
2495133415
2422771431
2435370662
2469060246
2469035910
2452239758
2452305054
2456629438
2465149118
2481861806
3555677294
3521924383
3496803599
3496783111
3496782853
3496850449
3496980529
3559886880
3559883040
3615392528
2658838208
2667235008
2657734272
2653441937
2653453731
2536007590
3043518374
3035330302
3166324446
3166295774
3183015806
3203968831
3195579679
3191598159
3191534671
3191850206
3208631534
3174453486
3157672190
4235608414
4244001310
4243973693
3975439916
4243877420
4101269788
4112275468
4150085972
4133379060
4065201809
4065275539
4065162931
4132238241
4140626337
3083662241
3051279233
4110340611
4109287939
3571999267
3571983143
3571982639
4108853289
4125824040
3622439944
3753511048
3755550856
1608001673
1465395595
1432251786
1467926410
1467847322
1451201178
1982698074
1982444074
1982378795
1982375721
1982704441
2099952393
2083179273
2083442441
2082916171
2087895899
2096218475
2091942249
4254105965
4287669309
4290815005
4282512405
2135085341
1967575327
1968624415
1952367422
3831416634
3759917946
3780680187
3779639785
3805067752
3863788504
3859666632
3860595400
4013818440
3979219496
3975033384
3970703657
3970443370
3970447594
4238882986
4255914170
3710142602
3711431818
1544986766
1545003214
1543954918
1547887394
1556325922
1556330018
1423085907
1976734145
4134962625
4134964416
4133914752
4076309664
3799229600
3794854048
3794854048
3861913828
3862369261
3878034986
3848669742
3835955758
2762222142
3030657550
3030658574
2511090446
3602661646
3600777246
3600711972
3600785424
2524753104
3057420448
3056306336
3039476144
4096702336
3962483328
3962487424
3828302471
3828298494
3828101738
3828100906
3857197098
3853264938
2947299386
4021098522
4289551370
4289486858
2646466570
2627645531
2627117160
2643894632
2648032636
2538917756
2520043052
2520157756
3061759548
3070142012
3086852661
3044844150
3040662254
3040723374
3040690350
3072077994
4145296554
4144305338
4111860874
4099278282
1962808074
1957437978
1421615626
1421619722
1419261451
1419259401
1149823256
1150871896
1171893704
1188730312
1182434248
1110082184
1109955256
1111077609
1463329771
1433972206
1961471214
1894427878
1885975798
1902682310
1932107910
1915674759
1915625653
1915106725
1915096997
1919356580
1924472549
1923425829
1906582031
1889821198
1894556170
1894295098
1894301226
1895341882
1625001243
3771368569
3779698921
3808993528
1728635128
1728585912
1695432105
1678654889
1683373995
1689653163
1689454491
1689257931
1706051339
2008065289
1724951817
1716562969
1846787100
1846713372
1846713645
1845921581
3993409071
3993403950
3926803006
3926852382
3943239710
3909685358
4175049838
3097103598
3098156494
3098226383
4171771597
3635949261
3633850061
3653771913
3670811272
3671025564
1523443116
1582079144
1594657960
1561103496
1544334540
336438340
337551620
337043984
269939221
269992565
269779685
324306917
1918273933
1927199119
1920899471
1919782351
1718400346
1718396202
1735177514
3828327722
3828328234
3828328234
3828332090
3879728698
3997161018
2923250986
2868727850
2868719723
2864386155
2868457691
2876776651
3899330811
4171891690
4239001323
3970636521
3970464504
4243127960
4230538888
4248348296
4212762504
1796121992
1779363224
1863219608
1862695065
1862666425
1834356201
1708591081
1706361465
1706304009
1741971979
1733321275
1733583407
1733588783
1666577711
1675066431
1674402943
1674364127
1674364127
1674167455
1657443518
1657513214
1674294766
1665908078
1732950126
1699391582
1682679822
1678358543
1678351439
1812647005
1812616293
1813652581
1750738273
1752905249
2029721105
2025799187
2025799186
4172758610
3650436690
3650436674
3649322690
3653517250
3711971202
3707973010
1598256530
3745731987
3737375121
4274246064
4269913008
4139889392
3595612692
3593507380
3609253436
3575705132
3558877740
3559332397
3571845423
3568176366
3568960702
3585740958
3619319950
3328888974
3324691590
3342507398
3309021558
1412999462
1413000226
1416143910
1970249990
2012131591
1458470916
1459519540
3598630948
3592246308
3594267956
3594267436
3526175468
4071561897
4088138410
4038856330
3501725322
3499651978
3504337306
2424234430
2423644590
3493127015
3492045621
3492050693
3496275733
3504728341
3517339909
3555084485
3547252893
3530542237
3530523805
3530396815
3530330527
4067209726
4062487406
4062486830
4062552367
4066811951
4066816031
4066684943
4066697245
4062635053
4079375661
4084076333
4050521053
4058974877
4042070685
2967747261
2967740092
2967815868
2967949980
2959569484
4033110556
4041499437
4037829678
4037602342
4037639206
2968140838
2422938662
2502511654
2536165158
2540367430
2531978950
3605589635
3605593729
3597455024
3598616480
4152268192
4152288672
4118144500
4096058436
4096257092
4112969044
4112771925
4113578839
4080024151
4080222198
3539148774
3534947750
3535077798
3535016150
3551862982
3518457030
3522620870
3514142326
3514076726
3513566806
3547129415
3530384967
3530450183
3530445847
3530181671
3546811431
3513281583
3496568863
3505061197
1357831629
3501116805
3506292101
3235170197
3226785697
3507876577
3575079521
3577176608
3581243952
3588519696
3584847616
3584977664
3719171856
3714319332
3744728036
1595675055
1566323194
1565331498
3713803306
3697043498
3699173402
3647858698
3668683018
3668687114
3401162505
3398993608
3414987432
3377255080
3357000424
3356935016
3627204972
3694326252
3713245660
3721437645
4286622139
2122357163
2126616747
3594754233
3590772872
3590741128
1377173640
1377632440
1377579432
1381966760
1927160553
1923019482
1939784266
1891618314
1357744922
1345100570
1345104138
1345104202
1881435594
1885602186
1893990587
1895039144
1893073384
1375086440
1382491688
1382288908
1382297100
1378676237
1383071351
1408161782
1375651222
1083883910
1083883718
1083962711
3231446295
3237539621
3229411877
3245145637
3246249509
3254375221
3250295063
3250225415
3583607062
3583554918
3579355110
3574107110
3574238102
3607800206
4128942543
4128942535
4131031045
1986694421
4151229488
4118717472
4102021152
4097761328
4097200144
4097196241
4097196705
4101378721
4151709315
1994787459
1994721923
1990466209
1990203808
1990212769
1721773297
1725965377
1986192387
1986176003
1987228722
1719112738
1736217638
1677243687
1677311781
1677314621
1668827677
1664625183
1932209791
1915385838
4076532654
4070228894
4069033870
4069037967
4073234317
4081622941
4111382253
4094617325
4095632093
4234027717
3162383175
4235994407
4244386855
4244374575
3720289295
3719965711
3719982351
3589005070
3580595727
2506721855
3039337261
3040385325
3078393149
3070067996
3068035652
3068039877
2806964871
2735166098
2702979746
2685678242
2708735394
2740980897
3806338192
3806540944
4074906752
4075971776
1926390976
1926325441
1926353986
1909638486
1347602230
1345738262
1344693766
1344695814
1348988486
1358298741
1351929700
1368704884
1406452044
3554009357
3545752351
3547783966
3547789086
3514720030
3514698110
3497789934
3522964910
3521655998
4058579082
1944650187
1399525833
1400706872
1383888428
1451032108
1451026988
1451028028
1444718364
1444783388
1444851756
1984856100
4149116996
3561652420
3562717316
3564848028
3573224109
3569036974
3568904878
3568839334
3573037990
3564636566
1417414790
1149119622
1182146694
116797639
115536129
115515904
106996224
106997296
1176544800
1176811312
1193719552
1546556928
1546569363
1546208930
1546327970
1550529442
3702469026
3702469026
1554854386
1571565938
1609310503
1592533309
1584144648
1600922888
1434205464
1434212632
1433979160
1434175753
360548811
394051530
310169482
318228379
380031899
380039611
381608363
1207755178
1434227114
1344115114
1881121962
1881057514
1885252058
1625209290
1641982605
3816599180
3795624588
4064187085
4046340687
4029547046
4029481510
1885606178
1889807394
1889810482
1889875987
1353070592
1403942912
1391122624
1445627008
1445691520
1445699713
1445625987
1378525330
1378607330
1396204578
1350102306
1891233570
1891356455
1889111829
1620622932
1616422620
1629202380
1662694796
1662567580
1661486252
1661732028
1662985405
1628841387
1635133099
1639319210
1637943018
1906312778
1906322954
1939877386
1407216510
1373958126
1369880542
1369616845
1352827356
1358004340
3495997476
3491806244
3492067360
4028934160
4045777168
4062625536
4066825744
4075737840
4071539360
4072489633
4074522275
4061406883
4078180007
4044620903
4046917671
4050006039
4041613318
4037484550
4037108742
4055096654
4054960606
3617048814
3604404478
3604400206
3595955214
3598019599
3615454523
3614397481
3580842345
3580711273
3589133160
3623744488
4160599800
4152211037
3613177629
3608970527
3612709918
3612845086
3581866014
3577672766
3560854838
3560852822
3565047638
3571338839
3571404373
3571218260
3588023636
3613189332
3613258964
3609187473
3609187763
3579766706
3579729554
3722330834
3721871954
2683634230
2549359414
2531534118
3605277734
3601082598
3618912423
3618905260
3568567708
3570746252
3558064780
3291726492
3308356588
3307254061
3307250983
3294685462
1155541254
1155610886
1155668742
3303430934
3571863063
3622715927
3605905927
3605582661
3337204053
3337135909
2256056100
2251873060
2268613412
2268823348
2264561428
2260362020
2191155808
2459718368
2190230449
2186068401
3255423137
3256537249
3273314437
3225079949
3224294605
3492731145
3492670249
3505187369
3505187369
3500961337
3500950027
3500937802
2443444938
2213938090
2197169578
2188717226
2186552490
2195005578
3264553098
3264602250
3264594345
3270803880
3279733160
3240412572
3223823756
1076011460
1344446740
1344725276
1344696588
1394868492
1126441228
1131307276
1105858332
1089014317
1084758575
1085811246
1085827822
1090056126
1157166990
1467646351
1379565965
1379303565
1379053732
1913761956
1917956260
1651742172
1651551212
3815811692
3778062888
3778132520
3777166888
3810678396
2736849644
2720014956
2724462956
2749628652
2980450542
2980982878
2964213822
2964080682
2968307754
2959911178
3010308874
2993596938
4067343625
4067328009
4068392969
4064170200
4064223400
4064026793
4030602683
4034791818
1895189434
1888799658
1624548842
1626644506
1617207306
1629791242
1730472970
1730473002
1697020974
1684409390
1953629486
2087846855
2085749447
2085754564
1557278432
3700501216
3700435568
3717212672
3734007552
3734099200
3734483248
3600261938
3602887410
3602682530
3600324258
3591931554
3591933618
4129078914
4129271170
4129204353
3860768832
3874928640
4154886144
4041656320
4029142016
4028960816
4028968992
4029035301
4037419622
4037478126
4037282478
4054588142
2980854398
2423061326
2418846030
2423172550
3505301445
3505357444
4034691732
4027355812
3037500320
3037631968
4150173024
4158582049
4286475057
4248578819
4248120835
3694538499
4231399186
4234609970
4242883682
4239447267
4237341937
4237534401
4290946240
4266104000
3724842224
3724862688
2651155488
2652272928
3193920032
3221178912
3081652784
3081686528
3081762561
3064828226
2998702498
3002658978
2990036130
2990015654
3005810086
2704150438
2708352678
2716740255
2712435676
2713512204
2716642060
2716641804
2733615628
2733620748
2733474333
2725102127
2720809326
2720792750
2720858286
3765047454
3766104206
3766362250
1618878666
1618748250
1627202090
1626289722
548222522
548175370
549248523
570199563
561823259
540649019
809018906
1882752586
1613334426
1680580010
1680518570
3832200362
4125791422
4155146382
4142567630
4134203470
4134150222
3593347190
3597477158
3605806375
3601677093
1454705444
1454717700
3606392064
3329565952
3291820032
3291812112
3291415296
3291354624
3303933504
3232450129
3249233555
2175391411
2175309729
2176630179
2159848610
2430380450
2417798051
2470289059
2990442131
4062872259
3794440707
3794309937
3794314529
3794332710
3811241006
3777685566
3781884982
3781839894
3783148566
3791572230
3818315607
3818381044
3802057444
3802062804
3797804420
3793707140
1916678341
1899954422
1882992814
1883054254
1893539238
1889471206
1352075990
1354173126
1354046150
1419833030
1419880002
1440908802
1994622466
2124514579
1856090417
4007764000
3995115552
3928006688
3928027168
3911389473
3894556451
3961655074
3974171170
3971025654
3853721239
3868407428
3868402564
4135854980
4140097948
3590628524
1443144876
1443228888
1443228744
1409551625
1343033118
1347292734
1422794286
3565567790
3566693678
3567037934
3602427014
3600528518
3600449670
3600453761
3600523444
3598225572
3610829988
3559401892
3492424620
3510251180
3556390564
1404961445
1370817207
1358168510
1348473086
1080041478
1080077318
1088464903
1357027591
1348638983
1365416199
1377999110
1382194950
1445102086
1445118486
1445265954
1462514211
1416569633
1424897377
3572368611
3573286050
3573298306
3579604098
3323915394
1180608642
1184271234
1184336562
3266612897
3267126944
3270271652
2200486628
2418573668
2418770981
2422905893
3500910599
3500779527
3517818887
3555637287
3526028327
3525921830
3526034806
3510252518
3493471206
4038800293
1889272764
1352401804
3552343948
3531399052
3527334540
3526802124
3526798028
3547638351
3245665822
3228886846
3236262718
3236377374
3236311358
3504738607
3500606501
3501532260
3503635540
1372593236
1380977748
1376865604
1376916932
1376940484
302215669
369222125
369140205
926982648
893432024
872449112
872786200
889695032
927378233
911653183
911644687
1920371726
1916190734
1916190750
4147560686
4097217519
4109538029
4103246436
4119953972
4152660532
4156858932
4077183780
4043668773
4026935599
4027451886
4032694766
4043246006
4043185030
4055766918
1941312390
1939198406
1921028455
1921032485
1656791077
1648398340
570659844
570600452
587393028
553875484
554043405
554044029
559812335
632227503
665399950
665395855
934814367
1972907694
1971854254
1422723230
1418078350
1419126862
1150692366
1150559294
1100227630
1133782062
1133781050
1133453594
1133344042
1137198378
1137198894
1137303423
1137303423
1129054043
3276537307
3276405211
3242838394
3242838362
3242973530
3242981722
3251367194
3251236218
3251219835
3251351016
3251346920
2177473020
2169080252
2164886460
2164891324
2202771132
2211159740
2206989988
3247172261
3246992359
3251181670
3243182118
3240036406
3239979014
1126049798
1175071750
101395911
374082500
381946548
264247956
222370448
201538192
134376128
134409155
134474690
134278130
138459634
142719378
142719378
142735794
142727601
159603088
197278080
167909760
167906240
169020400
168831968
170945504
171010880
171178304
173070688
173070816
173046113
169048401
169048401
169048433
175208739
198211875
198211875
164649265
148068608
139647235
139655426
139524386
139524386
139524386
1237580050
1233377554
1266801462
1266735910
3414227750
3414555430
3415079734
3414817030
3420047621
3380201813
3379120501
3379124597
3379132791
3379128663
3379128663
3379128662
3379263862
3387513206
3387513207
3387517303
2313775479
2313767255
2305411415
2305411447
2305423735
2305419639
2305423735
2305415543
2313812343
2313808247
2313808247
2313800055
2305411447
2305411445
2305423733
2305419637
2305423733
2305423733
2305423733
2305423733
2305423733
2305415541
2305411445
2305415543
2305419639
2305419639
2305423734
2305415542
2313812343
2313791863
2313791957
2380893652
3320417756
3253309436
3286867900
3286876092
3270097340
3257514412
1378465964
3527129324
3524958444
3540666751
3507096334
3490318862
3226089998
3234478654
2156608046
2156407598
2173185086
2207781919
2277448765
2277260333
2276203629
2280409444
2246924644
2238544245
2238282101
2238282101
2238314869
2238314871
2238314871
2372532599
2372532597
2372663637
2372532565
2372533076
2372533076
2372533109
2372524917
2372533093
2305424231
2338961767
2338961783
2338961911
2305408503
2305537533
2305537437
2305537676
2305406604
2372517517
2351541941
2234104487
2267667110
2183875238
2452228518
2453286054
2532974742
2529042565
3535679628
3530428620
3509321736
3224325896
1076296200
1344727560
1419885113
1420081706
3567556910
3702817902
3755245662
3730219086
3392593934
2318819358
2323456046
2331779374
2327786282
2327451178
2327387754
2327330554
2348310218
2306428875
2306561994
2306439130
2339993179
2339993211
2339989339
2339923803
2339923291
2340156763
2348471753
2348454345
3485106649
3489169913
3480793576
3480794616
3443168729
3443186905
3426417883
3426450682
3426313726
3426313726
3296408574
3304800894
3300475774
3317199727
3317196141
3321396580
2172148052
2168085828
2201902404
2201900884
2206159476
2212315764
2208125684
2208133877
2176677877
2180995045
2180732903
2155446253
2153283501
2153340925
2153471949
2161868749
2161868749
2164092885
2155638775
2154594151
2150424423
2234505014
2272196358
2263802118
2263806210
2263863570
2263733538
2263741731
2279896931
2238011235
2237990775
2239169367
2239172951
2281140567
2280120694
2280518910
2280453614
2414648830
2406268415
2372517343
2368446411
2368443851
2368452553
2636883929
2624301048
2624305000
2624164712
2619912488
2619928888
2619896120
2620208440
2637049193
2642292079
2684231662
2680096734
2679899022
2667327882
2667127194
2398757306
2397721818
2414494922
2414363850
2271768058
2271751531
2238260587
2238404411
2247774985
2247783177
2225828633
2225698617
2229851945
2229849899
2221460779
2238305659
2271868250
2406086106
2406076890
2406207962
2406207994
2406217210
2406151515
2406200649
2406196681
2414389209
2380836856
2372451832
2372636025
2373619033
2373637385
2373640987
2373542715
2372481578
2355696430
2364093230
2364089646
2365076774
2365070647
2354584599
2228911365
2229169477
2245983297
2279048305
2278851681
2262074721
2522191217
2521144689
2521142641
2538049889
2533863921
2533859537
2533875911
2534879447
2501252519
2501250470
2538998695
2515995567
3589618591
3623103375
3623186319
3619088269
3618030477
3619144637
3606369197
2520048619
2517950827
2534727994
2541147434
2515991850
2629237035
2629298489
2629298701
2629148172
2633795132
3095179836
3107500572
3141120605
3141051119
3141052398
3106446574
2838087790
2842347614
2842351630
3153815822
3153685006
3145346606
3212449326
3212379886
3178759582
3187152062
3182974142
3183080606
3216764045
3216698756
2658904772
2519239172
2519239220
3056376612
3077564716
3052334460
3052338525
3035549037
3161312749
3161247085
3178028349
3178032413
3173805341
3178000189
3178114621
3186503471
3186564463
3186363631
2649490623
2650539167
2650674398
2650680798
2649698270
2649566174
2649500622
2381081550
2364296126
2355973566
2357022110
2355975630
2381145551
2381145567
2280481919
2272083007
2272070719
2272070975
2238655839
2246454623
2246454750
2246450686
2246397438
2246102495
2170588639
2170596815
2199956941
2200025037
2200090572
2201138892
2473763532
2473698040
2467411688
2467420008
2469645672
3006487913
4080229753
4046667035
4046531915
4046533963
1901135307
1968375241
1976767689
1473387769
1473386729
1590835449
1582312783
1582327055
1599103246
1565716750
1565708570
1565708330
1557180458
3704660014
3583030570
3582050106
3582171962
3581975130
2508299098
2546114523
2504170971
2438366555
2505998667
2514395995
2497574777
2489112365
2623332141
2623397676
2619309436
2484958580
4112340468
4280275444
4263178644
4263158148
4267352452
4007175060
4007175925
4023953013
2807606895
2769993262
2770243118
2770259502
2772420206
2772256622
2776372734
2809992702
2818520318
2818512127
3082755295
3082755279
3081649358
3048094798
2511285278
2494115102
2498241854
2498261294
2498253102
2494157118
2510942591
2510877181
2548876797
2540490204
2536365468
2536504732
2537487804
2537486236
3044992925
2986272733
2986145789
2977757039
2976699695
2972046655
2972185885
3005704013
3005687645
4079435756
4083621292
4083486125
4092861885
4090762397
4090770575
4092932255
4092944863
4092060127
4075155743
4075066655
4091843871
3546592543
3513167135
3521556255
3521572671
3589799215
2507529535
2505563487
2505497951
3042367327
3076445975
3076519447
3076387349
2539516693
2522738997
2522576181
2658882871
2658796823
2658866486
3732747630
3732747622
3715970422
3697235014
3571340487
3571373509
3571432901
3571429332
3036658388
3036650196
3078593236
3061685828
2793178709
2788988517
2786894373
2786894373
2803687973
2906452525
2889380397
2888303213
2892497775
2892497278
2900886654
2900892798
2896697470
2896902270
2913609854
3215600718
3215615182
4289390030
4290422221
4290483660
4286090444
3208154332
3174677716
3174737108
3174753492
3040539092
3040560868
3044767460
3044751076
3053393636
3053262548
3221042884
3216782684
3215742077
3198964783
3203234926
3204279422
3221055582
3212799198
3179269342
3179267582
3161834495
3161846399
3161973327
3159876111
3159664415
3159419951
3176197166
3176193134
3075988606
3074872782
3083752398
4158538463
4158341885
3076015868
3078123132
3212405308
4269484828
4269488900
4286135556
4252513541
4235788615
4244242902
4242145766
4238283174
4238090406
3701236915
3754222723
3737431171
3737431495
3737435478
4274493718
4282817846
4233540902
4236234790
4235968566
4235874327
2088435733
2084114485
2084122980
2017145708
2021340780
2105228921
2145073753
2124364363
1587411658
1586793162
1590988746
1591510939
1593606587
2130481595
4278169753
4269715705
4133396717
4150173933
4150239333
4150255717
4114609271
3040429543
3040425957
3040554661
3178970805
3187347125
4260955829
4290253493
3216519887
3216597839
3182162191
3182007359
3186138159
3186140207
4247298079
4247314447
4247335179
4230689034
2084188426
1954166570
1960708906
4103998266
1958557962
1975347274
1425860810
1417215178
1417167051
339476920
339350504
1415197288
1415209516
1473962541
4271547917
3736775437
3741030663
3738740791
3738741799
3738738735
4275605533
4275945817
4267589993
4267573737
4286456809
3179163625
4236127131
4236127115
4236147595
4236172171
4261187466
4260665226
4294214539
4269708283
4269711659
4269711659
4269711659
4269776943
4135579695
4131385470
4265464030
4248780966
4231938470
4244525478
4244594103
4240399317
4240268116
4243340052
4234423060
1600416564
1583689012
1584735541
1580478465
1444221123
1443246467
1447170483
1439041459
3566685875
3569340035
3568275075
3568279169
3568156357
2494152245
2494086693
2515054373
2548605989
2523455525
2523648037
2536128535
3207200782
3174695294
4118422510
4101703406
4109962970
4110101194
3590007690
1442392459
1375218057
1366845880
1366838441
1079559354
1079570510
1079558158
1079853118
1082028326
1107190566
3249431062
3282989575
3282977284
3282898652
3288091372
3241962220
3241999340
3225336264
3225333197
3497825743
3512500702
1365086702
3613307374
3596530175
3596526023
3596525765
3596390517
3592196197
3594309733
4148048101
4114490605
4097715693
4244507373
3703507693
2629634781
2629582413
2646369805
2646368783
2682876431
2682860095
2682790447
2682794543
2645099051
3702129275
3707254459
2624072107
2552776875
2636695723
2670364826
3745155210
3728381066
3732513226
3749225291
3756761707
3752502057
2678776617
2679825709
2683948333
2675494237
2671308101
2637885252
2625306453
2625554197
2631784245
2631726903
2648495927
2682111574
2682245830
2682250198
2682053030
2682053030
2673726886
2640203158
3172892039
3172806023
4246549973
4248646013
4252447005
4118225165
1979130121
1979134233
1442127161
3570669881
3587471657
3579177339
3612719563
3614739850
3606872458
3605905818
3606040986
3623776602
3623760171
3351126827
3317572393
3590204680
3623733560
3594045480
3727198440
3744045192
3744050313
1596622219
1567523723
1567527579
3564016282
3571905198
3571835822
3572818415
3572819439
3042268639
2505340365
2505401821
2547480061
2673825277
2673804669
2675791199
2675965215
2684354367
3187515199
3187523391
3187455807
3183059229
3183194396
3187249180
3178803324
3174621421
3208140205
3208251310
3208253102
3220836014
3216707310
3181907662
3186114382
3186173198
2641044750
2674615582
2683004191
2649482527
2650334581
2650338804
2633558004
2633545684
2623255492
2618987476
2635760500
2669314932
3206461205
4286496517
4286569751
4286438695
4286381103
4286379054
4251833374
4247671822
4247667726
4247667742
4247668094
3178165862
3085563622
3081303767
3048788612
3048788612
3183014580
3220759204
3208143525
3208320695
3191539382
3191408038
3211539694
3186439406
3165541502
3165549583
3165250573
3036210188
3052989724
2541350252
3061542884
3061473204
2524583860
2524841909
2550072230
2516517814
2515870198
2490708278
2423533590
2155098126
3237221390
3233623358
3233754430
3300748602
2243476795
2541260633
2537129928
2518254472
2521339784
3595077560
3590883240
3725172719
2669344622
2635752318
2618958622
3157926190
3166392686
3166389741
3166293420
3166239628
3187191692
2520297100
2520421004
2520437452
2520404860
3061450028
3085514029
3081579821
3182246173
3186440463
2642091790
2642087758
2639992702
2572686126
2614628670
2614636862
2593665341
2325242932
2325337140
2327548020
2348384596
2310636996
2294003137
2298127810
2289745394
2285538790
2285882214
2350762870
2367384326
2400921862
2333620534
2333620278
2321030198
2329613318
2325348614
2325357319
2327323159
2327319085
2331510637
2373469613
3426405821
3424304525
3424300428
3713576348
3755519388
3621299356
3596129436
3608773816
3560604776
3559562504
3559582476
3559811612
2486118956
2498705964
2494504492
2511144748
2512126268
2494824676
3568632055
3566629010
3570655666
3570459042
2215691174
3289435622
3339962710
3591555910
3593628230
3593628358
3602250454
3602174910
4138500541
4138500264
4155277480
4113338536
4046233804
4029525324
4029606220
1881549086
1885736238
1902515502
1910916394
1911439658
1944864010
1919741706
1378674954
1378150683
1383581738
1383550206
1389691022
1390346382
1390285206
1409167782
1357800358
1357861335
1357758791
1080945669
1076733957
1345169684
1345174292
1344846384
1365810720
1408796192
1409123120
3539902800
3531514048
3527320768
3543043968
3547238064
2968489632
2965235360
2965235347
2969359074
4050409442
4066911330
4062723170
4062787698
4134156402
1986672850
1995318482
2007900614
1957572871
1424417549
1415938828
1415611192
1549839928
2086709816
2088020520
4233407272
4233410856
4257717752
4291215768
4292297097
4160619419
4127068842
4127072942
4126487214
3581154230
3580899734
3575656670
3576770638
3513859086
1365272590
1356982286
1352907533
1352833548
3517093580
3518071500
3518006268
2438234476
2469692716
2468777260
2452524805
4063143687
4067287862
4075803494
4075471342
3002847406
2994324654
2994390190
3006979470
2976639695
2959731278
2955471370
2972249610
2972212794
2955414826
2959680814
2963935550
2963936127
2963931820
2963804828
2969052812
2977442444
4079488428
4079750316
4079768751
4083507422
4083605582
1898356746
1898357770
1898351642
1903011867
1903147289
4050557208
4050573064
4092477960
4125950488
4127003192
1426010664
1426007596
1415331373
1415323431
1415520022
1348343042
1348452354
1425850434
1425965251
1207873731
1181647233
1181712785
1181717937
1450153393
3740259751
3740237223
3740036519
3753734127
3707596798
3707524830
3699136222
3699241982
3699242878
4252874030
4269585446
4269581319
4267549701
4267290640
4284084528
4233753184
4233851616
4229628576
4229498531
4246215574
4267182482
3738896562
3600685170
4137563154
4139675910
4156416262
4088963870
4088966956
4093159724
1916311612
1916323932
1916455116
1648024780
588964044
555380956
541933805
550257135
550257391
546063087
546067183
550000219
810040843
805923342
877296158
1959455294
2005592927
2124131787
4271420555
3738730635
3730538889
3730736537
3621689263
4158650031
4120700654
4120704606
4124856606
4116463662
4118569006
4118765614
4118687807
1904082973
1629294653
1628205932
1627931368
1627932344
1632160408
1908984472
1909037704
4119571080
4157319820
4157138828
4149801612
4158554812
4160668652
3086934637
3052331607
3052302854
3052368662
4117509414
4117509222
4117238886
4117247222
4150932678
4150932678
3622452679
3622469077
4155111285
4156077845
4160263967
4160272159
4160272159
4152074111
4118453743
4116381119
3038410175
3038328223
3038589375
3042783663
3051291631
3052864303
3034919711
3034866446
2497996302
2493787678
2515348282
2516396858
2273250074
2266695963
2266695963
2530956313
2526670872
2543431736
3080302952
3080237800
3080229548
3044573868
3040380581
3074266790
3074405030
3057645222
2787599846
2787599446
2791652374
2795904007
4138089477
4272303117
4273351695
1593190431
1585318686
1568541206
1551568454
1157301826
1157182146
1157112786
1151865282
1152061826
1152004482
1153102210
1153425793
1174257040
1199348208
1182046704
1182055284
1182055220
1182580533
3330058093
3329811325
3598316381
3598304252
3598303724
3596149228
3621316076
3587833084
3587824853
3571438917
3495875911
3495346519
3491230582
3508008950
3507935190
3545679830
3527787990
3527734774
1380251094
1380422998
1380889878
1985918007
1994368037
1927128116
1946002484
1912452148
1885115508
1880921332
1881130133
1880544405
1897329829
1930851813
1918190311
1945453175
1911882310
1895047878
1892951702
1884569270
1893146294
1893080758
1905659798
1941308807
2008494533
1474568516
1474584860
1466196268
1466230568
1432678184
1441250873
3623852601
3619524377
3617424715
3621225807
3581326799
3577128415
3040258047
3040253679
3044447983
3044513775
3086342015
3086799679
3070030399
3060593199
3060621871
3060741925
3077322021
3073123365
3043755045
3027173461
3035500615
4110295495
4106101703
3566806983
3566735295
3582462383
3586656687
3608689151
3608750543
1444506063
1467573709
2013131263
4155805935
4153508077
4157767917
4145185125
4144013589
4278231813
4278231863
4282488623
4014394670
4014917930
3881486634
4286241258
4294630362
3211415178
3211282058
4248330955
4252525403
4234809641
4243206184
3702141996
3703122996
3703057409
1553538049
1557791763
1276706851
1278804002
1278877954
1278878466
205140738
259654146
250564162
116214742
112020310
116214094
49076510
317519934
1390994474
1390977066
1390977386
1391235451
1391231467
1391231465
1392296425
1381877229
1389289445
3520004069
3503220708
3503220724
3503220164
3503134093
3561784477
3561528495
3578305711
3578437054
3586827710
3570050998
3695764406
3695764406
2622071767
2623186903
2623188983
2625354741
3174677493
3208362709
3078274757
3061487301
3061416597
3059536548
3059545060
3061641700
3061609572
3061675108
3069146164
3069145149
3085856799
3085652238
3077133646
3077169006
3219906158
3220032110
3220037134
3221094159
3212698895
3174920463
3175034943
3175034927
3158192239
3170767342
2629699055
2646411247
2644271069
2682023877
2656888645
2652759380
3726570836
3726561476
3747595477
3724473815
3707698631
3707686870
3707619318
3699169254
3581732838
3581716334
4152141694
4135380830
4131251550
4131382623
4131362175
3061829935
3078471999
3044917533
3028252431
3158205967
3162400286
3162330670
3170383406
3166205742
3182973998
3199746171
3134738505
3134968008
4200232136
4200293848
4179439080
3625922411
3630047098
4233498458
4241821530
2622752634
2623289210
2630707166
2643420126
2676880349
2676806620
2664231900
2656621052
2655749501
2664076653
2659884397
2660076901
2665261925
2652418013
2669412292
2635789764
2639970772
2631549424
2499478880
2499290464
2490903840
2620923168
2621115680
2624200448
2632591104
2629461827
2646307778
3751344034
3621283238
3621309606
3579562166
3579762838
3575572638
3608963215
1998351757
1981638540
1981704076
1981702813
928404223
938759726
904189486
887408190
1952765726
1818601246
1818602806
1828695079
1828690997
1828297748
1828239380
1836640276
1836644420
1866078660
1849298324
1853493159
643436454
651956134
650386854
650130838
650126726
600891783
869311301
871477773
870429213
845197837
845199119
857775935
824630078
824629550
830343470
827984302
826935694
290077070
373958030
399122822
399323542
1439453490
1150599458
1152696610
1151639858
3303845171
3429869841
3723143424
2646260224
2644150784
3180890848
3214450404
3220739812
2804449957
2804646566
2804650726
2805921510
2805876470
2771326710
2771139958
2775333974
2783722718
2779527327
2813278399
2812689598
2813754510
3081829518
3083914399
4148280511
4144080095
4145062927
3843072013
3845382157
3844530189
3844502829
3827715373
3832417837
3841854063
3839634127
1683761871
1679044303
1616144077
1641500908
3803562216
3803496680
3803499720
3799373960
4061587592
4061588392
4083084969
4057908911
4036903679
4038869614
4109108006
3571982646
3563810102
2490067254
2624284982
2640996615
2683205895
2665923847
2665857813
2666853349
2664755949
2663686829
2680465321
3217337257
3150223785
