627964279
627964279
627964279
627964279
627964279
627964279
627964279
627964279
627964279
627964279
627964279
627964279
627964279
627964279
627964279
627964279
627964279
627964279
627964279
627964279
627964279
627964279
627964279
627964279
627964279
627964279
627964279
627964279
627964279
627964279
627964279
627964279
627964279
627964279
627964279
627964279
627964279
627964279
627964279
627964279
627964279
627964279
627964279
627964279
627964279
627964279
627964279
627964279
627964279
627964279
627964279
627964279
627964279
627964279
627964279
627964279
627964279
627964279
627964279
627964279
627964279
627964279
627964279
627964279
627964279
627964279
627964279
627964279
627964279
627964279
627964279
627964279
627964279
627964279
627964279
627964279
627964279
627964279
627964279
627964279
627964279
627964279
627964279
627964279
627947895
560839031
560840183
560840118
560840126
560838070
1634582198
1634581174
4046305974
4046305975
4045781687
4079352501
3018211053
3019259181
3015060525
3014667293
2442140717
2442468413
2442613789
2445792269
2445793101
2437387983
2437193439
2437193695
2437201887
2974137774
2974268846
2969999278
2974193310
2974200462
2974282391
2974278327
3003639781
3071801189
3071724821
3073817605
2809571333
2817895431
3051875334
3043425286
3023492358
3023488886
3023390694
3021227750
3042205606
3084148646
3063242166
3197531587
3199623617
3203867585
3194303441
3194303200
3211080420
3186972388
3186917348
3220499956
3218401492
3210079428
3176639685
3176574405
3159816007
3155613255
3155645975
3155236455
3157276519
3169859047
3165656549
3165717669
3163753621
2626882695
2633055622
2641439190
2637375830
2675124502
2683387158
2683321622
2679383350
2679448886
3736942390
3741062007
3732689876
3732722068
3730829748
3747066020
3713503412
4229005716
4229018052
2080482116
2081531405
2081668623
1999805246
4130535726
4129478974
4133931294
4135046414
4160210255
4258644943
4242011099
4241974015
4241580909
4258272111
4291823087
4283463150
4285752558
4268948702
4285789390
4283553230
4249978703
4233336333
4233279036
4233340468
3960530484
3960529188
3960533028
3960848436
3977757749
4011248919
1851185463
1850669942
1859050486
2127318486
4274802822
4266414214
4283383958
4249764006
4241388774
4237260262
4237293302
4255119062
4254918358
3214730967
3151881925
3150831061
3108818405
3109346533
3159880949
3159782613
3159774711
4233449959
4250161655
4250231254
4250362327
4250363383
4250228197
4250230101
4250238276
4250365188
4250296068
4250357524
3696578100
3698597684
3696574260
3696441136
3704829200
3704821009
3720418387
3720549458
3754112210
3670154690
3401719250
3401785074
3401670242
3665852002
3665846867
3665851077
3401638868
3393249764
3389060581
3389054383
3389259198
3393318846
3410030014
3653369342
3636704734
3703739870
2626065487
2631251037
2631185533
2639574389
2635564308
2635501828
2618724692
2618732884
3696678260
4233485684
4233416036
4233480548
3176586581
3176324933
3176234823
3171968886
3171968998
2638292710
2671982310
2663518967
2659324609
2659324865
2660440016
2660269536
2681240800
2513464544
2515664080
2547184848
2547185104
2547111280
2471544097
2454773029
2452749349
2469657639
2473778487
2540895510
2547187462
2504023574
2504281638
3573813030
2500071206
2504416550
2647026998
2647059734
2646994183
2647450951
2672600903
2672600791
2647631511
2647569075
2630849203
2630734498
2639025062
2639090598
2635007414
2634418590
3741718670
3742775438
3713153166
1567766927
1567833487
2112909711
2112934219
2112926011
2103484713
2103484713
1835311421
1831187725
1831320607
1799339071
2065692719
4213078062
4216985966
3210349422
2681867902
2682064398
2681996814
2677813823
2677826351
2678055207
2680086903
2378019319
2243725223
2231144102
2235353782
2233420470
2235439766
2269002198
2407409750
2399022166
2394891270
2394235910
2411017238
2415138102
2415134007
2373207317
2373240068
2373367044
2379654148
2379721812
2379267172
2369821796
2399180900
2365823348
2369960572
2353180212
2361568885
2357374567
2357698407
2362740070
2354367590
2350697590
2367507542
2367575410
2401134066
2404279251
2391697299
2408392593
2408329137
2374240913
2371095185
2350189297
2367101555
2367106611
2404524803
2396152065
2391957765
2408706133
2408635493
2413086821
2373241189
2352335143
2352368439
2350282503
2354471687
2375443214
2375311726
2375343470
2379532783
2406533629
2385758685
2385697228
2387782988
2320672076
2345903948
2345772924
2345707501
2337312751
2303839727
2333597166
2333507062
2333490646
2336636358
2345020887
2311532023
2311399911
2312379383
2287229783
2287337303
2304095767
2304094743
2311435015
2312479495
2308417303
2362818343
2362739495
2354350887
2369047335
2369080103
2402700087
2402699095
2664854855
2660660567
2392094199
2257903591
2262097639
2266286839
2266291959
2232868599
2232874903
2513888663
2508711063
2508516535
2513751207
2236926391
2232699319
2232834487
2234923509
2352098773
2356291013
2364679109
2364760404
2377176421
2379269429
2412825653
2406529077
2389743653
2389940503
2389896519
2387800007
2404804599
2371162087
2350190055
2354515317
2287414549
2295803140
2314544388
2314560772
2310107413
2310133031
2314257702
2312146278
2303757798
2332073398
2332268438
2315433862
2583865222
2663575429
2663574933
2663643636
2671888885
2672942421
2673016117
2675074359
2683532598
2649866550
2649805110
2645815606
2645751078
2649868134
2641416182
2635128799
2668752607
2668818125
2655190989
2663572956
2659247581
2659509373
2680444029
2639742077
2618690813
2620853501
2620787199
2633390575
2645983215
2679633855
2679431903
2683622111
2406799063
2367022679
2367090261
2232872791
2501312311
2513794407
2509530615
2511725815
2511863030
2448541927
2440087783
2435893621
2419248405
2419258629
2423448325
2431836693
2431705637
2429609511
2421216803
2417018387
2433992211
2454897013
2530402405
2526273653
2526277725
2526212173
2538792271
2484338047
2484263423
2484263134
3021064414
3021064438
4107459830
4103271814
4155695494
4155761030
4134654403
4130591203
4147343841
4113773413
4097192469
4109839925
4105518629
4105453109
4120129045
2513724935
2538882895
2522301261
2656485853
2664944109
2666914285
2681496573
2681496527
2650097627
2642167786
2675728298
2541616554
3078598074
3070078346
3063788938
2795353483
2795352473
2799022505
2786439400
2789052456
2788991020
2787958844
3794166124
3810944492
3777367724
2716748460
2695842492
2695744140
2696805004
2696277580
2699338252
2707726909
2737627711
2720325930
2720288810
2737114154
2741372974
2716731502
2712537598
2695765902
2699767438
3781783182
3781783438
3815308719
3891846319
3887971487
3874399311
3815763983
3811373087
3777257534
3760480302
3764532526
3773173742
3768994542
2695318198
2695219847
2712005253
2750721668
2725295941
2720043293
2803937565
2804015423
2770362670
2770605870
2774992686
2783317806
2779123502
2913340735
2946827343
2947822797
2945737869
3213059213
3213028765
3217289117
3208806045
3171049119
3172159135
3155249150
3159372078
3033538590
3031441414
4105380886
4105645094
3572923426
3565078819
4152282385
4131096385
4131038976
4131037440
3057291520
3055256864
3071926048
2466795040
2466844193
2433353265
2446997217
2425956259
2427987363
2427989415
2428251303
2428243111
2478572727
2457714823
2452979909
2468646917
2435100677
2418320645
2422516493
3504716319
4041644591
4051077678
3008531246
2990704918
2722280454
2730729494
2730536998
2722144295
2717949991
2717949989
2718073637
3792093813
3792094965
3813132023
3779384999
2688876197
2688843476
2755982788
2756109380
2756109388
2756109644
2772889420
2774457052
2816264893
2812082862
2818375598
2817836462
2792669342
2788442254
2788577422
2788303102
2788304118
2809275766
2816616294
2812425830
2812479094
2778728391
2779800783
2779833533
2784021757
2775637213
2771496141
2771561885
2771562237
2775758589
2809169503
2803942158
2803943198
2804082478
2804084006
2808269094
2783168791
2783181063
2784358213
2784491460
2776028740
2742469188
2742534772
2742343653
2741302629
2741269541
2707704933
2691108055
2691046791
2691050883
2691051431
2699108263
2700085159
2712669589
2746441093
3802324357
3806525892
3865110980
3860917741
3860915309
3865235501
3882008619
3848388651
3827318795
3827590410
3760680798
3764804334
3773713070
3786361518
3819764618
3807177611
3807227357
3807282557
3807281437
3798237197
3794052105
3794052121
3810704427
3777419306
3764832302
3773189422
3764847902
3764715782
3760464710
3760531302
3790014190
3819245286
2745502374
2745506710
2745641863
2745395655
3013733702
3084971279
3043026207
2984308511
2980113951
2426633775
2430803501
2485194285
2486177325
2490369837
2498835773
2494637181
2511371501
2545174717
2527381655
2255276167
2385365463
2251119895
2267952439
2234392854
2230198534
2226005302
2225954150
2225883622
2246855607
2372160407
2401553303
2402745287
2402709319
2406901575
2415291671
2414112039
2413886759
2413873519
2405551583
2368855519
2366764493
2371265997
2379654605
2409098493
2413096045
2390018093
2250557805
2250693117
2536958655
2503388831
2488706703
3045500559
3045369742
3045375422
3041179822
3036973102
3040331823
3022936382
3022925070
2955289886
2959484718
3030783534
3030779502
2511605438
2509507471
2543070095
2270443918
2266306638
2268477470
2272668734
2246452542
2242258206
2242323742
2242125630
2246315831
2246314263
2229537047
2221234455
2221898007
2230286615
2230155575
2221701431
2238470519
2238568789
2238564853
2238568949
2238568949
2380790229
2414279125
2414340437
2405726581
2405726581
2405792117
2405924709
2405924837
2372370421
2380791701
2381835141
2381703573
2381633973
2372192741
2372262389
2372139380
2372070228
2373119748
2406657796
2414980916
2414910756
2280692004
2279652133
2271578933
2271595061
2233977399
2233981495
2238118695
2246503719
2246569319
2279930199
2279918023
2271529927
2405784535
2368019415
2368158071
2372303223
2380692967
2380688887
2410147287
2279931847
2246364055
2237975223
2238044854
2238176246
2238118390
2238085622
2246470870
2246536278
2246437974
2246429014
2246560022
2238008087
2271496981
2267340597
2271739157
2280056149
2263279093
2263137765
2263124405
2254736309
2250545909
2250627703
2267544087
2217144071
2222351623
2230739975
2243191847
2243186023
2381597159
2406763511
2368035829
2352372693
2356608469
2364992901
2360831365
2364829111
2381602279
2372946918
2401569126
2368084278
2372020534
2372021527
2247240727
2247306519
2247114007
2246068535
2279623479
2271497015
2238007607
2238143767
2239167815
2247550279
2247550295
2247425527
2246364143
2237975551
2221202423
2221267799
2221398357
2221407573
2221337941
2229726559
2280057335
2263153655
2263124951
2254932887
2254937013
2254806453
2254812597
2272769428
2239145373
2247550909
2247487399
2237983655
2237979558
2233748326
2233813302
2233882655
2238065679
2246454287
2242342173
2242141501
2246331197
2246331261
2372160509
2372159805
2372229439
2372304191
2380688703
2380754199
2363780407
2363771703
2372225911
2372225653
2372258389
2405818327
2407003591
2398528975
2398530814
2398464238
2398390526
2390018270
2384808159
2401704221
2368108829
2351332685
2363910109
2360764157
2360665837
2360659711
2380581567
2372192959
2368014975
2368019007
2233940799
2238068797
2246454333
2242325565
2242120733
2246364629
2246348733
2271580093
2271584191
2271591359
2238036415
2239146430
2239146494
2239228382
2239093086
2171074591
2171010333
2238115101
2239163677
2239737629
2239675981
2248115933
2180878015
2180812463
2239598271
2273156799
2268970655
2268970655
2537471709
2520182365
2520180575
2541151551
2480268583
2446648694
2429875542
2421552982
2419578834
2419515347
2417417683
2954354035
2958414961
2958488833
2974999809
3008558849
2991838993
2991644513
3000041061
2999058149
2990788343
2723241959
2723180543
2723210750
2723206382
2747319406
2747449694
2814572366
2772690510
2768301686
2751528550
2751716966
2751618678
2755860087
2755729267
2772505555
2773688787
2781947089
2780837025
3045067937
3045285009
3045256321
3045256385
2982329553
2982256115
2973867347
2701373265
2701373041
2701237873
2734939729
2734874305
2719112913
2719162033
2718971811
2723160483
2731544741
2727346349
2727547069
2727503068
2727537736
2727864332
2731911452
2750785817
2717366553
2691008793
2959460123
2955268635
2955358778
2972070442
2973110830
2977104751
3016754663
2979007719
2979024119
2978020597
2978081877
2978063429
2974003972
2416095749
2952963589
2953047605
2952919589
2952878887
2958117223
3017099639
3000388935
3000399303
3000328647
3000299751
3000292583
3017077991
2983722231
2975268311
2974146003
2969886065
2953174387
2958491507
2958490483
3025562385
3042258449
3038199377
3076396881
2539533648
2531079284
2526811172
2543590437
2545711141
2545744181
2516384023
2516441863
2508168967
2508127767
2441082391
2470278743
2470254199
2470387685
2474581989
2474449381
2482837621
2478643317
2478643285
2478586967
2214362455
2214362455
2212331351
2204073559
2203402071
2203335541
2203326821
2203392053
2178365493
2178361365
2161518613
2161588565
2164088149
2164018519
2172407127
2239520247
2239593975
2239068663
2239068663
2247457783
2247588823
2247588823
2272362327
2272358229
2270263669
2169600381
2169600125
2169731189
2169731157
2169731157
2169722965
2169985365
2168946517
2168946261
2168938101
2168807031
2203344871
2203377143
2211765750
2212347126
2214444534
2214443518
2212346878
2178792190
2170403550
2170403550
2170002142
2170011358
2203500542
2170009086
2170009086
2168829439
2168831839
2148007647
2148006621
2147973837
2147826253
2168789341
2168789117
2177177711
2173123711
2173058110
2173056062
2173121590
2156338486
2160402262
2160942674
2160950866
2160975730
2229130738
2363350515
2363481299
2365578643
2290022786
2357132162
2356673426
2352462770
2351283122
3341925810
3323180178
3322328194
3590759555
3590824129
1443279040
3590755392
3507917904
3491216160
4028480032
2953611812
2957822500
2957822260
3017571636
2996201236
2459317781
2459305509
2463370789
2479107685
2470723173
2479103317
2479117397
2474988612
2474982468
2479177156
2537897461
2270108837
2236552359
2244416694
2244161718
2277712278
2252437494
2248204262
2248186679
2516621573
2516626181
2529209093
3582111303
4102209094
3028453318
3033694694
2953871458
2954162210
2685727014
2685825590
2684756511
2684757517
2703043084
2740722252
3000765384
2998733000
2998864008
2998218888
2996052104
2458214585
2475159785
2474766571
2478895339
2470770939
2470959483
2470959419
2433080123
2500164123
2501324299
2505449995
2639671818
2648048234
2643657706
2643742890
2626475182
2630678686
2622273694
2634324126
2634520974
2668019662
2668013263
2651824975
2651317629
2672194860
2546339116
2513832236
2446723900
2430536220
2430351884
2161909276
2178680381
2177631663
2274100398
2258371758
2258375862
2191269014
2208054422
2213868694
2171909270
2166465678
2166596687
2434968589
2535631116
2536614668
2536548876
2547038732
2513541660
2495842868
3032647205
3032663589
3032662759
3033776867
3033555619
3075498643
3058918018
3054658182
2517705622
2454728111
2471495855
2438006973
2421373128
2421368904
2429757512
2161327112
2157122568
2173829144
2207646056
2207584745
2211729914
2213855706
2213860826
2213936634
2213870570
2205473658
3275610714
3275708106
3241829066
3241894858
3254346122
3247984827
3503874216
3579372712
3306809496
3307207113
3340695883
3610704138
1467336986
1457898778
1474773258
1408176394
1375408443
1442468201
1425720296
3562656680
3558385320
3560483480
3560483544
3711478473
3745098249
3749293579
3741173259
3741008410
3606708794
3623486251
3623498219
3589935273
3589865641
3589824665
3581468808
3581452424
4101550472
4099520457
4032802521
4034898665
4051151593
4050902745
4084352971
4080206299
4080206315
4080144875
3547476347
3555926026
3516998682
3516937274
3516948538
3521241114
3513955339
3513943307
3522269001
3587227257
3587223145
3713068665
3746790923
3742506507
3725791770
3732214570
3732672554
3756793899
3723255849
3707564248
3699159240
3697058696
3696078488
3720850104
3620186872
3619880681
3552759273
3553773051
3555788251
3555722651
3522178490
3522244010
3555923370
3279093946
3241279706
1077088346
1076965402
1076895755
1075847179
14754825
10687769
11945755
62309147
1123452683
1108772617
1109296905
1109167577
1108119016
3268394424
3268329352
3536168840
3528767160
3528955576
2457260728
2482172584
2477974248
2477810409
2477814377
2465231401
2188403499
2184476459
2188711210
2188711130
2214470794
2164143242
3229488522
2155748746
2155748746
2155752843
2172593625
2171360296
2200196136
2200196392
2204393752
2208589592
2175166248
2208716136
2209760681
2190886315
2194949546
2197079466
2187383210
2183196858
2183377114
2166535498
2149752074
2149755658
2162403850
2175003146
2191654458
2195838314
2195767402
2187706410
2170916923
2154267673
2154231048
2154227464
2154280456
2154272312
2162677544
2162672937
2180302313
2211765737
2203377401
2205502169
2201361097
2201435864
2201302776
2205430264
2213834969
2176077977
2207641786
2211820778
2205523050
2469759034
2469760062
2453054478
2453054222
2524357134
2532741663
2531164733
2522669596
2518476408
3072125417
3021703405
3027945711
3036334302
3035289934
3036278542
3040667166
3208438302
3074384646
3073794822
3042329878
3046524198
3046427686
3045379110
3045387286
2982438086
3003409542
3004968086
3005095341
3009286060
2984119980
2979991180
2983988876
2975080332
2954133277
2419556141
2422352415
2426612238
2426481166
2426415646
2241870382
2280655662
2395016494
2395149374
2411926558
2407613550
2341782766
2344391879
2348321924
2338884996
2402131588
2402138756
2604640964
2570562116
2551622244
3155601956
3158489637
3166878503
3167849254
3176253814
3189230966
3189202006
3189185750
3189189878
3189714150
2656970982
2677938278
2644380534
2627607126
2359115334
2224824902
2223776606
2244755967
2245804171
2212297865
2212297097
2203962040
2199341736
3272805048
3239253640
3222479240
1074929800
1074983112
1075044392
1079026729
1087416351
1081117454
3241249294
3274938894
3526793742
3527319047
2994635271
3064627717
3198845525
3215635428
2913509796
2776409249
2755456165
2755398823
2702644391
3776065702
3759280294
3763470758
3767735231
3767613085
4035979853
4038093317
4037077517
3521178125
3554732557
3555118605
3550889487
3601206542
3601206382
2532575406
2673084590
2668702942
2635227214
3692290378
3704857417
3699483144
3699417656
3703611944
3691025964
3691026996
3691112980
3691244068
3692226597
3696424999
3706898502
3757493382
3739667842
3731244675
1584595587
3727757971
3727766434
3729862818
3729793250
3737133154
3447726134
3447726134
3447745574
3447777590
1300364850
1300330034
1304511027
1275265552
1293288192
1293812992
1329477632
1328166913
1328158738
1261049858
1261066242
1240040514
3383525826
3366752722
3366892018
2360259555
2361243360
2360651488
2381623008
2366942944
2668930784
2651170544
2651252432
2652296913
3189166051
3201681634
3197421794
3214170338
3078912134
3083299974
3058591879
3054446773
4128057508
4127472036
4127534516
4148570020
3856007844
3836953236
3836797644
3839927821
3831541261
4095785501
4095801901
4095769135
4095818287
4095875630
4101114158
4124249118
3616615646
2542871806
2542998654
2542879774
2273348622
2273361166
2541792783
2508237373
2513549884
2513549884
2513680956
2639510060
2672986660
2667727396
2652311143
2652245606
2652245478
3125943526
3151049958
3146846454
3112390854
3112431823
3091308748
2550179148
2550180428
2550180376
2567154232
2567170680
2667719641
2646747549
2642556061
2491809983
2491547830
2424438950
3498049958
3233809826
3271558578
3255029891
3256000577
3256000513
3255934980
3507535668
3490757156
3494943276
3494939180
3552610924
3532097260
3532014268
3536196504
3603308985
3594992875
3725854826
3694397482
3693500426
3693537290
3697716234
3698176266
3639377930
3635970090
4170752367
4173898468
4165512868
4161440480
3087715040
3105540832
3126511968
3126741296
3126754560
2589597440
2589603329
2589666849
2606312995
2564361746
2566458882
2566462738
2561490018
2561946850
2559890658
2575352999
2592116869
2592120972
2592120972
3670126776
3657674987
4177956970
4228287530
4229335082
4245068058
4245072394
4282755595
4291091145
4291085708
4114891148
4095082885
4097184679
3564511907
3564577443
3570737825
3587252865
3587270337
3620990465
3623090689
3614554883
2540743443
2540743459
2541021991
2549505815
2545287942
2243363350
2243232374
2241074022
2375300070
2358256102
2357473518
2357468334
2357467327
2361686156
2353326220
2350168460
2383846028
3457331852
3725767300
3725763524
3725828388
4262502693
4262502691
3996164359
4013072653
3828527369
3828778249
2755053593
2755594409
2755401897
2687777193
2691963304
2700350856
2711880073
2980381625
2963411625
2963419688
2426479144
2426416653
2430626309
2229332481
2229399075
2229487138
2247231010
2245461810
2235893602
2403343842
2386631922
2386778322
2387016898
2395471042
2412029377
2676270468
2676336564
2512881596
2513210300
2539424684
2535295916
3072249773
3072218045
4127596941
4127596937
4127334585
4131520619
4139977771
3062958138
3085989898
2514544650
2497833226
2493708811
2495005193
2492973624
2492875304
2224882216
2247889448
2272802348
2254974316
2188066020
2189237476
2195524780
2211776687
2210744510
2210715870
2178201630
2163580190
2162597406
2229708302
2229708302
2246354462
2237961767
2221704801
2218623456
2218766512
2487132336
2485035184
2619253232
2619246581
2636023381
3189685967
3057576654
4131318414
4131187118
4135364782
2793191594
2791087274
2790577306
2785337482
2802311370
2769740570
2706825791
2692112927
2700022359
2700347127
3774088870
3771994022
3771730343
3788511415
3788643463
1674719365
1926439045
1926242517
1928339468
854601736
845160456
845175832
861985592
829528633
888388123
888388106
887355978
887341642
476169162
476168666
473055470
473047270
1024680099
1058271473
911405280
915583456
915575760
848463748
848337604
844147445
839953125
842055405
858842479
825422911
808633391
820168743
833079335
866494485
853846021
845652993
841396225
842432513
842432519
840876199
845148591
838678442
821893786
812452491
812456635
812595881
283978457
279719439
279717391
279721278
279766054
330081318
314351619
1390379075
1377730755
1379827906
3594420610
3593372338
3694132898
4235160226
4243405474
4239137442
4238621350
4171508646
4175441062
4183819510
2036335862
1509101815
1569727680
261104704
244327488
247528512
234995024
235052032
235125760
234990640
239320081
247643136
114473216
116562176
40274176
36669456
36280528
53052625
2736275
3133618
3138978
271558306
284147362
1353555682
1353551475
1907072515
1923657217
4066946561
4063084049
3794706001
3794706145
2804719585
2755448289
2759651301
2755583829
2771283527
2771152407
2775334439
2775320358
2766935334
2766942550
2766942230
2767795222
2784635926
2780458038
2811951154
2795231283
2797574151
2801777925
2927623941
2923288132
2873050676
2837329445
2824810023
2824089126
2824093222
2824080678
3908306022
3908309174
4172615830
4186386566
1501638787
1484792960
1216408960
1212258976
1208077040
1208011344
1207999040
1275177792
1280485827
250793346
1323453826
1323746691
1323811251
1324732835
1324380577
1322280353
1330654673
240270081
236067585
254942993
225644848
74584337
74596353
74629120
80789792
80781600
365997860
374520324
307403276
307399180
307464909
315920031
315937706
315932842
853328042
861860010
286159003
286078459
269233643
801135
5118006
13515782
14562306
31330306
31269138
64758050
46936355
47120641
39731456
106840512
108709252
133942164
233675421
216382093
217430681
208714393
208714681
206618537
206615467
365994986
1452516202
2123538730
2123538458
1989316670
1972797478
1960092707
1947512097
1947515633
1948089008
1880034992
1879510704
1913065120
1916931745
1925328003
1922198659
1923216579
1923327059
1403102209
1369547777
1348973824
1344704000
1881528849
1898212129
1898261282
1902516514
1889929522
1891045110
1888748166
818156166
809501319
809501613
834748653
830664749
562080813
630237196
1741727756
1733343240
1712556040
1645447176
3792866568
3793126984
2803270397
2805367534
2784424558
2780226150
2780095078
2784256614
2776389478
2776385510
2776582102
2784913351
2784980437
2784763349
2775388629
2776568149
2776510743
3053334813
3053265177
3086753816
3086754872
3078359080
3078015032
2817955864
2817964120
2750724296
2742855560
3812393608
3778970248
4029584011
2955866794
3022942890
2758554030
2766934254
2699841766
2695722230
2695822422
3032411207
3053382981
3078549253
3057571332
3057635844
3057472276
3061609764
3069996324
3065806181
3082637285
3082765975
3086866070
3086799766
3086807478
3077894566
3077883302
3073887734
3040272134
3022187014
2753751814
2757880087
2766203191
2762267957
2763375892
2780157460
2809524756
2788545076
2789066340
2789066340
2787988964
2792125669
2800508119
2796504278
2814268630
2701030550
2690588822
2686329238
3760071311
3760076429
4101975709
4110166972
1978939812
2012547268
2004293701
1986361349
1995758647
1727046695
1723047941
1739755781
1743946496
1733460480
1728094752
1728094753
1711301153
1711286051
1661091107
1930561826
1911687202
1907296370
1907230786
297669698
329003074
327708738
327741506
294302146
298496451
273323971
273587905
274636497
1348443888
1367185124
1462564852
1445737692
1445737596
1445737580
1446849644
1476340844
1438072269
1420103311
346363574
346551990
346419862
98874242
119649154
102936770
102928450
102929410
372503571
372269089
372269089
372465953
384987745
397821669
364334789
296045253
275008323
2443571
19256611
300217122
283435810
279241522
284615426
283545346
283609554
7178482
7338195
321910979
322909251
306000243
310195169
318714849
331182497
301823361
276787328
271536256
271569296
275763872
284152544
281014884
282885668
272902693
285485606
302274854
315021350
312367158
312365062
314494982
49205250
91127875
74355187
74379747
74273778
74273778
74396402
82788066
83700450
32844754
58006466
41752963
40704403
49091729
49033361
49090705
49222033
49214385
65446579
31961747
283477715
283416098
283424546
283943970
275555363
271421489
271486993
271482897
272548913
289328435
327088659
331270659
380620355
397264579
1475147459
1466758099
1462624739
1466687971
1466660321
1475042769
1475303889
1433369041
1433271795
1417477475
1425864035
1421734755
1354756930
1403974082
1383018882
305075346
372054195
372185251
371661219
401029793
296038065
295908993
295899779
295768771
295711587
60875043
329294113
334541089
300982561
290498353
324188417
55752977
38897713
34900001
34441233
51283969
51282945
17731843
31368147
100586227
133153474
124633986
124638658
124646899
124777697
99449953
82651169
82127121
82262801
73882481
82262867
82124611
98894146
132452850
266679266
267727842
267854771
199703939
157751682
157620626
157620626
157367218
232996514
262354610
263271042
261100179
227599009
226551712
96511392
88122784
83932320
352566592
352500993
319986947
321035523
308387122
304448562
304534530
321785859
288228419
271453617
271518625
284113569
279386801
279255685
297039493
328524709
311731044
332706084
318026532
318088740
309702180
305507876
303353393
303941139
302957827
324981762
283040882
283035890
285120578
285128706
293573634
309112883
304914451
304979971
305065987
321798259
288228835
271535843
816667361
817642209
280837697
280782401
347955777
369095233
376271569
1445725941
1445793461
375855799
384187302
396835238
362886582
368062854
74453390
84939198
84943214
89206054
99821606
45164578
45099203
45292737
116539521
108183680
103989376
119718288
119722352
90305312
90202912
73425184
73425185
73588993
74629377
5474097
12623649
12626465
25209633
63080704
38176768
35032128
37719120
54375792
20821600
18851361
22935074
21780002
21786930
55504946
39776306
50253906
49205314
317706435
317715697
334478817
292421361
275619537
275619539
275625715
1349367539
1349384114
1366162866
1399716338
1391458802
318732786
310197587
305934659
305934355
305999907
327098401
297672737
297674001
12532993
15671041
15535875
15533587
15537715
15545907
15677043
32503667
32348115
32349635
65904083
57515507
57646577
66041043
309309651
304984275
304984307
841855201
841983201
1647230177
1664007649
1634705124
1617813236
1617286868
1614149205
3761632885
3761628775
3765759591
3774151522
3789871202
3819297906
3806778562
3798397122
3795251651
3795317731
3795088099
3807671009
3807646435
3825152707
3825149379
3783212226
3783073010
3790347490
4054587618
4054785202
1908292739
1941843331
1375612289
1373073281
1347778513
1347704561
1356092001
1358189153
1354162787
1370415683
1408164355
1382909187
1378716691
1378720787
1383053331
1450154035
1450163233
1463680049
1463579761
1430025331
1413444083
1416524259
1961776034
1957642930
1957512851
1974335155
3618434995
3605917075
1450175937
1445985729
1462588753
1462596897
1466770720
1475159328
1475157280
1475165457
1476214017
1476384515
1471858514
1469810386
2006554578
2144900082
2136519154
4279804147
4248543441
3980042432
3963331920
3963344496
3963340324
3963209252
3966588452
3966596661
3966514741
3966512951
3841752359
3858521447
3871294711
3875407303
3867030983
1715352966
1715279282
2004694434
1979454626
1958544562
1958609282
1958613442
1419588050
1423712754
1423713650
1423860754
1423891714
1442766082
1472175378
1455273234
1454679299
1389684161
1381332432
1377123744
320150944
286655904
286654896
838206368
833962980
833934140
833990925
833924381
821344557
810854703
538216575
537348238
537266318
555090062
588644798
586285487
581055399
581055109
849351233
849359393
312533795
299934503
275875635
5343538
1411378
1411346
3655938
4122882
8317187
16696579
14565635
31342851
22991170
25153906
24097122
24097634
300921714
1407824723
1403631313
1453954768
1458280144
1445566160
1982445300
1982723828
4130109164
4146872044
4100733932
4104403438
4105452782
1890851918
1911829574
1366765574
1396060166
322318658
289280322
293475282
32445426
28259810
28252402
28121282
28137666
60676179
43842673
42786849
38580241
35565569
35561537
104789329
103472499
107731811
115996963
112983091
117027859
124376083
120185874
86637682
86756578
69914594
82501346
78370546
78239426
78206914
11096530
11104754
11219811
11088416
15229472
1080582704
1097596480
1131076160
1114344144
40475344
107584240
104643280
1178384081
1176294389
1176260983
3474862134
3411947555
3422168099
3417973795
3384485203
3367707586
3367711362
3366519474
3366453922
3366458022
3362281383
1211673987
1209641409
1209773376
1209705728
471507200
471507200
490639361
389972037
372146245
372146373
321308148
858207724
824455020
808742760
1618274857
1689570089
1706330921
1739886345
1738839817
2003284749
1999024717
1999033055
1999508183
1965949623
1999504359
1991055331
917321059
1051472899
379855875
385115155
374727713
373728305
935767041
398896129
365333507
390497603
387350978
322945474
288183186
825169826
808394658
820844962
816593058
816659635
816783488
279388544
279388816
279392868
279253556
279204388
279244332
279243308
283417128
279878153
296656394
317638410
309248842
306168314
36671610
37598254
41722926
56418343
1892405
2027777
2020099
5673538
83265234
82216434
266706098
249871571
241482963
237501651
237165939
237172577
509862689
1583473441
1600250145
1609670961
1576112945
1559729681
1424464401
1415940627
1411762707
1411766802
1428453938
1898217250
1935954978
1927614498
1924599890
1928728642
1390882882
1382428787
1408110691
1408176499
1375542611
299711315
298658675
30161761
30153585
30219089
30357825
30350657
30347601
30355795
27210579
27096915
31414099
31416147
58662227
54345043
54345203
25115875
67059171
67059155
66918851
66918851
66919379
58538483
66943347
66944339
134085971
100531538
100531666
99456498
99456498
233420274
1290383858
1290384882
1286190578
1286192626
1286207986
1286207986
1286203874
3437816162
3454560611
3479727475
3462984978
3463042322
3463181618
3471570802
3471488850
3488257602
3354101331
3320415857
2246608736
2246612320
2238227808
2503517536
2503587696
2501555904
2434447040
2434438848
2971305712
2971391712
3004757472
2975659232
2982999136
2983195744
4056839248
4045304900
4028570948
4028438864
4045355872
4057938785
4087290658
4069857026
3533009154
3537727746
3546280306
3514749010
3506360530
1356812498
1348407506
1348277442
1079843026
1096628706
1138309602
1201224547
1184447091
1184448065
1184379457
1205346881
1199137601
1165652289
1144705347
1148900722
1148960610
1146732386
3235495922
3252656082
3250423763
3283982289
3288176624
3288195056
3279781856
3275587040
3275701728
3273610720
3273618928
3240095952
3244290497
1096787329
1105110401
1105172353
1373472657
1373476755
1365112754
1365108642
3546081186
3546085282
4082923426
1901881314
1903437635
1903437057
1886727441
1886727473
1349854241
276042865
284623985
284557649
282531137
30702849
64026896
1112774928
1112967936
1115070208
3539381760
3605440000
3605440000
2246481408
2230240816
2231322144
2365396512
2231117344
2247898913
2276721762
2258895970
2275687654
2275687670
2242141398
2246367446
2246416598
2246555734
2247538775
2247535047
2406919111
2406985671
2402590711
2402668518
2369215974
2368945638
2620603878
2624731638
2624743926
2633165302
2629036534
2645605847
2643509189
2681253568
2672869056
2668691136
2668715616
2671201888
2671124320
2641771872
2647797073
2643668035
2642422994
2378185202
2378185202
2378176882
2235631954
2235702530
2244095235
2244113411
2239845395
2239878227
2239880403
2243988642
2235600290
2231405986
2231406002
2265096082
2269294531
2269293507
2672013059
2671816227
2639568417
2641860128
2641868308
2624974356
2621205108
2635860580
2635860260
2640250916
2684226612
2683974933
2398823703
2398692662
2398623014
2398882854
2394688614
2411482358
2411068630
2247488710
2247472262
2247464327
2239208855
2239208919
2239216631
2235038711
2234973175
2234973175
2272721239
2272787525
2169896005
2513941589
2446767477
2480321892
2480248676
2480182900
2541002324
2536824372
2536864292
2502769188
2502900260
2502891812
2507021364
2511221765
2544772119
2276207718
2276199526
2276199638
2246858966
2246957270
2229796050
2229779538
2229647442
2229648722
2221383491
2356665923
2369257155
2402691779
2390633154
2390637522
2390169954
2398361698
2348055778
2348082423
2348064965
2312413381
2314576260
2381353876
2406516388
2652933796
2652998380
2586299116
2587261532
2585143884
2601921097
2555784779
2564691738
2562195770
2562195498
2561163306
2561200170
2579033146
2314791179
2346248969
2338056713
2317311561
2388591579
2405302778
2362843310
2228629670
2224423078
2230668471
2222246291
2218236353
2218179137
2485565953
2519116288
2523309568
2531762688
2527441456
2531562016
2523197988
2518961700
2519469604
2519600868
2536390052
2548970677
2511156407
2511090870
2242133174
2242124982
2242188502
2242187286
2279821334
2279763982
2279760143
2279793423
2271473423
2272385597
2272643949
2251672549
2251655639
2251726023
2251731142
2250682566
2267476422
2238116678
2229719638
2225590886
2226434662
2226430703
2226431981
2499054572
2515831804
2507442908
2536815196
2536962588
2536928780
2503882253
2503352862
2507481902
2515805230
2243167342
2243167350
2276721878
2276728022
2280945878
2238765271
2238830919
2220095812
2236803332
2236787988
2178066196
2211685908
2211493492
2203356772
2205470437
2200293094
2469911526
2474113446
2474105318
2474105342
2472540383
2468313549
2434034124
2432990156
2433047516
2433170012
2437364300
2445623116
2441428332
2173123685
2206690407
2207612006
2207579382
2211765462
2211830998
2205679062
2205613558
2205613558
2201443798
2199223766
2165652958
2169984478
2178307454
2177299550
2161501262
2161419342
2153033054
2438437214
2438367583
2480311135
2472385053
2472327692
2468331020
3004864012
2971333132
2973393452
2973312556
2977445420
2986085668
2449214517
2478574711
2478116086
2478116070
2478054646
2175024342
2175024326
2175106246
2162556374
2229665751
2222325462
2222317254
2218122198
2167929334
2172057958
2245454182
2245523730
2244335874
2235955975
2236082951
2269638423
2269621539
2278987041
2279507249
2415889776
2382159728
2372721648
2401520372
2267487204
2251168740
2255370660
2255371700
2264738965
2281450679
2281469158
2247942390
2247995478
2231341398
2230825814
2230828566
2247600662
2239085078
2234813047
2268383863
2268468807
2234913543
2216047366
2228629766
2226533430
2226972770
2495408354
2549922018
2453178498
2453309571
2452264321
2452263552
2453312128
2470097552
2956583648
2960713312
2967006752
2966973988
2966951460
2967212613
2983465846
2480144870
2546991342
2544894190
2511405178
2496863258
2496821258
2495801354
2227415055
2227415821
2227345933
2220281421
2350827213
2369667797
2402890471
2390324199
2398777826
2529091794
2529157234
2528944162
2528424994
2545194019
2515832145
2490678848
2486483648
2486684368
2503363296
2503875296
2536381280
2540583280
2528066640
2527870001
2527870002
2662143026
2410554386
2410618898
2414113910
2414105718
2380320102
2381371894
2230565367
2228464580
2219961028
2236742340
2235694788
2169763572
2169754597
2169623015
2171916454
2440351926
2440401110
2440466647
2440466911
2438370125
2417405517
2416290316
2416818716
2416949532
2416949532
2489309500
2489253204
2506028613
2508124741
2541667015
3061830374
3070030502
3065835938
3065300130
3069234342
3002137830
3056663670
3056759814
3073515526
3021087047
3021087695
2756847598
2765098926
2761166254
3028552094
3032751502
4106245518
4106352590
3045520334
3046565214
3046567199
3050826013
3042240572
3075979572
3075905812
3059125764
3067593236
3017065012
3017032228
2975150628
2970952996
2417241124
2975086628
2975144037
3016117333
3016150851
3011937859
2978973250
2962003570
2966197858
2957287010
3021250146
3038706674
3072212434
3055434962
3059356882
2547650770
2493133010
2493133139
2495095153
2495095249
2499289296
2491182228
3560765620
3309226116
3258894724
1110362756
1110083204
1110020756
1114403572
3253478052
3236701668
3237751908
3304941669
2248038437
2263239681
2258789379
2258891523
2258883106
2258719266
2258653730
2263896610
2280666930
2381327634
2379230498
2379241506
2379271203
2278722579
2278722625
2278665536
2261827440
2522124016
2538965716
2505546452
2503391972
3024067300
3023936228
3023944436
3040865892
3073343076
3073318500
3056473973
3060667733
3069064535
3064935510
2544647398
2477006054
2477006054
2208766206
2208708814
2209757263
2281139279
2279007311
2237576541
2237641725
2170402797
2170328829
2153553596
2220743356
2220350109
2237069981
2237135775
2270559679
2270557614
2256008382
2549588150
2549588150
2547495414
2514327510
2505883334
2501766855
2501898069
2501801269
2503880741
2503872573
2503348237
2440441869
2438341689
2429827369
2424576827
2441366043
2445625946
2210749002
2186747594
2197226186
2197094986
2197098858
2213818410
2205954090
2166173759
2166174735
3222037519
3222037573
3225732437
3502556661
3498427828
3498547124
3230119860
3502618548
3494231988
3494227888
3490167712
3506936480
2433129204
2466692612
2454105604
2454187524
2462576148
2462576181
2462410543
2462414127
2479113710
2479097006
4089711806
4047785118
3544468638
3544534206
3540483230
3540417742
3540446287
1393028111
1397224719
1380318471
1389362966
1389362966
1389362482
1120927010
1129278754
1129262898
1095646978
1095634690
1087246147
1087245777
1087261905
1078910145
1078910401
1078967761
1095608273
1095743169
1103535811
1137090499
3286211059
3554130401
3545610721
3528833249
3541351651
2467691731
2534896979
2534749554
2500142946
2512727650
2508668514
2542607970
2542542434
2542548339
2240554067
2244763715
2228084803
2228150339
2228154435
2228147537
2228149569
2220804419
2166311747
2199669745
2199722977
2202877875
2177712022
2177705878
2156668342
2156672418
2160858594
2161905714
2162118674
2162151442
2164109585
2164105984
2164110848
2171440704
2200800960
2183892688
2184091280
2184099520
2188309904
2465070245
3539791015
3527208102
3543989422
3508454622
4043755726
4047892814
4056208158
1909322286
1884283430
1879990806
1880044039
1879900701
1342767932
1883834156
1892294488
1909078473
1369074121
1369176523
1406974411
1409064395
1383892939
1383891659
1379897929
1379856985
1379852905
3531531245
3537789421
3537531373
2480477669
2446853605
2430097365
3503839061
3498704437
3498700597
3498814743
4035683699
4057576547
4082733154
4078862546
4078867650
4077698258
1661770978
1661787299
1661866147
1645097395
1645097653
1666065061
1674453685
1939158685
1905539725
1905556109
1905585053
4036094431
4038175046
4042370310
3504464646
3571639046
3563217526
3579978338
3613537250
3613529058
3597861346
3606122978
3601872226
3601869907
3601886211
3606113287
3596659767
3592469542
3609299974
3509816326
1366396230
1894813430
1894825703
4033982117
4118017701
3576879072
4145202640
4149382400
4151422224
4151355680
2817567009
2800793888
2796789008
2798820624
2790430000
2786232065
2801980993
2768500690
2768465314
2772520098
2777697442
2777697442
2813349042
2815622354
2782063682
2784161026
2784161539
2775707395
2770398995
2771679011
2754955041
2755004193
2757629744
2900305680
2896117584
3168603728
3168538224
3168025328
3168218832
3184930432
2547199617
2530283395
3599762866
3599766690
3602915570
3602915539
3594608721
3595822145
3323196624
3272644080
3243282416
3494940368
2429652672
2429717184
2244132417
2277682995
2261970722
2530469154
2530469170
2530469234
2530342882
2530264998
2547025831
2547294117
2549390997
2524224148
2520029780
2519071284
2519165492
2519149076
2502372885
2485530135
2489728822
2498104622
2493778982
2493778982
2225343526
2225359990
2225396807
2229656005
2222455749
2222193348
2220096244
2236873445
2270428133
2253585271
2253846903
2253896023
2530589175
2530589174
2547358646
2538905526
2440339126
2977275542
2973212310
2973219543
2973219573
2973235812
2972121636
2972613172
2976852756
2976725268
2976725300
2985064500
3014416421
3081553959
3081619511
3085818998
3086996694
3221139670
3187601878
3179278742
3158135190
3090485686
3090625974
3090561206
3107338742
3109431767
3151374791
3151375559
4191349958
4191397062
4173438150
3896552534
3896551542
3896551478
3913329718
3926111255
3926036503
3926032677
3926294821
3926164261
3927761701
3944609572
3944596844
3948793196
4017998716
4018133788
2952788540
2919094844
2919090749
2909788701
2909665823
2909593471
2909589375
2909589375
2909658495
2909657471
2943220095
2943220095
2943220095
2943220086
2943351294
4017093118
3983530494
3983538686
3916429822
3916298750
3916429822
3916429822
3916429566
3916429534
3924682974
3924682975
3959421149
3959355485
3959355772
3934255420
3934124828
3950902076
4018010684
3984579132
3984579101
3966622333
3966552703
3899443839
2842483583
2842483583
2876012927
2876078423
2876078454
2876209526
3916397046
3916397046
3924785654
3907475958
3907476438
3925179350
3923012566
3921996246
3947162070
3947227606
3947362806
3947354614
3955743223
2848455127
2840459733
2839931285
3913808309
3922188724
3922188724
3913808820
3913808860
3913677788
3946969596
4015118709
4015114557
4017342781
4017346879
4017355071
3983800639
3983792958
3983657278
3983657278
3983661374
3983665470
3983800606
3916679454
3925068063
1769175351
1766943029
1766946837
1750431765
1767209077
1767340149
1769359477
1777748053
1810319445
1793579093
1793579093
1793579349
1793579861
1785199189
1785199189
1785166421
1785166455
1785559671
1793948279
1793948487
1794079055
3958307279
1802435023
1802500575
1802501119
1768807423
1777204223
1760426494
1760426462
1761474782
1753218126
1753182287
1753174143
1753026667
1751920747
1759785065
1760367992
3958315864
3941538520
3941292760
3937000152
3938319064
3938234056
3952911049
2844566218
2823791338
2819076970
2818937194
2819083626
2819094890
2835872126
2874661214
2857884511
2857885535
2866272223
2866141183
2866148351
2866148223
2840945499
2824302938
2824303962
2824291706
2824297946
3897916890
3897832922
3897832922
3897897434
3906285786
3906408666
3906426074
3906436298
3905317323
3905415643
3922062299
3955604427
3938818955
3930437515
3926168459
2852488139
2853683695
2853359983
2874405159
2882916647
2851600177
2843209489
2876767505
2876752177
2876588337
2876526897
2876592437
2843038013
2824303421
2824304441
3897912185
3897850233
3906230649
3906849241
3909081545
3909016009
3925792201
3917467853
3950899423
3950891247
3934253294
3934183782
3934188391
3934179891
3932025395
3931432503
3931434559
2859789163
2860271979
2868660601
2868725849
2868869337
2860477641
2860475593
2860503513
2885599721
2885600233
2847921903
2831023870
2835213302
2826759158
2822564214
3896375670
3913152630
3913283711
3917437023
3950991453
1769961565
1769433213
1802991741
1802983516
1786215452
1786215708
1786215708
1786083708
1786215292
1786190428
1786190429
1792498269
1792498525
1792376797
1788341711
1809247695
1775697870
1750588366
1750584270
1750453246
1750465518
1750395886
1750395758
1750461295
1750464895
1750584655
1750422621
3897839725
3897847917
3897847915
3898037353
3916847993
3958786776
3958852312
3937786616
3935369848
3934318152
3934316360
3951093065
3955484026
3909272938
3892563050
3892563178
2818755834
3892792798
3914816990
2841083870
2849468158
2882764542
2882920190
2877685502
2877615870
2848255583
2848255581
2839932765
2840067964
2839924604
2836746108
2836749661
2836753757
3914693981
3914824799
3913776255
3922156798
3922681310
3922622942
3922717150
3922586078
3922524638
3956074958
3956141534
2881879517
2881869277
2873619964
2873351652
2869153252
2873348068
2873351124
2881612757
2881612753
2839674321
2873228657
2873324839
3913499943
3913499927
3913495815
3913494303
3909299007
3913620287
3913620287
1774520703
1770785247
1754012111
1754033359
1775035599
1775019469
1775088093
1774629357
1766298997
1765836613
1795198789
1795329895
3942820719
3942886255
3942771583
3942906735
3930512239
2856765951
2856713695
2857168127
2856639743
2865028351
2881945087
2881943535
2877736686
2848442110
2848245759
2840919551
2824134143
2819739135
2821900767
2836592991
3914590557
3948017949
3948013853
3946965273
3947093273
3930283288
3930283292
3930275100
1782660412
1782660396
1783827756
1792216893
1788022621
1787960911
1788243791
1788276687
1805113806
1775737038
1750571214
1748474079
1748475391
1748484079
1750577135
3897931503
3897931501
3897950187
3900047355
3895844859
3895844859
3895582379
3899686570
3899686570
3899686842
3897588699
2849008089
2882594905
2882918425
2866273304
2866211864
2866277640
2866146585
2866276155
2866272042
2874658602
2870464362
2836909434
2836745726
2840939998
2840952030
2883022334
2883026302
2880953727
2948586847
2948595549
2919067485
2900193117
2891808765
2891808761
2891406328
2891401720
2887076313
3960822744
3965058040
3980918492
4022730461
4022658765
3997493197
3997494749
3998022893
3998079213
3931097197
3956197693
3956210205
3948867101
3948412445
3948216125
2874473773
2874461221
2874396021
2882722133
2881678165
2881678039
2873223895
2839603927
2839604214
2822883702
2822884727
2822888791
2822892629
2818633077
2818825589
3897719653
3914759021
3916778367
3925625342
3925629406
3959290334
3959422302
3959418206
3948932446
3914198366
3913608670
3913600478
3913764350
3913698799
3913764095
3947199711
3947982047
3956436222
3956464890
3956492410
4023613790
4022545742
4022546254
3888328287
3854769773
3855683309
3771797244
3771801564
1624259932
1624520829
1619277885
1619344397
562326799
562883854
567051534
558675278
554482782
588094686
588225790
571381998
570857583
570873903
575068205
575068221
574979100
574979100
575634460
642677772
642661645
1045052749
1045045069
1004228189
1006325501
1002034879
968488599
955900807
947512198
947508126
679073470
679214766
687569582
687422202
685320826
685255530
684470059
676080937
676082985
1766602536
1774794280
2039160424
2038980184
4220059464
3666653000
3666656584
3666721864
2593102968
2593111144
2593111144
2609814637
2345061485
2412137583
2403798127
2403667311
2403665263
2638698351
2648101502
2643890782
3164058334
3162810078
3167002590
2906950110
2902759770
2835855706
2819004698
2819004730
3892751674
3892767803
3892702267
3893361723
3914255722
1800359290
1783461210
1783457243
3930399995
3930526957
3930524925
4007075293
4007534556
1721700188
1721699925
1721450069
1721446215
1721445703
2140749254
2111389126
2086352342
2082149782
1008669062
940376966
939787230
675550206
675551070
684142154
684075531
684010041
680274473
680275497
680273497
684471881
684470873
684488569
701298683
734903801
734903785
734903801
734901721
1808381385
1783215561
1778956251
1778958315
1796063211
3943604203
3943610219
3909531499
3909539691
3896690543
3896725487
3964735469
3964734973
3830521333
3830659541
1683175893
1624455639
1624324183
1620121655
546379799
562506759
562375687
562834435
596380931
596118787
596133891
600332293
591923205
587729237
571152757
575290213
600455781
596196085
596122327
600595415
600628183
592223191
558743511
567263223
550486007
550354903
550279639
537696727
537778647
537729367
554318711
554318631
592063015
596257319
596196115
562567939
562584899
545840451
541695298
541834578
537631218
537631218
537630834
541833570
550156643
550218083
541715283
537623107
537541187
537541185
554318433
592124513
579541857
579549521
579546433
579415361
579353923
851992035
851992034
541613538
541612530
541678002
550050738
550181842
583736257
583678784
583674624
852110592
852045104
583544096
583540004
583535653
596379957
600652063
600598879
568150359
627964279
627947895
896383351
896384439
896382391
393064887
359510455
359510455
359510455
1441641911
1441643959
1441642935
3589126583
3622746503
3614357975
3580816887
2508178807
2507003383
2641221111
3211654647
3211654647
3212830199
3221223415
3221092215
3221091669
3212702997
3211654421
3178100021
3178100021
3162429237
3162425141
3179237175
3179110262
3179052918
3179111798
2650764662
2684310902
2549827414
2549831495
2549708615
2549708757
2549708789
2549732852
2683887093
2683887093
2642009589
2637813237
2638214613
2638210389
2638209365
2642408213
2642409239
2650793527
2650662775
2633820023
2625494391
2625621367
2623523927
2640311381
2642244981
2675791221
2675922295
2683270519
2683270519
3220166007
3212690807
3179075447
3179149175
3179145047
3212830549
3212834133
3212834133
3212828149
3212795349
3212791125
3179240823
3187504503
3187438951
3179049334
2642243926
2642374998
2642374998
2642376694
2650699767
2650724309
2650787797
3187531733
3179077621
3212638197
3212703573
3212703061
3212702071
3212702007
3212702055
3212661863
3212670327
4252712310
4252645750
4193917270
4193983239
4193853191
4185732871
4185207607
4185223975
4184994599
4258394487
4190155223
4173374935
4173376951
4173371815
4173519783
4190305191
4249255925
3175503829
3210172373
3210170709
3218588023
3218589047
3218470359
2681530327
2673143798
2639652854
2639714302
2639779838
2505426430
3042825726
3051224543
3051355599
3053453269
2516572117
2516580085
2541606517
2540454517
2536326005
2536469861
3077530855
3077534951
3085948151
3053442263
3053319495
3042833733
3042833668
2506093876
3045061924
3045061924
3045029172
2516415797
2516415861
2516407655
2499501414
2491112822
2625195382
2625228630
2642147143
2642143047
2682971911
2666198855
2666255702
2666124662
2675561586
2642277603
2491249891
2491233763
2491234289
2491365361
3565106901
3581875925
3623818055
3741266694
3741004054
3740880942
3749204014
4252528682
2086171706
2086173962
1557715209
1557850408
475686936
1480067144
1480068300
1478165644
1545494932
1549722292
1604244149
1589543553
1588560513
1588298369
1592496785
1584314289
3731859425
3749504993
3715393445
4252250023
4250152871
2102737847
2136291743
2136222111
2135961087
2144417151
2144534845
2146681149
2129695004
2129699084
2127601932
1850780988
1849736508
1866569789
1828895797
2097329207
4278382647
4278341670
4245819438
4250337326
4236054846
2088706366
2097096570
2097101466
2092579466
2092567179
2109409931
531106443
518524554
518547114
518546090
518529770
535306779
485192473
1558896936
1558896940
1550560548
1550432548
1281923332
1282973508
1308213188
1325053828
1190851969
1190842755
1191067810
1182613666
1316249762
1578464374
1580588054
489150470
472348934
472132878
476866350
476963374
1023144942
1023078831
1012646025
1012449417
873000360
872999848
873360040
878586520
360069769
333777611
333451227
316740991
333537342
279044118
10612754
14913810
6460418
2272258
69380098
119715891
102939697
108172304
1181908992
1458995200
1182695616
1315624144
1307178224
1307172256
3706281889
3718868899
3706204066
3706201782
3572052614
3572183686
3572052630
1416114910
1416181262
1411989023
1428762173
1428696616
1428713000
1432938024
2003416840
1450751240
1450739144
1457030313
1457034411
1591317694
1585090718
1585115270
1568338390
3564790242
3573178850
3564855795
3565118403
3565147841
3565149889
3565149889
3581910723
3615334355
3598499315
3597444579
3740120306
4277108818
4294938995
4286427491
4286375207
4265403751
4265471351
4269780341
4001340789
4001205621
4000882037
3864589397
3883524125
3879366685
3845795901
1614483501
1613312047
1617901039
1626218414
1622084270
1621953198
548149950
1622944398
1671229070
1658103695
584352205
575701004
571514940
573613100
640918564
1714593828
1714855988
1714876469
1849049127
4013359215
4248767983
4235070142
4243458702
2091846278
1958558342
