2905455220
2939009652
2943270516
2951659109
2951523943
2943143526
2804735986
2804809683
2939092947
2926507475
2934863251
2934928529
2951576753
2909632689
2909632657
2892921041
2892921041
2901309777
2813213251
2796170818
3068733122
3068667602
3060281058
3056082402
2453145826
2457540786
2444900482
2428120198
2157585542
2157655174
2156466311
2157449367
2174226597
2178466213
2172158381
2155647423
2150544287
2150015882
3223758730
3227954635
3307318329
3340807224
3726683144
1579265032
1579377672
1562514696
1545733656
1491207723
1487013422
1486898734
3634427430
3634410038
3637551363
3636502784
3099764224
3141711360
3120727616
3120988784
3191243488
3190784736
3190670048
3056358241
3077312867
3035378786
3035380834
3026992227
3027122243
3027122241
4109252673
4121835841
4155390545
1991065155
1995193922
1458378306
1449988722
913059938
913059938
921449570
653016178
653015110
669784134
627964279
627964279
627964279
627964279
627964279
627964279
627964279
627964279
627964279
627964279
627964279
627964279
627964279
627964279
627964279
627964279
627964279
627964279
627964279
627964279
627964279
627964279
627964279
627964279
627964279
627964279
627964279
627964279
627964279
627964279
560839031
560839031
560839159
560839093
560840117
560840117
544062903
544061621
1617803445
1613609143
1613609143
3778919607
3810443239
2735652579
2735140578
2701586146
2768719602
2772721394
2781118387
2782143923
2811635095
2794859911
2799578503
2791254919
2793154999
2793154983
2792626343
2815761598
3080025231
3079791823
3065181261
3065107469
3059770397
3072353317
4146279461
4116844837
4108456743
4104258095
4104323631
4108321405
4099952349
4096850829
4096830348
4101025228
4117862348
4150494040
4083319304
4075192840
4066742808
4062490153
4062505515
3861309738
3861309482
3861313770
4134489226
4159520906
4159520906
4117639562
4117636058
4117373482
4125697582
4121456430
4121486639
4121486637
4104769805
4101608205
4229542493
4228493925
4228445797
3960004197
3964358245
3964304997
3972673380
3906549076
3914868181
3948421333
3931731157
4202394757
2054913173
2063084725
2079861941
2147040661
2113551837
2113566173
4233779037
4242528127
4259092351
4259096439
2102699799
2135208727
2143650591
2143781151
2143719453
2135355421
2115379245
2115371049
1981087803
2000032826
2000034602
1710623338
615975674
549264010
817703562
817653386
817656713
821838232
828129704
857141672
587653545
1918280105
1926669227
1927394254
1944101390
1885381126
1881186870
1881650726
4029128230
4033863206
4100906278
4126039079
4159588373
3890628613
2942760965
4025858101
4021337444
2911941996
2777710973
2765193565
3825463805
3825455597
3825406437
3826456549
3826392933
3830595300
3836885732
4105256944
4105183185
4103151553
4119975875
4156921795
4140154819
4140273475
4132416881
3860180321
3860180976
2786568144
2786521808
2802995952
2768442084
2755666661
2755666661
2765108199
3029340518
3031438438
3031511158
4104138870
3567260702
3588559886
3610645518
1446401038
1178006543
1175970831
1465164831
1431604285
1348308189
1344198093
1344198029
1348391821
1364644765
1398166495
1381438431
1381307199
307507755
317989419
334833195
301279035
16000779
15996171
7619851
7685147
8307931
8312203
25097611
49796491
40355723
40223643
40162281
316994537
316990313
333833065
301261161
276078953
273978731
273976683
291343227
291409739
327065419
327066959
863412559
863338877
861176877
852792365
1983951981
1979757805
1979953397
906158215
906109315
889324450
872560290
885075618
1954627234
1954627218
1888566930
1888501650
1368403330
1385194883
1385227395
1388353009
1455460833
1456574819
1456707379
3616651043
3618684706
3618963234
3602380578
3606540582
1450594598
3610640423
3744858183
3709280333
1561666636
1293233180
1159019804
1159094088
1163288264
1205755592
1201557192
62705353
1136447147
1123870123
1115480554
1111355466
1379319818
305578250
322364187
322363951
292939309
276092457
1349830185
1356645947
1356715547
1356650331
1356648426
1350323690
1358714346
1358763498
1375678586
1409183802
1392435211
1390338059
1390403869
1390183725
1405918508
1372364156
1372425160
3511652296
3511586760
3508443016
4078942121
4083065769
4083065775
4074611614
4074018206
4074013934
4065636590
4061519982
4060553262
4060553246
4077334622
4048425342
4036887278
2963145454
2963079871
2426148511
3503824541
3490192013
3222813389
3223202757
3244191189
3537855957
3537879125
3529424903
3525279751
3527259399
3544100103
3510544647
3493759239
3498019079
4042820911
4059608877
4055410221
4091191852
3000754796
2991125484
2986918328
2986885272
2986954937
4065154235
4073004282
4056304122
4039527786
4039536474
4032292618
4032096010
4107577115
4107646749
4032075533
4031022861
4031545629
4045394205
4150194461
4150194493
4135478575
4143938927
4135476719
4133379583
4133445007
4145902991
4112470415
4112400847
4099888095
4099793647
1960633071
1692197613
1692202861
1642059615
1633077071
2002240975
1733678591
1716905406
3876973726
3876056222
3876060350
3847081134
3856385198
3852136927
3887755535
1743467277
1743270717
1734877993
1730683689
1835607851
1818958123
3841673514
1690028314
1690016010
1706670346
1740154123
1717342473
4129067065
4129067049
4129144937
4128899311
3055157487
3076396518
3016626086
2978942614
2441557654
2442605238
2425696918
2492805782
2492478343
2492495247
3562073501
3559958973
3558914493
3558975996
4112623949
4112559373
1965139213
1998755084
1998751004
1982051372
1982065700
1982069796
1981963300
1847745588
773987636
774248244
787879460
783697444
1052725012
1069092101
1031289861
1027087428
423169108
992612196
980057828
1002139364
1002045172
2092546756
2092472708
1559796101
3693717911
3694127542
3699305446
2631273446
2625833826
2625646370
2625645858
2625645858
2374049062
2374176023
2240826695
2245283143
2280967669
2280951269
2239208949
2239233493
2373319887
2239065567
2237082095
2237017071
2237017087
2237086303
2245335581
2178226717
2161983133
2162108045
2157782685
2174494397
2214343341
2214331055
2189165247
2183922367
2184008383
2167362527
3224006926
3224005903
3228264463
3236653071
3232463119
3236657423
3295598862
3308177670
2256454918
2399047942
2394726694
2394726691
2392498483
2392502561
2396620065
2371390817
2350418913
2350627795
2350574275
2350639731
2220617315
2245715811
2241566051
2545452387
2193132913
2197588309
2189199813
2185021909
2182552053
2199271925
2164668789
2152085847
2156281175
2156274998
2156143926
2156160374
2172966743
2210694871
2186120917
2187188949
2186664701
2253904877
2253912557
2270685423
2270619871
2245455174
2178350918
2178350710
2203385446
2199150183
2199146327
2199342419
2198232146
2269539394
2277928002
2273733698
2256890066
2395822322
2387347683
2387085795
2382957013
2336890309
2286567237
2295998213
2295932469
2295868965
2295867949
2295888429
2295888429
2295884335
2295884671
2295888703
2295946559
2314947967
2314820975
2314763631
2381864319
2381924695
2382088662
2382088694
2239351270
2239334894
2239466494
2172362702
2205921222
2205790166
2188951543
2188942289
2189007809
2184944576
2185165248
2252274128
2250172880
2249124032
2265901504
2244934592
2358173376
2358238785
2358049381
2362206823
2286697063
2287475558
2287475054
2287482990
2287545454
2295999567
2295999567
2295934029
2295889245
2297978357
2297974245
2314750447
2306460143
2407135470
2407131382
2407262414
2407185871
2371534287
2371534333
2237382652
2239274684
2237177500
2237177484
2231930580
2500562677
2504768101
2504768295
2496379687
2489039399
2484763138
2485008898
2484739586
2501578274
2231962914
2274040866
2257140786
2257071106
2189962246
2189957143
2207778935
2214070341
2214070341
2179549509
2171165517
2171198301
2171337085
2172385644
2170284396
3243899244
3242809676
3238615372
1091164492
1091557756
1091565948
17824092
17693132
286128588
822974924
822976460
822974365
822981533
823112605
823112125
860795837
869248957
583899805
575511197
1648728733
1644534509
1661377119
1661397775
1628858126
1614160654
1618354990
1624515374
1624516398
1623467823
558634767
554442509
554442045
554436653
567019566
562891902
831325390
294416590
277655694
277647502
1351454862
1351455902
1351456926
1351465151
1351530671
3494558125
3607801277
4144672205
4144672005
4144672007
4279887910
4279822374
4279970854
4263387254
4265476230
4265476230
4277797814
4273869479
4290606756
3183270564
3048520396
3052710412
3073681932
2536812060
2537006620
2537021980
2536923685
2515940132
2513830176
2493449248
2492204240
2496203968
2487966865
2487938225
2504715393
2504715649
2546658179
2547702467
2509888243
2449013475
2440589027
2474141031
2453205093
3531141237
3531337809
3524980800
1376768000
1393311765
1342980213
1342586311
1346775438
1346779550
1355160238
1440156350
1456822926
1452603022
1452577423
1452585981
3602162029
3606356269
3597967652
2537008404
3073816836
3040255764
3023492628
3027690004
3036049957
3033989741
2967208303
2967208170
2967212138
2967276586
2422081594
2422085898
2489203466
2484955658
3575441930
3613194186
3621568970
3617341834
3617407422
3348824238
3351933103
3612041383
3574197415
2501568919
3575311239
3743068103
3747194567
3730342599
3730343766
3730362174
3730361646
2656725294
2675599662
2574921006
2574992702
2564346639
2560156493
2560140284
2560205804
2566428004
2558035316
2553840740
2621146149
3155928117
3155815687
3172724487
3184196213
3045775973
3045773028
3049803508
2974287557
2433484485
2467182551
2472419831
2471367154
2479686098
2446135746
2446144898
2446275730
3503242422
3520953526
3554475191
3529505943
3596530823
3546199239
3244077127
3497844775
3496796455
3505316133
3505283877
3505272608
3496937264
3496812352
1367161792
1377770368
1377716881
1381944981
1381861079
1927053910
1926804278
1658364206
1658365231
1658369325
3792209197
3792408861
3792347417
3859473465
3859705067
3859684591
3872262574
4002287038
4002287031
4019185079
3972588935
3965234567
1813686407
1817880967
1818143111
1826524626
1836942818
1866256738
1848930662
1714708966
1697933159
3833495141
3837708900
3837708916
3837577732
3837570564
3892094724
3867013396
3862675733
3862675741
3860480047
3864657966
3847815470
3831039258
3965332042
3965348363
3973728777
2899855881
2891479625
3185076811
3201918843
3065905530
3065905374
3065446814
2526351790
2526290350
2529436590
2512725951
2496085389
2430015876
2164066780
2164001916
2171076637
2204655629
2188042251
2188046346
2188038154
2197345578
2197350762
2170087914
2421795770
2417670794
2488965770
2489026187
2488828553
2499318408
2489881448
2485690668
2485706788
2485740580
2485806128
2485812241
2489980673
2510949891
2549747267
2667134658
2667065046
2667065319
2667085287
2667109863
2679752005
2646119757
2646124309
2377680679
2377753954
2248074338
2239652962
2235438178
3577414754
3577378002
3610934466
3615162306
3607005891
4139617009
4137462497
4073238497
4060914144
4060909764
4060889228
4061004220
4044231084
4032701352
3500024488
3502055145
3569102457
3573295883
3304855819
1147930891
1143744522
1147971594
1105824970
1370131850
1403684490
3534390922
3534389915
3538465455
3538461357
4062749421
4079542893
4046197309
4029616686
2955810094
2980977710
3014072366
2997164054
2460956678
2461801478
2189952198
3263742342
3247161783
2156585397
2223694241
2227955120
2220670388
2216475621
2218769013
3309210311
3593390789
3593398917
3605919381
3606888868
3606888612
3598500076
4282175788
4247643933
3693930005
3693932087
2623925782
2632375830
2633358119
2650066213
3218918501
2665397493
2661196996
2661197252
2661066228
2665277284
2656892709
2652851495
2520648743
2520647718
2503941158
2490776598
2499164102
2495493766
2495497870
2495370926
2497470126
2484870046
2501654926
2468165887
2470083630
2473223214
2477416463
2477383951
2477581583
2511122238
2238491438
2235338542
2233452310
2232341254
2437870342
2446226207
2430497660
2430498284
2489108972
2491189740
3560737268
4097751252
4114524228
4148077572
1981652996
1985773621
1984675877
1964662817
1947869217
1947873313
1949900897
1949901795
888734435
884933282
884867714
398402178
381019779
1459403395
1451072129
1451072145
1451076257
1451010981
1585223525
4265382191
4265402399
4281294911
4247658543
2624202031
2628388655
2629436991
2629305951
2629314127
2629314143
2633529086
2633815470
2497510830
2510073006
3050615982
3084227770
3075965082
2970976459
2973216777
2973213721
4045925433
4045748253
4045879679
4049997423
2477133551
2478180079
2511733455
2511802893
2225415685
2229544740
2246372644
2380574004
2678367492
2662311684
2663298837
2667418981
2658962671
2654768302
3191639214
3191852462
3191750558
3191744143
3191744191
3179164325
3166241445
3166241477
3030980549
2494310340
2498506228
2498522340
2515274981
2515404005
2271610055
3346404550
3346404678
3345418102
3345227558
3311676198
3311741238
3454482694
3479988486
3476874502
1329254662
1333445382
1340789255
1336537653
1302913572
1307111020
3430476524
3430472684
3363420396
3447240941
3481045214
3480585422
3461841102
3738669310
3734339838
3751256294
2643894759
2648089573
2631308260
2625605364
2625489476
2621237764
2621204996
2621254180
2503948837
2541698855
2533299518
2528592190
2526495039
2526531863
2525294967
2525271527
2261026279
2537850039
2470806711
2466761918
2533809598
2533817838
2538012142
2521230846
2521820623
2521687375
2651672909
2651783500
2668310908
2634621292
2483758953
2487891801
3570016093
3565821279
3297260879
3297256783
3297256783
3301523293
3226013501
3221834557
3221867037
1095473677
1380687429
1381729991
3528164294
3524101078
3524034982
3523514534
3523522790
3540291686
3507277886
3561902110
2492343590
2492346149
2493393717
2631879429
2631715604
2514066228
2530975564
2527036236
3063906764
3070066893
3061690605
3057426671
3055351023
3055377903
3055443951
3055451885
2799656684
2799458268
2807854028
2757518284
2766075596
2761875181
2761883310
2694707902
2698833590
2958847654
2971424423
2721842871
2721912727
2724017557
2732404149
3806076325
3806076087
4076086422
4075102422
4075233334
3555143734
1374421014
1374420998
1374429190
1106011143
1085234189
1086248989
1086245133
1100663565
1103809293
1363790620
1393069884
1393079132
1359721420
1359651740
1879679916
1879606188
1879606190
1883805630
1900778926
1900991918
1934554542
1934521850
4082070858
1943956745
1939762440
1939766584
4057816376
4049469240
4028366616
4028347913
4028335695
1880720094
1900844030
1942782446
1926008934
1926082582
1917505558
1913286694
1913348130
4060766243
4124734769
4103757392
4103823040
4107860676
4098424516
4098408148
3830038260
3846815477
3888752341
3871911669
3863523045
2806560359
2802419239
2803598119
2803888423
2803851303
2803855399
2770145325
2774466604
2698919276
2694724600
2694716056
2711554696
2711374472
2747063177
2747063691
2749141146
2749141178
2740752890
2703077726
3776880926
3776897838
3779061038
3812586798
3812508798
3867018462
3867022478
3867088030
3875353790
3874831550
3874831870
4160175454
4122423070
4109840142
3571789574
3568051974
3568117522
3568248354
3568203747
3568289712
3585638784
3605561728
3592978816
3593044880
3593110128
1445638960
1445650720
1445486628
1445471268
1982342205
1982479373
2000309515
2013152859
1975471818
1975307979
1962725323
1954385355
1971297497
1434301657
1937565115
1936520123
1919894203
1936609978
1945006762
4088357546
4054607274
4054644139
4059878587
4050515355
4083983307
4046234201
4045775385
4045837849
4029580857
4033721901
2695685677
2695746349
2695876925
2699841837
3761008937
4046193963
4046327595
3778424587
3778423567
3816171790
1676957758
3820276798
3820258335
3820466253
3822493901
3814629836
3881804252
3881607660
3843867116
3845914989
3828223470
3827968494
4235077870
4243535982
4238739838
4238739726
4189527310
3650107150
1536173886
1270883118
1254170910
1254240286
1254228006
1270874407
1262489911
1262515543
1228994391
1212219223
1212283895
138509301
147012532
147011988
163789204
188889476
184686980
167910788
167867796
167798196
167835044
234945956
503429540
508672437
508803479
1047771607
779336022
778287382
778222343
778223111
795000343
1835048501
1814083109
1814279709
1747105309
1747113263
1747065903
1748180006
3895658534
3924953190
3918662870
1804737862
1786982214
2055286534
2055220998
1518349574
1522547735
1522607127
1539453189
465703173
146998036
138679076
138683245
138683229
138886093
138894301
138697711
407173615
457566667
440860106
180782026
181502666
181437162
1254138602
1228972778
1489019630
1489286894
1485094398
1216855295
1216789749
1221000388
1212564676
1208353988
1209402565
1209402837
1228281847
1240929911
1270171383
1253136087
1251016407
1255194621
1245754861
1245750781
1514381773
1514324301
1510162797
1514230061
1530929453
1497440557
1489187133
1489178911
1480659775
1212167707
1212167770
146882058
1220755211
1221009161
1237782345
1237783880
1267152200
1267143112
1272316360
198574488
264720825
264594859
247754154
247754154
235174314
235158954
101475722
101114250
102142346
370574299
928285547
928297769
928293673
1062512425
1031053609
1026924825
1024848137
1024786459
1024917563
956695850
969293162
428223338
411445850
411384394
411335242
1489305162
1480963918
1480954206
1480950270
1564574127
1598071727
1581753013
1581692548
1581685380
1980144548
1980021156
1980033188
1985803436
1985859805
1988030479
1986982175
2012148014
1978455358
1961686334
1961688110
4100906030
4100381998
4235646335
4233623263
4233492175
4241547997
4258326109
3184588380
3176201789
3159383853
3159365933
2631076141
3704753471
3566339351
3568447750
3572707650
3564318931
3560046835
3560112305
1144206513
1142056321
1146283905
1165154241
1165215169
1165067539
1432388899
1440787746
1440788258
1440853810
1466088978
1986170371
4129525713
4130572272
4130576368
4128485872
4128354656
4131430688
4131446816
4140884001
4141051939
4140986402
4160168034
4101321954
4101443058
4101377474
4101377986
3564576579
3570675283
3570413395
3566235475
3570457939
3620855251
3730038211
3729972675
3740720577
3740763601
3740653025
3730629089
4250722787
4229751139
4229686115
4235884130
4235937378
4235728450
3699124034
3715968322
3713932658
3755347442
3755412722
3755234546
3738526162
3734430147
3751203265
3751135189
3721715684
3713298404
3709102564
3709238773
3612761589
3621144055
3617014231
3617059287
3755340757
3746948053
3742742485
3742742359
3742874935
3742743847
3746870311
4149277751
4115723351
4115789149
4115904501
4250318564
3184957156
2916521556
2916587077
2941621765
2942090773
2805771813
2772231973
2906453605
2906477293
2889241341
2893431549
2901885941
2914272613
2947822647
2951752727
3220204567
3195104311
3195493439
3195423823
3220587727
3220600261
3184785397
3184587757
3176199151
3176199151
3205556222
3209816062
3209881598
2949840894
2949767166
2949701534
2907824031
2907963295
2769541023
2773734365
2773611517
2775970813
2775905133
2775906103
2774853430
2774888246
2775416102
2775342374
2775403574
2775538710
2774957126
2784427015
2784418837
2813773109
2797061396
3063280644
3069572356
3061185908
3073768804
3040345956
3023503333
3027427317
2767310837
2760963559
2760958455
2777932231
3084050902
3086086502
3077853542
3077853542
3040154990
3044491118
3043375998
3043376094
3051830223
3052874703
3052760527
3050591709
3050685661
3052912733
3086389533
3078009119
3077021983
2804196637
2804196381
3879185469
3984063533
3978255485
3978237405
3978172413
3978232749
3850175215
4160553711
4156298223
4156307423
4153683407
4124339663
3587567055
3579182541
3587628493
2513886541
2513884493
2643972957
2681525101
2681533039
2681532975
2647979567
2647975534
2648045550
2650101238
2490652150
2484098487
2484162711
3574780039
3574784135
3578978519
4149343735
4149343607
4157714198
4157845270
4159938358
4117995303
3044128565
3044119317
3044115220
3209806388
4283684388
3205758500
3205986836
4279729108
4279597541
4149507303
4155850918
4122886274
4122886274
4110315650
4101922946
4097728962
4097794018
4236013414
4261177894
3220007446
3219488262
3202703110
3194242831
3194045759
2683397485
2683397485
3216012781
2664461797
2656073189
3729810935
3729945047
3730198999
3595977047
3595916567
3614794759
3611255879
3581830215
3581826135
3573499383
3573499351
3590019031
3589896151
3590191063
3590191093
3590125029
3581736421
3581736949
3581794141
3581935455
3581804414
3581738350
3581734246
3581731942
3581793399
3579826391
3579793607
3581833413
3615388117
3615380341
3623769717
3623245397
3589625461
3589568247
2515822583
2515855351
2511730143
2516440511
2549929390
2541540846
2520568303
2520633727
3598709023
3606962461
3622692125
3589273404
3564107580
3560896349
3560890189
3565150031
3573407231
3590127102
3623679470
3615356390
3615478262
3615478231
3615478215
3615420869
3615420885
3614888277
3614949653
3614725423
3613717807
4117032239
4127058207
4110407965
4110403965
4109753853
4109760476
4127175628
4127167437
4151673725
3073691949
3056923949
3056987437
3057645863
3061668135
3061586199
4152108870
4118684294
4101902982
4105568934
4239458982
4239394214
4237309350
4258276487
3742393351
3677416711
1528868101
2065934613
2036574501
2040760613
2040958741
2040958725
2071367237
2063970005
2063920885
2063625909
1795256229
3909254564
3980549548
3988931756
3984606604
4290803085
4156614543
4139906702
4139972350
4140988142
4157701998
4126178670
4126243902
4109530174
4109517887
4109549583
4101226509
3564172557
3580946204
4115791676
4233289500
4233297693
4228115741
4232183101
4232437119
4249207903
4249351518
2068211038
2051499102
2051308670
2051292399
2051352047
2068264301
2068255613
2067993437
2034447229
2034251581
2034513695
1497657119
1531211127
1539734871
1539727191
1539759943
1506148311
1506605047
1506604405
1506652469
1497870644
1481019700
3624375669
3624189285
3624188263
3645159799
3678771318
3737638998
3737574486
2659636566
2659615591
2659615335
2660533989
2680479445
2617565143
2617366999
2617399543
3154254951
4233305191
4241693717
4186062085
4190317844
4181733172
2034245156
2030050852
2030059060
956378645
994324231
725888262
734276870
734279990
734345511
1003305271
1003240215
457980678
457473798
457506070
189134198
163951998
1501663614
1501664606
1535219550
1266785913
1267055208
1267071592
1531402856
1527188088
1527188312
419903832
419900504
956640329
956644427
960773195
960853339
692416859
725971289
726004089
726135161
726004089
734387577
734387065
734395257
692419451
692550491
692549978
692573514
692441419
692437339
692449643
692433769
692433256
692433384
700821992
684045288
684048088
692435592
725990041
709343898
709360570
705157274
705109130
705102026
705101914
705036346
692453418
683811114
679617067
679493183
679508511
696318239
734058519
994367574
419952758
419855734
135167990
139343526
143537846
143472310
143146902
1216887703
1216887221
1217346469
1216823204
1212548768
1208092304
1209140865
137572289
137391041
137390961
158432113
175265601
171110720
171102528
171163968
154194272
208725344
208726368
217119072
208927216
208861632
259193216
242408832
242401664
242385808
241210336
241214304
249602848
182493984
144749344
144749088
1218556448
1218687520
1222817312
1223857712
3363018288
3360923152
3369246224
3369246208
3386037760
2345846288
2345848689
2331332082
2331332086
2331793910
3405519270
3396082102
3395624374
3395753174
3391557846
3392221302
3390124134
1245716606
1245732990
1262511487
1228996445
1228995423
1262541663
1262607725
1229118829
1237507421
1237444941
1237384543
1237375359
1228987759
1224858991
1224922479
1224924495
1262742862
1262549854
1237384030
1270930270
1237440894
1237769582
3385251118
3385308446
3377243423
3360472893
2286795581
2555361845
2572007957
2572007957
2614083157
2614015701
2593116853
2592461477
2596622757
2588164261
2600730799
2600930495
2567051471
2567055439
3628214543
3636603151
3636607247
3653373197
3653501196
1271136568
1262756137
1258561833
1258627375
1258644862
1225090550
1229256182
1237643742
1237635534
1267003870
1271264730
1271398266
3418848122
3418708794
3414506267
3381033739
3381067545
3381040504
3385098744
3376710136
3406070201
3406149049
3389500841
3662130619
3661999258
3661999258
3678778523
3674657275
3674654715
3678850923
2605059707
3679201817
3679202061
3645124361
3645324633
3636860393
3632661993
3632530873
1485628860
1489823164
1497673148
2051390652
2047327476
973585524
973323300
973323285
973323333
973274183
990043335
994237910
998395638
998395630
998509550
985934638
994323246
945039934
1490434622
1486233102
1503006223
1502629407
1539599935
1531243903
1493499230
1481048014
1489425230
1485230927
1221017951
1212944687
1212948527
1208755495
3360570151
3368958503
3369015831
3368892998
3368958534
3397800518
3397829454
3397829454
3398943582
3398816623
3402946415
3389312363
2332347755
2282024283
3355764043
3360022859
3360092619
3360081883
3376842747
3376910315
3418664939
3401887737
3397690841
3402084808
3402072216
3657924776
3657793704
3657736360
3657736376
3674664380
3624303340
1476795132
1476790860
1482033677
1481644557
1481649951
1481914143
1507209479
1507209479
461844855
461648230
461648226
465838438
423896358
423902518
164052246
159791379
159791155
143079459
147159075
1220828498
1212536258
1212659138
1212659138
1221038546
1220916210
1216656354
1216721906
1267184115
1518777813
3670449604
3657866692
3657861276
3657795772
3657738412
4194610600
4194547704
4198667001
4198662745
4207051545
4206990649
4199595307
4195400747
4195482665
4195537960
4199698713
4194447625
4194505546
4211151578
4181862122
4173471402
4169534122
4170517434
4170467722
3633641866
3650399433
3670322392
3661931640
2583999512
2585112600
2585174061
3122045231
3143037231
3117860726
3101116390
2564116194
2555711202
2555710194
2551454418
2551524034
2555784898
2560505682
2577204594
2610693202
2596017234
2331262034
2322869362
2333354082
2333354034
3407232018
3377869891
3386258243
3369468481
3369353809
3369923312
3369919200
3368855268
3377245172
3411917780
3390421444
3390544324
3390479300
3393640389
3401831263
3402847086
2337345902
2303721574
2354119718
2354254871
2353210375
2361598277
2357404229
2290300661
2290163429
2294288101
2294292215
2311073398
2311073366
2345101078
2345039638
2345092374
2337587494
2303521126
2303500534
2303500439
3377324167
3377329541
3377462676
3372744629
3372638133
3406192343
3410441735
3411092230
3411097350
3413316886
3388153126
3387981094
3381718311
2306931989
2306970885
2344780101
2344781125
2320729973
2320598821
2319494949
2319492965
2319557973
2328016341
2319634661
2319597796
2336686308
2298884485
2282103681
2286301907
2286294755
3359971299
3369346514
3369348418
3368365123
3360109891
3361150273
3361101057
1213613825
1213450049
1213318513
1213244897
1225827809
1259447697
1242804608
3662841216
3662841220
3662908852
3658596260
3658526436
2583733860
3121734180
3121803828
3121742372
3127968292
2599691044
2595497253
2595568694
2593463414
2614381814
2581028086
2576798934
2576520390
2580656198
2571165766
2567036998
2600723463
2600660343
2613209701
2609273447
2593607207
2614382198
2614413270
2572456919
2557907909
2555819972
2555819712
2555492048
2566956768
3103843104
3103843104
3087168020
3155325444
3159511604
3169912359
3168815910
3181660454
3198437622
3202664662
3731152014
3728200846
3728142478
3728138382
3727876254
4252164286
4243773375
4239642367
4238466813
4238405164
4259374636
4267763516
4263634188
4263638029
4263760957
4264811823
4000439598
4025745214
3992190478
3983791630
3979723358
1832239742
1798661998
1786208622
1794576494
1794441455
1794179263
1802580111
1764893839
674375823
678627775
687164329
682974201
682978137
699756301
737437453
712794397
712794429
712860973
710899503
736055087
1775226655
1753734991
2023227213
4174747645
4165244901
4165252789
4165247637
4165264023
4165399222
3100037814
3100006070
3099924134
3168014310
3169848550
2632977462
2631998470
2632068102
2632066054
2359436566
2376282423
2376085781
2377126149
2377126917
2360345620
2364752980
3438757200
3430238032
3426014064
3425998688
3426195312
3426129728
1211547392
1228324673
1261944657
1245036497
1245034177
1513460433
1513456337
1513587377
3661026209
3665224673
3665257953
3665116641
3662949873
2589273553
2597662193
2597793265
2610238839
2340689270
2307143030
2307138918
2307157350
2307157358
2344910190
2344932734
2336720254
2336719734
2320466807
2605552469
2605491140
2604967380
2605032884
3108418740
3104215220
3104215444
3087455156
3154301621
3154540279
3155590774
3155577462
3160689462
3169110054
3181693990
3215250455
3198590981
3194413060
4196856068
4196844308
4197896996
4197938540
4202001517
4210316399
4210300010
2062816378
2052550746
2052481242
2069357018
2035807706
2019024331
2086133129
4233596825
4233469629
4241862332
4241860284
3973437084
3965043356
4015379197
4000674415
4000608615
3999559718
2933937190
4007740454
4024587286
3965871366
4235355974
4235687502
4233592414
4241981278
4258749790
4258553215
4258536815
4292089215
4292162015
4292096477
4283703805
4283725804
4250363900
4250298324
4233525124
2086066052
1548993924
1548964228
1548841365
1548968853
1412658839
1416808183
3571699430
4108438134
4104173874
4120947762
4158694422
2522984454
2523131910
2657214742
2653119270
2675061287
2675053095
2649818919
2628785441
2628785457
2628781360
2628781329
2356426497
2352297473
2285254145
3358987779
3430290002
3430355922
3438612978
1291583699
1157435539
1174220929
1199436945
1199420561
1177402497
1177394307
1177394374
1176867926
1445303318
1579520022
1579397174
1579261990
1516495662
2079519277
2077361772
2077441644
2051025452
2051025724
2047158556
973343772
978592828
979116093
986521919
982332221
982000189
982000157
445391381
181171734
172816230
172798438
189051366
1229238702
1233490862
1216713662
1485282974
1485019807
1485019884
1489222380
1493556076
1493567772
1527122188
1510353932
436610060
977679676
986133821
981808924
998537020
998568828
1002746348
977580472
994357688
944083389
952472495
2026356398
2026355390
2017901246
2013706942
1762114550
1778825558
1778825222
1778818055
1778811925
1778815029
1783009316
3930488868
3926311989
3926388753
3943129203
3910611175
3896312231
3900638118
3907454646
1755777694
1755781790
1755650815
1756379703
1754278423
1775249671
2067803143
977413135
985870367
985673791
1002452279
998260021
461389591
427884054
432060022
423670710
419468206
1480626622
1484829630
1484896190
1484897950
1484896949
1485028004
1480850340
1476549028
1476528260
1561476228
1597123781
510801109
517092565
445781457
445847504
445658864
449847904
458285616
456176420
456175909
959492389
942715703
946976311
944871966
940677686
957454966
2063702902
2130893254
2115123398
2115116182
2119304374
1607599270
1603405238
1603405719
1469068949
395323028
399517364
391129012
386979236
1429329312
1428402656
1348706673
283357955
283357698
283218434
6328850
2150966
2186806
2505510
2504998
7215415
7211011
16647171
14221379
9977925
10272789
31294773
50249013
107915573
107916305
103722053
372211909
372015236
372015260
1445958844
1563358637
1546575535
1559191214
1555840686
2092705470
4240188126
3703317102
3753386350
3753386350
3756589294
3748204687
3744018821
1562931588
1546154388
1547232148
1551885780
1558111572
1549253908
1567984949
1584764983
1580709894
1581169670
1581231366
1580901654
3749353254
4126836518
4122642214
4122709815
3048771380
3015225140
3008933428
2988017268
3004941044
2702963412
2688283364
2755322468
2759509600
2763574881
2780352051
2815981062
2740478534
2719490758
3793429174
3810144942
3812498878
3816753342
3790866622
1639200958
1672816799
1941316815
1941315662
1404510222
1370767374
1357145150
1088875798
1088878870
1082030358
1107164982
3348954918
3331895591
3600453908
3736764740
3740828880
4265118944
4265126112
3174738160
3157961920
3157959936
2889515793
2889581105
2889400869
2889409061
2901993061
2948255333
2947140581
2947041765
2942831061
2938898884
3073257408
3056217792
2792237008
2800485856
2813099232
2779577553
2779708867
2763448002
2901857986
2893346402
2905925154
2939446818
2922670630
2922653798
2926332134
2934589685
2931476676
4005231812
3988436164
3975849156
3967329364
3963135012
3963141156
4012497956
3995784228
3861544224
2787773984
2792229392
2800159312
2816752369
2783193841
3030850259
3031305922
3031307970
3031380674
3165615058
3166499298
3170689250
3168588002
3176125634
3192581570
3192580546
3188386243
3188455923
3189333479
3122214391
4202308805
4227466325
4227400804
4259853412
4234683765
3697880771
3697950338
3697954434
3697987202
3706359426
3718874771
3753682576
3739001344
3732726272
3731670304
3731115041
2665744418
2665883666
2657499138
2586184722
3677293602
2583645730
2577389155
2579478256
2579283920
2595531968
3124006080
4262956240
4261850352
3976638432
3972443872
3968247778
3834937826
3833381094
3761815798
1612243158
1611294150
1611279046
1611270854
1615530679
1619593894
3784842150
3803782278
4071231622
4068085894
3526951046
3529061286
3533513446
2998919789
2997746216
3064789528
3064769288
2523703560
2519498760
2619789320
2620793096
2619745033
3693483562
3697609262
3705932398
3566471918
3582225294
3599559566
3599689614
1452180367
1448772485
3594174885
3594056101
3594052004
3577274788
3558598132
3571092804
4103780612
3569006868
3568937268
3584600356
2666065204
2657870868
2653556757
2653815093
2520711461
2537361895
2499676135
3299217367
3300277190
3300133830
3300133350
3302239718
3289674726
1159058422
1175892422
1444327815
1442943111
1442873527
1442876591
1463851950
1472314030
1472457454
1438902862
1431502350
1414714894
1423360270
1421246782
3568668727
3589578807
3612386343
3591544919
3591536711
3590504519
3594604837
2529507108
2530552356
2547460644
2488740396
2424113708
2432501340
3501933453
3518681231
3552149646
3535324334
3527212206
2520533162
3611195530
3577671178
3560891914
4110341642
4106022458
3032002106
3166219822
3164118574
3180895791
3185091085
3172524748
3105415884
3910714344
3946565800
3946501352
2868824296
2862532712
3134158857
3120834570
4194576394
3657897994
3641574666
3704488558
3700032174
3701088942
3703055029
3703054996
3434635924
3426255292
3425272248
1294711192
1580968204
1580902668
1579854092
1579854093
1986702607
1986691086
1982759182
1965982030
1949221310
1953421230
1978653606
2008832166
1996236967
4133233799
4128514183
4128710789
4145414325
4099281317
1956512485
4106158613
3568132628
3568067092
3567576581
3567578645
3571903029
2623982133
2621295335
2635910134
3713854934
3713851854
3713396830
3713450022
3692556327
3692553511
3692523297
3713170225
1607687953
1589656833
1589650433
1329737729
1293287427
1276510243
1283326818
1291780834
78451362
78599810
78114434
98941826
115706242
115710386
116764146
1458875875
1458873697
1450484000
1451008032
3611082784
3560751444
3560593365
3560599287
3564821238
2499529394
3032080050
3082333938
3065554258
3065557303
3065549605
2533155381
2537349684
2520711732
3594391076
3594389796
4131338277
4134365221
4142757925
4143961125
1996455941
1920635269
1903858309
1882882693
1881756327
1882003106
1882012322
1882012065
4037818528
4037818464
4039064576
3518963712
3518783744
1352458528
1352462384
3499671603
3499672626
3503017250
3544880614
3524970406
3592083334
3594149510
1446645382
1461324422
1440430758
1469606638
1452830062
1454928959
1458098205
1449779293
1445634132
1445634244
1378546112
1365951376
1357562512
1353532051
1353532150
1357664742
1344545006
1344562414
1345743966
1412626702
1414712078
1422969610
1439755786
1473293834
1467065866
1601349386
3748829023
3713255407
3587491247
3587462589
3619952061
3586473389
3586600365
3520998831
3520996783
3502182846
3502051774
3506205118
3505189294
3504903654
3521678805
3521949508
3555503636
3542988308
2435757572
2167332356
2150504965
2150570789
2162440231
2158245935
2175024175
2209222719
2209222671
2192310301
2209105197
2213335020
2204929004
2167380380
2168389020
2165833116
2199285148
2198237085
2202431391
2202353663
2202287086
2202278254
2210684222
2194142222
2194138334
2195169438
2195170494
2195045550
2211813799
2169997717
2148960644
2151061888
2151005120
2149752576
3240269056
3273827584
3525484816
1386455088
1386455089
1387635734
1404351542
3520371750
3491028014
3493645358
4030285610
4030613114
4028519130
4039930571
4086067849
4086068873
3549191817
2442074777
2442017449
2446207657
2169449465
2236562905
2279421193
2279350281
2276728856
2193043512
2209812520
2209611816
2176073768
2161377320
2152989993
2155110267
2155772634
2155797146
2155776666
2155715214
2168240014
3325931918
3258888590
3527315850
3598619081
3598426456
3610815784
3577260328
2485709608
2485807656
2486053432
2502821577
4155442059
4138533307
3601666219
3601666219
2528907439
2533106862
2522703262
2233415166
2235248959
3291025677
3224048909
3496681756
1353392940
1370305340
1370239256
1371279641
1373393210
1360905258
1342540842
1342474298
1342474505
1343064840
1343195656
1364113928
3276535368
3284759240
3280474872
3281519336
3283751336
2210017451
2175414442
2176331946
2172388522
2170379402
2170448266
2169502090
3243105178
3238394762
3238457226
3242717066
3277153690
3277157866
2203543034
2205672922
2205476186
2205463834
2212863258
2208800059
2209856827
2192948521
2192948264
2197132328
2187691048
2183496760
2183640088
2183570489
2184619113
2453074095
2453033134
3541434558
3493204382
3224777630
3228971678
3228964510
3236372167
3232185924
3232049668
3236178436
3236178436
3236179460
3286621956
3265774916
3265757652
3265758197
3269821415
3270280102
3261379494
3240403878
3223644078
3223617439
3224723405
3275627981
3262004557
3270386957
3266208030
3266142270
3266113598
3270283566
3245117806
3228336622
1081378238
1081580958
3495336334
3512121806
3524769998
3526800455
1378258951
1378263045
1915199525
1931993381
1970200877
1978560813
2007893292
1945963580
1937517628
1396452380
1361913116
1345204828
1357251196
1354170972
1354170957
1354049103
1102343886
1135897550
49600926
37538222
37670326
54457734
20889990
4059542
7729586
1081471458
1081602914
1097327394
1139109682
1139092243
1139096115
1123490609
1119820577
1119685937
1119618421
3264755045
3268965477
3269251365
3269230901
3268183909
3284440933
3519329637
3552875893
1388614741
1388621943
1380233319
1376096303
1376157743
1913032763
1914102811
1880549645
1947625999
1947630094
1951812174
1962363614
2096387982
2096394638
2104775046
1599164806
1607889830
1451713254
1468343014
1434788614
1423718151
3564969749
3506387237
3505093413
1357602613
1357455125
1350047685
1343751045
1342768005
1347355557
1347158948
1372328868
1104097684
55456133
22426053
22491589
13902135
13903143
13907255
5650182
14055174
16185094
66565390
49779982
1123911518
1191022558
1190759390
1190891231
3338247935
3598235631
3598230381
3615007081
3598627193
3607031933
3607031908
3621654756
3579646432
3558613344
1410147168
1410273828
1411322404
1423916596
1436428805
1170111302
1203620294
1190955174
1451006118
1451005110
1585414286
1592426638
1592426703
3735720276
4293636388
4251493412
4230540581
3156863287
3156926006
3177897510
3212461606
3203924598
3201835614
3201835726
3203933182
3203933674
2666005673
2548636824
2515217560
2515156188
3588961500
3580482764
3563648076
3559437388
3559570508
1412087116
1430171084
1430244823
1430050294
1465730534
1600062950
1591674086
1593652326
1593599270
1593598258
1585275650
1600746242
1298813186
1282019654
1290403911
3438871783
3438815469
3438815596
2365073964
2358848056
2243574280
2277120520
2260207113
2192310811
2192331306
2209108522
2210222890
2214351150
2197572654
2197604406
2195576838
2195568710
2187181127
2254290117
2254413013
2256444628
2256444628
2256452820
2256451668
2389620820
2523904084
2524821620
2520758485
3040782485
4097748117
3829316757
3829304503
3829304487
3828276391
3828317349
1617901989
1617238453
1617247159
1617243063
1617242807
543500983
543375031
552801974
1672549046
1654719222
1654702614
1654693382
1654696710
1654696710
1659025926
1667414791
1617084172
1612887308
3760357644
3760635948
3760996716
3761055213
3761120741
3773631975
3837532598
3837540742
3835443590
4120721799
4154080199
4290390738
3753520850
3753587394
3753390658
3751305730
3751338806
3718029670
3716981223
3721178605
3691293172
3691363284
3691486084
3691416452
3708214660
3579237764
3588113796
3623683477
3615303079
1467884962
1467880882
1475805618
1442267570
1442173427
1442107747
1433449507
1462805523
1443933187
370248707
370318338
370338818
387083346
391544178
402055011
532072035
1992148515
1996273170
1449959682
1467982850
1564457986
1547672594
2084559922
2084510834
2088703846
2096566886
2109473383
2140930669
2123891325
2144876108
1566059212
1574628044
1576791004
1576577484
1559801292
1429779661
1461425231
1998229518
1998487830
1980662566
1657176870
1654030631
1653510164
1724755988
1712107556
1695342820
1678729444
1678647716
1679688356
1681326757
1625555631
1622409903
1637155518
1670649546
1670674122
1670705098
1741793610
655591434
1729136651
1729148955
1647610937
1667675161
1663475737
1663475737
1663496217
1668730991
1677115694
1677607214
1677537574
1668030822
1669079526
3783074278
3783132047
1624904335
1623982781
1888229037
1888229037
1888304829
1888304861
1889303117
1419569677
1440017677
1461054477
1192688653
118912005
85328133
21430563
4662115
4662243
12986019
13092531
281448067
1373020035
1398181761
1383566721
1379778033
1916576801
1920770081
4064059425
4064059425
3794723895
3811458279
3782097319
3790473895
3786345125
3786870421
1643386501
1632903813
1630806661
1629499623
1633701999
1642128430
1638198286
1906613262
1944357902
1936032783
1936626703
1936651549
1409219885
3590217519
3586009654
3590203926
2239707910
2239707910
2172325158
3254457654
3250262998
3250131862
3283710869
3283674020
3266884516
3261628832
1110016480
1110147364
1111208196
54226188
4073740
272517197
272550349
350673293
1956809612
1956677516
2007020172
1991291468
1987088936
1982898728
4132480808
4132482344
4141004844
3067271213
3058845743
3054635070
3193322782
3210087998
3036550686
3036557830
3032101446
2628396742
2628257446
2628258222
2565347502
3626514622
3359123598
3359320206
3644566734
3655050254
4187526158
2073591871
2056815916
4273513780
4201162548
4197036336
2049544496
2067419616
2084176096
2084180128
1948913828
1617563111
1621756734
1890191886
816716367
330050253
313272205
49045901
40665229
31228344
8683948
8696237
277134767
1350999278
1430436063
1444064463
1445113103
1445369357
4130243084
1982759484
4129858092
3861423656
3861423720
3999835881
2934486442
2948105658
2918892746
2904179738
2937783338
3073909803
3073909800
3086624044
3082433324
3216638508
3216638580
2677543620
2660771716
2599972261
2591571111
2590771366
2670663830
3710789766
3694012550
3697944966
1550461318
1550321830
473433510
490209422
504897678
370680202
375185913
377352553
392557865
292006201
6523194
6457626
6469914
73574666
1148234506
1162905354
1169523466
1135510074
1118732842
1118474813
3282743820
3349854180
3580399012
3560487332
3558455716
3560618436
3560615749
3560636163
3559909122
3577607986
3581793058
3615408418
3623797043
3619607347
3619672851
3623745299
3623648563
3590093171
3581704695
3711777015
3745332438
3743356118
3747550422
3732878582
3741283574
3757962614
4290557239
4259095829
3185354516
3185557044
3185546804
3185554996
3210589732
3210539556
3206292068
3172741861
3177058727
2631794854
2633958562
2629635298
3707046130
3698792642
3428198466
1276520770
1275490243
1145521091
1204224899
1188438403
249442691
1325269395
1190003107
1181700583
107802415
91024175
74230573
74230333
75278863
75275791
71074319
71074327
71205143
88002887
125751507
106613937
117165233
117177521
1191179441
1191178369
1181204609
1177014417
1177899505
1177883491
1105536615
1352871463
1352739431
1352678119
1352956655
1358229423
1360306606
3541348826
1930928586
1930731850
1934918010
1903988202
1887238634
1887386031
1887320493
1887320492
1904093612
1937122700
846660556
853934924
853803324
853545277
853565727
861974551
824419359
824354079
807582015
880249663
609586047
608209853
608275421
759334623
767734647
2143461654
2134942982
2113971478
2113973558
2114166098
4278375891
4278375317
4257371812
4254469796
4238150308
4239919860
4235733956
2100833221
2105289189
2105282023
1039602902
1068703902
1068707998
1070600350
1069551750
1061167286
524349806
1036103998
1032958267
1016181048
345223480
349417784
341288248
337099800
336960520
269847560
1525768
290850825
316016907
316017658
311831210
318122938
309655434
305955210
841777546
808354186
808358795
553562809
1625076460
1615639076
1611443748
3810041380
3793464884
3795512868
3879365925
3883541543
2914649314
2897872022
4240049302
4240055446
4244580798
4244384686
1954294718
1979459982
1610558863
1471963341
1469898831
1474068491
1464631593
1426891049
1426891309
1423618607
4103767613
4120546845
4120545661
4124740077
3071846829
3055069615
3055202191
3055453903
3860759247
3865031295
3881693805
3892176237
3858621549
3850204245
3827111109
3827107061
1679622327
1679691943
1683371495
1687619301
1687504501
1956113921
1955917569
2094312449
2098506753
4279544881
4262917139
4128690498
4133372610
4143579874
4160423586
4126684834
4126680758
4126680727
4124595591
4124896663
4158434487
3873290469
3873282108
3892090908
2809441292
2804786972
2737828380
2687373884
3761115704
3761115688
3761053224
3769371368
3768846506
3785627834
3786700986
3786734746
1643427018
1628812298
1628868618
587636746
554607626
554585898
554568298
554568362
1694894762
1741033130
1737360046
1955332526
1955336582
1418469509
1150053508
1150151060
1147136416
1149163680
1097783456
1122401472
1118204101
1122156742
304185462
304127022
841001262
1663085355
539011641
543459896
1617265176
1697415689
1731756555
1849197098
1849225002
1849387054
1782200366
1780090926
1801062446
1754924086
1754923030
1757020470
2025521982
2025333517
1488511820
1486399436
1489542092
1481223004
3674843996
3658201868
3658136143
3725235918
3726295694
3592028814
3615097518
3585741742
3567858094
3567785133
3702013100
3706202244
3693619396
1546266628
1278097412
472786944
472198160
506410064
506335681
443159169
451543681
452461219
448267939
446194339
433623847
417956151
418353471
409444634
140750106
140609850
141671226
155310906
163793626
159599322
193122826
193131274
1266843913
1266712872
1266721064
1262530876
1258324504
1207993884
1207999068
134326812
134326837
138648102
256022886
369278198
1447460998
1380876422
1381662854
1381663110
1379571330
1932180115
1881783009
1613281825
1614327332
1614324772
1612242980
1612275729
1880764419
807014419
807011554
809108898
821626531
279711395
313335443
44965505
45039233
44897921
44824323
15463170
3138322
2941730
2941218
70230322
124421399
241930005
1315539549
1248639709
1244445289
3392973417
3665082987
3671889515
3684627418
3651035610
2291015866
2290819242
2291867818
2291667114
2289566954
2285440346
2302356746
2302356746
2302371082
3363562762
3437858058
3437792713
3429404073
3446247336
3442182040
3479868040
3479876232
3479868296
3307848680
3307860328
3291112488
3291114552
3292194844
3573213213
3569006973
3585777151
3619194847
3606610895
3593175503
3594170847
3594166495
3594182910
3594150126
3598394606
3598390766
3598661486
3732738682
3741135450
3604755019
1469854475
1440490249
1423894280
1415511320
1415482744
1413058008
1966652872
2000203208
1986561432
1986758072
1982497192
1982505384
1982636504
1714262360
1714324777
1718519081
1735372075
3882724651
3878527259
3979321611
3962482955
3962470701
3962536749
3962429229
3962428964
2888685092
2892886628
2893836900
2893828844
2893828844
2902226668
2902224893
2919006205
2913947103
2913947102
2918012382
2951705802
2942727370
2925952218
2925886698
2926935273
2927033561
2943806664
4015449288
3981895496
3981955704
3898590840
2902443545
2902445615
2902253103
2910647919
2909595375
2938925566
2938454430
2942763418
2910257594
3992262058
3990301102
4023855550
4024248478
4003281118
1855790110
1858016270
1858035727
1862262799
1048240143
1048244239
997113863
959400967
943540247
942475383
942479854
946813678
678102782
686494430
954807006
2025403038
2025415342
2023290542
2023287471
2022222525
2026416796
2018093724
2098117260
2131664332
2114307276
2119517396
1985348757
1981162679
1981162662
1981161894
1997931430
1951597190
1955684998
1955652310
1955637046
1957733638
1960881158
1969601558
4133927959
4133919750
4134440214
4142844710
4269623846
3193712366
3172482782
3155900110
3160019662
2629436270
3165128494
3030914350
3047705870
4155042830
4142509068
4075533324
4092309580
4083912908
4045963420
1663599772
1664781756
1645911468
1644866988
1644793324
1649399247
1650390031
1649864719
1647763469
1647764509
1734864173
3882217260
3857704492
3991912988
3832496648
3832480264
3828286155
2754414266
2754349738
2758547882
2762741930
2762758314
2779741338
2813255818
2814238922
3065876681
3061686376
4147945768
3877430568
3860848424
3860777528
3860749080
3860753688
1719493913
1719422987
1715224586
1718567002
1835975930
1827589626
1827594122
1760517770
1777172106
2095855258
2087461546
2083267498
2083333050
2088702398
1560221102
1556037030
1553407986
1553219394
3700696834
1284825858
1289003266
1339535634
3738603826
3740696835
3602811968
3740174464
3731458192
3727198368
3190597792
3207390628
3175015325
3179209613
2917069807
2912741358
2916941807
2908593023
2891946527
2891889167
2908397087
2943983167
2943923775
2927141407
2927157805
2792911660
2791834412
2787641196
2808680380
2808814524
3815381421
3823699117
3790078141
1625821339
1623077003
1954947274
1954816202
1954838538
1417984778
1954851610
1959111194
4291209738
4002327054
4002054671
4003103244
2864349756
2856038956
2855838252
2872615468
2839195180
2822422060
2839269164
2838024045
2875737583
2859008511
2859074047
2875916798
2850754970
2833985946
3907730842
3903535546
3903797434
3903797434
3904714890
1771841738
1804365003
2056056009
986686665
986686668
978104556
973911148
2047652966
2047784166
2047784166
2064578022
2014234454
2018395718
2026849858
2023478898
2023358306
2042166561
2042149152
2079897616
2067302400
2067433472
1799003136
725274624
725274640
725180464
723083316
689512556
740241576
740232616
746523305
620710585
616549019
614963851
1688582794
1692710538
1684050570
1696633498
3877737194
3861029610
3861111407
3865110063
3865110319
3881887021
3881882925
2908835117
2917358909
3991043383
4024598295
3974321938
3966850818
3967121170
3967112466
3975496818
3976060003
3976199409
3971934417
4009687488
4000241984
1852754176
1714243856
1714191392
1713644576
1717838881
1717842977
585503859
585518210
602295426
569330818
544169090
544176531
544176563
553478561
553413028
620587940
620592052
619543444
619572181
619704277
610926583
627638135
627634022
761917302
770305846
770397970
745083154
610873618
611136278
611267126
611196470
619121182
883366430
883243534
347417118
347421262
345276110
344257166
92570526
25985454
26051045
76527076
80668128
68052976
68036560
67528400
67527632
67495920
79751024
113362688
113413632
105033216
104967696
370206257
386983201
357623075
366003303
398509158
373443782
1447226822
1443016134
1443016646
1983954790
1983943982
1992327470
4068770622
4068975390
4068975486
4073054957
3523556012
3524133804
3540910492
3491365020
1358564540
1891502268
1891383452
1889282508
1365010892
1394405320
306115016
305586632
305549785
310313449
299630953
819730219
817639210
817658666
821853994
821886778
813561098
293532427
327078859
308266937
307032745
315380648
315360169
332136939
273617018
274604042
276701194
8269082
16525626
14437146
27053834
60458826
60723657
329101704
333226392
102542776
102668728
102144152
102152376
370326781
370249759
372277262
505511967
2116464941
1592172845
1554162485
1558360581
3698755143
3696592583
4232873638
4241288942
4236570350
4286902250
3197394922
3201764810
3732800846
3728605646
3745448158
3711173882
3711184090
3699321034
3707644106
3703499211
3703480139
3702227727
3702030861
3718808093
3723014765
3714638445
3693634541
3694801901
3694789037
3696886207
3701342655
3566669951
3568579647
3572765755
1432669195
1176804363
1176873225
1446291721
1450555417
1450682425
3593839672
3594293272
3594305625
2519351547
2506752490
2498372266
2495226606
2495283950
2493010686
2493047470
2493031087
2510074797
2547813804
2233257356
2232732108
2218188228
3291900932
3291882500
3289785600
3696637201
3430298897
3430309137
1282921777
1299707331
1311237571
1177012099
1177012099
1180878515
1190393762
3333547938
3599820194
3604014498
3335579122
3327518198
3346527506
3296710706
3563962658
3572023587
3572027683
3572086067
3563693847
3563765255
3580533445
3597310661
3605957508
3597438900
4269594020
4264846244
4264834028
4264964732
3728093756
3732808493
1458382127
1454124070
1454124070
1459098646
1205534727
1171918853
1145725125
1145725324
1146773388
1147030149
1155451541
1084082853
1084029613
3348948671
3334267278
3338191294
3330077099
3325862314
3594298218
3581780506
3573260810
3572208154
3572073018
2489946666
2489892394
2485705258
2620971579
2637756923
3711662249
3749321881
3753509000
3718971529
3752460441
3740151979
3731759530
3728613807
3460179359
3462354381
3462167821
3462196489
3470585128
3468012328
3468148537
3467023643
3468137758
3467935790
3462169646
3456926766
2383316214
3474912454
3441352838
3428761735
3439280517
3439153589
3707511204
3705415588
3705417380
3697098468
3562823268
3560758804
3560763140
3577605380
3615489028
3598685188
3353314308
3353330724
2275398693
2246046759
2363358262
2363291694
2363353390
2380230438
2329887606
2329871302
2329871246
