627964279
627964279
627964279
627964279
627964279
627964279
627964279
627964279
627964279
627964279
627964279
627964279
627964279
627964279
627964279
627964279
627964279
627964279
627964279
627964279
627964279
627964279
627964279
627964279
627964279
627964279
627964279
627964279
627964279
627947895
627948919
896382390
896382390
929935798
929935798
929935798
929936822
913159606
1982708918
1982707895
1982183607
4129732823
4150704343
4152290679
4118668599
4118803263
4110373695
4108145535
4108154749
4108089341
4116471781
4116537061
3041877653
4116608645
4116673159
4116673431
4118630903
4118630902
4118640126
4118766975
4127157631
4127026495
4126506303
4160091487
4160083279
4151693775
4149604831
4149731839
4283950575
4292343279
4292335103
4292203999
4116051807
4118640479
4118640511
4101855101
4101855101
4118631933
4118631933
3086874109
3086869981
3086869853
3086873885
3086857533
3044849469
3044906557
3045037597
3044988445
3045054077
3044923389
3077953005
3075855597
3075986687
3084251255
3084247159
3075858471
3078086966
3078051102
3078053246
3044493814
3044477430
3044416470
3027644358
3036036806
3035956982
2494829558
2511610838
2511610199
2545181045
2545181024
2549399840
2507522356
2507666692
2507582724
2541075716
2547297572
3067391277
3059068269
3055015903
3071723471
3071723471
3038135775
3038123519
4118226431
4126418047
3086230911
3086316911
3086472703
3084252639
3050632653
3025514893
3024597893
3032982165
3032916693
3034035813
3025509925
3023359781
2771701541
2805331735
2805363470
2809549598
3078033726
3077837934
3077839982
3044284654
3044481278
3050715270
3050712454
3029821062
3046359702
3046359702
3081863831
3085996725
3061097189
3056902757
3056969237
3057057301
3073539895
3072818471
3076785447
3043295279
3051814941
3051499533
2515673101
3572839453
3570752573
3570892157
3570919773
3570854861
3579247565
3613302471
3613361863
3598549959
3596481494
3592283126
3592283110
2518540782
2522736111
3087006959
3082804477
3082802261
3053319493
3053318405
3028144949
3027096357
3027097381
2490234677
2508056375
2675930391
2675922199
2671580279
2669483127
2675836023
2650686807
2646497111
2646603591
2646472399
2650668997
2639593461
2639584741
2669008373
2635584981
2639779797
2639655893
3042304757
3042435815
3050821351
3051345911
3051157495
3051159031
3042770405
3076322805
3059611093
3061839829
3061765973
3061761909
3061696373
3078444405
3078583575
3078581527
3078585623
3078585655
3078487350
3078479158
3053319447
3053446423
3047077125
3047130389
3053291380
3044849380
3028072164
3023429285
3044396709
3044396709
3044409255
3040148711
3040105525
3043316789
3043323925
3051773956
3085329669
3085331813
3085393381
3053210085
3053210997
3052227925
3035526661
3034997255
3035062791
3026477615
3042989615
3084963694
3220229486
3220240494
3203442814
3211836510
3176316238
3172134222
3172132302
3172103662
3212133735
3212067175
3220521077
3220661317
3212272708
3187008612
3187072356
3182872020
3182872261
3186947791
2507466495
2536797934
2536787694
3057081838
3061312606
3069700190
3065371678
3065502742
3069635591
2541153285
2503402500
2486589204
2486567668
2490827492
2490697376
2499032736
2494840480
2511691699
2511625650
2549415090
2539965666
2539969778
2502360530
2502340546
3022433987
3022454483
3022444243
3044528707
3044402006
3051675942
3051680806
3043288102
3043355670
3039263766
3039185974
3040234774
3078511902
3086909214
3082649374
3086776094
3086284063
3077895231
3077951543
3076509791
3042956639
3042436573
3050792949
3050794997
3042402263
3042402199
3042268599
3024385463
3024385463
3024484246
3050764247
3050755799
3082278645
3086350165
3077861652
3073667380
3040104548
3023385956
3027707236
3036557173
3053399895
3086958423
3607058246
3607086854
2550120710
3590181126
3590186294
3573409143
3573415287
3565018615
3575438839
3609023959
4146034119
4145967575
4152259061
4156445029
4156379941
4122768181
4126467863
3581210391
3611098455
3611294847
3596514559
3604894941
3604959453
3621605853
3621590493
3579656157
3581882333
3590287103
3590158078
3590182894
3588084590
4124873086
4124872990
4150035471
4149777439
4149781567
4150174997
4114527511
4114535767
4112435191
3038660583
3042924519
3042793447
3042727911
3084679031
3067966999
3067942407
3067876951
4133303927
4141688823
4158076407
3050640543
3049587871
3032810653
2496091293
3561453023
3579313631
3587569503
3588093215
3621582111
3621577759
3621581885
2541745197
2659112237
2659108149
2659079959
2673833495
2640279062
2623469078
2631914006
2631783254
2627531254
2644304102
2677842095
2547811501
3059518620
3072297100
3038689740
3040263116
3040262748
3040345660
3027564092
3044864540
3043848764
3052237356
3186385452
3186382636
3182217005
2914830141
2919038847
3187474415
3111440366
3111440382
3110363134
3110411262
3106094078
3106089438
3111200894
3111192631
3113310231
3113446407
3147033679
3146902735
3146886655
3218119151
2683341295
2669792221
2669890525
2637331036
3174198044
3174231820
3184717077
3182619941
2914027559
2914027574
3185871126
3177483031
3208026647
2939596293
2939612693
2937515557
2937511461
2943732581
2947860855
2946812406
2950978038
2909625302
2904965079
2904965079
2904964597
2909025781
2917401844
2913277173
3182900469
3182832791
3182913718
3182753974
3182745734
3179072902
3174473606
3205938822
3205935046
3204902359
3204771191
3192155509
3192350021
3192284997
3201725271
3201713143
3218555366
3220652534
2650227926
2642400454
2625633478
2621373638
2621373510
2642405703
3716016981
3749538677
3749666677
3732755959
2667409911
2667434454
2667566034
2683229170
2649670642
2632970579
3169686897
3170672481
3170680416
3025972848
3042765508
3038767829
3076521383
3076381862
3076277478
3075817718
3077988550
3077989446
3077923891
3077925937
4151704593
4151703569
4147640401
4152293697
4152287169
4127117249
4127049587
4118597923
4097630243
4097597478
4097663014
4101857574
4108154150
4107028070
4102835959
4107081431
4123866821
4123862989
4258080221
2680514029
2681167213
2681175421
2682257247
3755999054
3755992398
3749699918
3749433678
3715875326
3715879407
3715888623
4252757231
4235852991
4233755839
4250459647
4250652639
4250597087
4259046111
4258853503
4258853415
3178783271
3044565798
3073992486
3061544294
3070186598
3068087382
3084864582
3084352583
2513894741
2488794900
2488661524
2490750484
2490881556
2508117508
2673858117
2547906419
3084711267
3084711398
3084703206
3042956758
3042891206
3042899015
3026189397
3021798757
3021798756
3021860708
3038768756
3042860660
3076409044
3084797636
3080672193
3080016849
3046396387
3050599906
3052762594
3077930470
2540985446
2522176631
2522315783
2522311687
2522178823
2546431767
2542204711
2509690402
2492847650
2496976674
2490652019
2637679955
2671168835
2520186323
2524380627
2524380609
2520184257
2520675713
2520732817
3615314081
3615323297
3588187313
3588189329
3621729729
3613209937
3615306529
1434198817
1417421621
1157439765
1157574935
83825942
75439558
71252102
71252118
70715526
124061830
115411335
115560341
111400533
111276564
111190565
111190573
115385133
115450671
115515710
132285718
1172802870
1164819830
1433386326
1416609111
1416600855
1424989491
1416475937
1412281649
1412297777
1413315633
1412250721
1546599905
1550794145
2091797937
2091802497
1605330561
1605236355
3752711810
3735920562
3736049058
3735860643
3068964323
3060065745
3061814737
3078617056
3053315680
3028088416
3028088544
3027039985
3077428851
3077527155
3060618610
3060553202
3060561138
3076809842
3078059126
3052862550
3052862534
3053419783
3086313751
3086317879
3078035734
3061259543
3061256215
4152176710
4051443798
4038930686
4038988138
4039050025
4037804585
4033661449
4097616393
1948035656
1948035785
1946978955
1678020234
1678082699
1829077643
1867940857
4017529640
3934183720
3934183740
3930056476
3929667389
3948475949
3914987067
3914987034
3897094746
3897094906
3897095162
3897153514
2823407611
2823413369
2824470137
2824601113
2841312792
2841368072
2843330073
2843525689
2909586297
2909586411
2909590507
2909622779
2909630907
2909626811
2919065019
2919195835
2918143131
3991291097
3890631881
3890668617
4024951835
4008178747
1861669947
1861677083
1851252763
1846861835
1863675979
1830158539
1813907115
1818103467
3971947177
3971758761
3988531848
4020006600
2946295240
2929521112
2929717624
2929107289
2947981689
2945885051
2916528746
2908197482
2887108330
2903888858
2769678558
2803167406
2805223598
2809611438
2809545886
2784910494
2784898462
2768056222
2767990734
2783784654
2783913566
2812745270
2812547639
3081007927
3085201703
3085300087
3076968791
3078018119
3067475015
3067407367
3075861527
4149738533
4147567909
3040235309
3173404477
4285419037
4285497117
4285361941
4278150407
4278146311
4275523863
3210047799
3210047798
3176625974
4258756406
4259282711
4261305863
3757526533
3740618261
4277434149
4275893541
4267504997
4267570293
4280284359
4229883335
4229887943
4095399639
4095467223
4099530455
4099538677
4098686693
4107075301
4123817973
4148983765
4149049157
4132271445
4132246887
4132246631
1993161830
2010070134
2010070102
2144238662
1607357510
1573803331
1573909827
1573770577
1573770737
1573248497
1548090867
1543896531
1544027602
1543994834
1547924946
1547916786
1556305266
1556174195
1556182387
1556215121
1556215249
1556346353
1547826675
1547826675
1564595635
2101597619
2135152051
2135152049
2135029681
2118248336
2118346704
2119399408
2119251936
2119188321
1607479073
1609575203
1607481651
1607481650
1573993522
1574056962
1574048003
1288847619
217498435
217499603
217550803
501714387
501587345
1601543345
1601551539
1584506035
1582359715
1582325987
1582375395
508633955
491860515
341258803
349647411
351739669
351738133
347937045
79443989
78392349
78177549
79213901
33326479
56395182
307017134
307008934
307205526
308187526
375296198
1451143366
1988011111
1988076581
1920984101
1669321780
595428404
559711284
538219573
538309653
538442773
537386023
537386023
541449519
541969709
567070509
558681437
592239965
592301437
592305277
558881901
558890349
558890479
558882303
558882303
592444863
592313791
575012287
575110591
575110079
583498687
583499453
1675067037
1675067037
1641506509
1641506501
1624600151
1624604247
1624579922
3788783474
4057218930
4057300835
4090986353
4086751168
3013009344
3013017536
3017144256
2983523920
2983523952
2983523879
2977232422
2977223974
2977219942
2977289334
2958480582
2690053574
2690117063
2688924631
2688850933
2688924533
2689055541
2705784596
3809932801
3809964865
3793036225
3793039841
3795129761
3799321763
3869706659
3869641171
4138090434
4138100546
4142228802
4150649154
4117229686
4100441446
4100441462
4100317014
4101369462
4101369406
4101373742
4101299519
4126438495
4115952733
3042210940
3042260332
3042391932
3041269340
3049722460
3050644092
3046450040
3046449529
3180672346
3183417418
2679904362
3757840490
3745253418
3727558666
3727566602
1581130442
1576936139
1553933000
1553408664
1557451420
1547739836
1476439988
1543551220
2097195028
2135005188
2126682439
1980939846
3859976902
3862069958
3811754630
3811984294
1630805158
1614031014
1618226342
1618096286
1617043854
551691167
547566331
547361323
547369499
547413771
547400459
547391755
551917851
543660811
1617861385
1697022537
1730577097
1982235279
2117517983
2000036526
2000036838
2003838438
2012286326
2008093782
2008100950
2008117319
1991307341
1989259276
1989261324
1992534044
1992538156
1715575084
1711315244
1712371004
1712627981
1714864415
1849033006
1865810222
1864827238
2103772006
2103786086
1844783718
2109549286
2109553366
4289534919
3685501383
3685504454
3647738310
3358527886
3362394614
2292855270
2292789735
2292721125
2292739556
2292771316
2298006476
2301135820
2352589444
2373627532
2382014132
2382014119
2356728482
2352759458
2352747186
2621186210
2620723426
2485534838
3563475974
3580291078
3613845510
3609389126
3592853702
3592804598
3593788846
3604272094
3602236107
3534701177
3534496300
3538690668
3530301996
1382813740
1378697260
1379287080
1379292168
1379331081
1377283083
1394052110
1930857758
1900971275
1909437195
3784148553
3767439048
3767443144
3763248808
2685381288
2685183720
2703028936
2702989000
2705081705
2741793835
2746051627
2729409578
2729340942
2730389774
2732483086
2988270142
2987221550
2987210606
4060952942
4065269886
4073658463
4073674767
4073675791
4073542927
4065088079
4132393679
4132328191
3620631535
3721336319
3704430039
3704568006
3705617622
3705082998
3721867574
3721863478
3755303262
3603195230
3603753471
1473047005
1401908108
1372486284
1372523164
1343751868
1343755196
1342710188
1343041709
1347223725
1355759785
1355272440
1358212152
1407498296
1390717720
1382328856
1390782984
1923525128
4071011849
4070998538
4075717178
4068377386
4045112298
2954622894
4028301190
4028299654
4027316694
4031306230
3771234550
4039670898
1908964466
1942578194
1934320722
1917461618
1917531379
1917418739
1934193809
1934324865
1934251136
1934250112
1942733184
1909180116
1909186133
1910241877
1901685335
1364749014
1364814838
1364951014
1373329398
1406997462
400380886
400381783
383737111
383745077
385838097
377318417
376775681
238494787
238432339
257294710
265749222
261560038
95760038
96332435
1153301123
1153284737
1157472128
1157471616
1149089744
1149085392
1148053089
1080911459
1097809634
1131364322
1131362722
1131236514
1399704739
3513748609
3513685184
3496981824
3496848896
4033719824
2955783696
2955778576
2686828080
2691022368
2690956833
2758065955
2782973414
2791361766
2791398582
2787186870
2787326130
2787261618
3860999378
3865193938
1919040962
1927691714
1923493314
1386626370
313408835
313473347
61802819
61544707
61603075
65641729
57249041
325688592
1361689872
1365884208
3496582432
4041972256
4033853984
3027221008
2758785600
2758646464
2758119140
2758057701
2766450663
2766194150
2808151270
2791374054
2787243254
2787341558
2804049142
2804032726
2774676946
2774932946
2783320530
2783394242
2779200450
2779197250
3030810370
3031389954
3031398146
3035621123
3043884883
3074226977
3078224416
3061553696
3069943616
2801506112
2818160448
2809702176
2771955552
2755256032
2759577329
2759843573
2768039911
2783233510
2783233254
2808118502
2808110182
2804235382
2804366454
2808489042
2791712082
2800104786
2795968338
3064411970
3065462598
3065855303
2533178695
2550086981
2508135877
2499771853
2497445325
2493235164
2493104092
2493038460
3050872684
3042479916
3040386860
3038560044
3021844012
2753474172
2752427724
2752423628
2757732076
2757007341
2784265711
2816525542
2808208614
2804014326
2804020478
2804151550
2770493566
2770493790
2758177118
2691109726
2699506458
2699375386
2716153659
3790946075
3824492315
3824491787
3814010187
3813960907
3779873993
3779939545
3780074968
3788495352
2710429176
2743984088
2743449176
2743448088
2747642456
2747572856
2748686952
2748752489
2784072559
2784018926
2808140030
2808148222
2804011262
2804117754
2736926970
2703368282
3781304666
3781300506
3764850970
3773248778
1625636122
1638219035
1638153483
1638141195
564925707
564933899
599573833
602703817
1743554008
1743101336
1743101336
3882196376
3883384472
3883316888
2809569976
2773656248
2773721768
2773656296
2773656297
2775688171
2775613934
2774651118
2774659190
2770432126
2770563198
2753703998
2753699870
2758156570
3831894298
3840282906
3840349450
1688671498
1705458955
1739011339
1723143435
649869065
918300425
919893769
936679193
661950296
1735692120
1735695320
1735695320
3883245208
3878131352
3861353112
2804257464
2804257464
2808525480
2774966953
2774720939
2816528618
2808180974
2808164414
2803970106
2770546746
3844219962
3827442714
3831641370
3840283930
3836181834
3836083658
3836000651
3835992457
3815541641
3794767496
1647236744
1647211144
3794412264
3798671977
3798475305
3781699369
2699564089
2695486505
2695470120
2695666712
2712450376
2717692872
2740749000
2807399080
2807464619
2807474090
2809589230
2808309870
2938189870
2938452030
3211148382
3219531214
3181781454
3181851070
3165918654
3032231326
3032235423
4105977245
4109163660
4113339532
3846018188
3879511180
3877416012
3860638236
3860703788
3860765228
2805374508
2737737260
2737817148
2704137772
2707737900
2783235180
2779106540
2779184340
2780228821
2784421093
2816525542
2808135910
2808172662
2787184694
2787192894
2804035642
3844218938
3827441946
3965850906
1827019034
1822898458
1822767386
1839544586
1990490378
1991035338
1995211146
1445495178
1445630362
1445630362
3622482349
3500843948
4037714596
2969282196
2960768612
2956507684
2956769828
2956765748
2960636420
2717301253
2700582759
2767491559
2783216102
2774569190
2942431462
2938368226
2921492722
2921472082
2921472338
3995218290
3999601462
4024709950
3991155514
3970183483
3970182457
3971283224
3985946888
1854187848
1858382280
1845795272
1845790152
1712816201
1714847771
1715372075
1715396651
3862880299
3883815979
3984476539
1827621371
1827621851
1844403163
1845329867
1845360586
1844835146
1878386010
1870652778
1837098346
1837061242
1837061210
1836937419
1836937691
1870623225
1870608381
1879004908
1877823212
1845321725
1844801437
3975540111
3973571983
3973510542
3839346574
3839219390
3839223470
3965058799
3965026045
3965024861
3967036029
3983813245
3992271647
1702174543
1697986015
1697657342
1680945663
552804847
546447853
546308461
545259789
545317133
817930509
805417229
805550349
1883478797
1883343381
1883605748
4044327573
4061043333
4061041285
3054416517
3058086821
3067519461
3199706593
3216493905
2952265025
3178556689
3157654832
3157775664
3157685072
2893505525
2910139109
2809402087
2817789606
2817793958
2817808806
3086244022
3069499606
3061176390
3060202567
3059903751
3059901701
3059836197
3059762469
3059745063
3211071795
2624025971
2625009619
2633392067
2631323075
2631391683
2634017747
2650667891
2684215155
2666393363
2541544723
2541544787
2675241058
2675298402
2641875302
2650264934
2683821415
2683689329
3212171521
3178756865
3178674945
3178741521
3178737425
2910301971
3984039186
3983903794
3979838498
3963089954
3962957858
3962949682
1748358198
1746265382
1746268007
1816447847
1824836574
1825364942
1833761231
1833757005
1800399228
1800333612
1783548204
4006595388
4006402844
3998018060
3998083612
3997945404
4010528317
3842756143
3842764335
2908278382
2910374782
2909588350
2909591935
2909665663
2909665663
2909534591
3983137279
3983137279
3983145471
3983374846
3983505918
3983505662
3916126462
1835751678
1835759870
1844082878
1844082846
1845389470
1845389471
1843390877
1843390877
1875770332
1875762012
1858468636
3997559324
3997559324
3997559357
4010270269
3977759279
3982481967
3982281255
2910636662
2909588343
2909591927
2909665655
2943220087
2944260599
2910837239
2910583287
2910579191
2910845431
2910837239
2910706167
2910706039
2910714231
2910714231
2910706039
2910714231
2910710775
2910710775
2909657591
2909657591
2943212023
2943212023
2943220215
2943220087
2952784255
2952788351
2818571133
2785016671
2776628095
2776497023
2776484223
2808990079
2943211902
2943342974
2943351166
2944268671
2877290879
2843736567
2843703799
2843048437
2825378805
2825386453
2843081207
2843081175
2840979927
3914721750
3914721782
3914856950
3914848502
3923237046
3956668566
3956799671
3956799637
3956734101
3956734356
3956734932
3981900372
3981826644
3981769268
3983862324
3983932197
2909129525
2909129013
2909129013
2909133687
3983006583
3983006583
3982874998
3982883126
3982817558
3982883094
3982981182
3982972990
1835489334
1836021822
1836021886
1836021887
1836013695
1844402271
770594911
770594911
770660439
804247893
787470677
1861089653
1861220693
1861221204
1852832340
1852791381
1852791381
1852537461
1852406391
1860794999
1860795207
1860925767
1860860231
1877670215
1869347159
1869339479
1835662199
1818885111
1827273719
1827265015
1818876374
1751907398
1747677254
1747529854
1751658606
1751920746
1760301291
1810832889
1793801177
1793817304
3937131224
3937008344
3938040536
3935872712
3901268553
3905463115
3893273450
3893268842
2819605866
2820525166
2887567471
2906507389
2876201308
2859367260
2867812956
2867813981
2867715839
2867656447
2884429822
2850879486
2834126334
2825868798
2825870842
2821684698
2821684698
3895277018
3900454362
3900519898
3906938074
3906938074
3905907915
3905906891
3922160075
3922192793
3951557531
3934755723
3938828171
3930388106
3926188686
3926254590
3942839278
2873279334
2849228583
2851196193
2851208465
2874273041
2874273041
2874405169
2873315633
3946922293
3913371957
3913371965
3896603933
3896604953
3896604985
3896998265
3905378681
3922184649
3922708937
3922587081
3914195085
3914129567
3913675007
3913806062
3947024742
3938632487
3938632247
3938698775
3930121751
3925929487
3925928767
2852379439
2856831339
2857748859
2866629083
2866637275
2866638283
2883446219
2883576315
2879312874
2845820906
2830485486
2834679295
2826302975
2822110719
2822102522
2889341178
2906126586
3984062682
3916913114
3916913114
3958602075
3941824857
3941825816
4000541976
3998313752
3998317880
3998318392
3998441272
3998699068
4007026204
4009156109
4009221725
4026387295
3983395167
3966753103
3966753119
3966761855
3966630767
3966630783
2892890111
2892890111
2892890111
2892890111
2825780703
2825911775
2825770495
2825671150
2825679338
2825679338
2825213434
2842130938
2884073979
2884073595
2863134809
2864183385
2861950984
2860901640
2881872137
2873549627
2835792427
2835858986
2903887722
2903887726
2939472222
2942654814
2942785886
2934406014
2951183230
2951740286
2951609215
2918054781
2917990236
2901278556
2893938684
2893938684
2893414396
2893404668
2893404668
2893412860
2826271228
3900014045
3914694047
3915345311
3915378079
3948935359
3957324031
3957324031
3939498333
3939428637
2865688341
2873617941
2874535445
2874469925
2874461989
2874461031
2884749687
2884884823
2874403159
2874272087
2840848759
2840853367
2840845175
2823937367
2823945559
2840722775
2840721791
2840975743
2908215679
2910321023
2910804351
2910669183
2909620575
2909363679
2909404639
2910449119
2919230975
2917133823
2916473343
2907032031
2907031903
2907176319
2873617759
2873617759
2874665343
2874669439
2874526079
2952087935
2952093023
2818518493
2817992189
3891738621
3791075325
3791069181
3774156799
1626671615
1622415870
1620326526
1619343390
545537038
545532942
562883662
600609870
600612047
592288990
588102910
571316479
571316479
571447423
570857581
570857517
570866732
570883116
638516268
638483500
642678061
785005853
786045773
721099597
721100637
719921119
736706526
736835486
703281038
686372766
686372510
686374558
682179230
682433178
683481818
680803066
683945978
675556714
675292523
1749038955
2042764905
2072125048
2072059464
3665885768
3665869320
3665865480
2592126984
2592128024
2323758136
2340664360
2340607016
2344770601
2344750381
2345013039
2413103662
2413054526
2413092414
2681519742
2681708158
2683803262
3115685470
3120348750
2842992206
2822020687
2822093391
2822224477
2820586349
2820585837
2820598125
2820664445
3911052381
3948903647
3948903931
3932126719
1784643071
1784625535
1784486013
1792874621
1794971773
1862212733
1857952861
784219215
784235599
784227663
784025934
737888734
704190942
695942550
691748230
673922454
673783734
679286454
687158966
683095710
682833550
680738510
679554766
947923674
947923546
947923547
952172123
960536409
692164057
1774302680
1774302680
1774304600
1774304088
1765915192
3909204536
3942758936
3942881816
3942817336
3942815272
2869073448
2869347113
2874656109
2851423725
2918516221
2893487549
3833011637
3832749495
3832749495
3763419543
1624320406
1624320150
1620256918
546519254
563165254
563096582
596913158
596917254
601639942
601476151
592170295
592042295
592009591
591944055
592140663
592083815
583958373
583892853
583819093
600637405
600702429
592312829
592304637
558750175
558750175
558889471
558627327
558463487
558455166
554244479
558579071
558512943
566897455
562768447
562653719
562592519
566811399
566876934
566860054
558471446
558471446
558471222
558611510
558607414
541830198
541830454
608804215
608931191
608881509
604666724
621488692
655043124
638200372
776612388
785066532
801713972
663232261
629684037
612919127
613023319
617209559
541645527
554228439
587845591
571199349
575325557
579503477
596350807
596158039
558407391
537430749
537758365
1628347053
1666105253
1724364197
1724364181
1724379525
4131909765
4274512021
4274184421
4269990119
4286768255
4290929742
4282510414
4282645982
4257406462
4257668078
4257603582
4232347615
4233394063
4233384863
4099895743
4099830191
4108218879
4125037007
4116525519
3613208927
1465201519
1448423983
1450512955
1450521369
1467299593
1467317513
1433892873
1423300681
1423214795
1423214795
1423216091
1414829531
1431614427
1467323101
1450611325
1451143741
3598639661
3594445605
3597596471
3597653815
3597655863
3614039903
3589930847
3573153757
3573143005
3573138876
4110009788
4109956516
4101562788
4101628341
4118475157
4118704279
4085208230
4085061030
4085069222
4075759030
4075759606
4075370358
4075300662
4092077334
4092093719
4092196119
4087993621
1906873629
1911133468
1902875661
1899727941
1897630933
1896580277
1896846503
1896846759
1896797863
1900992183
4049526422
4051697542
4085083542
4083639782
4066792694
4075225591
4091883895
4091814757
4058260213
4041549525
4041699028
4041694964
4054174676
4054175684
4092460357
4075666517
4067202167
1919743094
4079281238
4079477974
4045860982
4045852774
4050043687
4058498599
4054119989
4054115860
4058293764
4058365445
4050640709
2976894327
2977811815
2976767078
3018808422
3018660902
4083956854
4067239262
4067374406
4067317719
4075702263
4075636471
4092393173
4059883477
4043105477
4043289797
4034909381
4030715077
4029117621
4029115813
4045811365
4058402469
4054273717
3768868565
3773064903
3773065159
1617191254
1617195046
1617260582
1617252390
1885668374
1881418782
1898261823
1898330927
1936071215
1928203807
851183181
849085005
849101645
870170957
274649437
274637181
1350544751
1349302639
1349290479
1357679071
1357880783
1374600655
1399764431
3530471375
3530471383
3538854903
4075660263
4092371943
4092388327
4084069239
4084201319
4084203303
4084202791
4084038695
4083971127
4083971191
4084166999
4084102134
4084126710
4085240566
4085105623
4091332567
4093498837
4093506933
4093635957
4084034901
4084034933
4083907959
4083842431
4050583030
4058971638
4059026758
4059026758
4058895686
4092391799
4083999079
4084065079
1903129111
1898911511
1882010997
1887255653
1895644261
1912411237
4055716948
4058871108
1911551812
1366283844
3506423381
3506282357
3506224501
3506240807
3506306359
3498042647
3498046770
3514815842
3548303714
3531534706
3539923410
3607089618
3598702035
3598702035
1451089233
1400766289
1363013457
1350528785
1350524209
1350128995
1350063331
1886937315
1887265267
1912534931
1929303699
1929301633
1929219969
1928103297
1919734993
1919739105
1915545057
1936517093
1668144741
1667747367
1667615271
1667628567
1675947783
1642456071
3764776967
3764867143
3761193174
3762230502
3766359526
3791587047
3825010295
4089255503
4092405325
4092356173
4092358269
4058808061
4059910109
4057417629
4057420191
4059373983
4050919647
4050923775
4050465007
1903109630
1903045982
1903050575
1374510942
1357774686
1357772110
1357755726
1349301582
1349301630
1349301622
1350358310
1400751398
1384039734
1383003443
1382999411
3530486131
3538940403
3538870721
3538868161
3555706817
3513573361
3496798948
3496798948
3513085541
3513089653
1365538609
3513014065
3496301873
3496465713
3496465713
3504862577
4041717201
4058428865
4091974851
4084110531
4079979715
4079979763
4079868387
4067223907
4067224869
3798787365
3798787349
3798983709
3815699519
3815691327
3815202167
3781520727
4058474455
4058469878
4042610102
4042543542
4034222007
4034353047
4034363095
4041735895
4041605111
4091870581
4067228757
4067415108
4067349828
4067415924
4067382884
4084037220
4050468372
4033818116
3496946436
2423200052
2423064868
2431454500
2427270452
2444177684
2477749012
2477585189
2460791782
2460779430
2481750438
2473362870
2469237942
2435751318
2418982294
3509497222
4046368198
4046368006
4046368518
3782061878
3790454326
3857555006
2783821374
2809118495
2804921615
2804781341
2804781373
2804797741
2804925229
2775500333
2775500333
2783956541
2766986809
2766995001
2758082105
2759122489
2775965241
2784354107
2918514491
2918513978
2943669306
2944259130
2940162170
2939113594
2939097210
2909679738
2909679994
2918068730
2918126554
3991679450
2918461914
2780115450
2763470810
2763341770
2761178058
2761177930
2761194314
3032480522
3032350474
3036534282
3085550090
3068904266
3068908410
3068908394
2800481131
2800350057
2800284520
2808673128
2804479864
2804471160
2804536664
2804667656
2804638984
2804639000
3882542904
3882538552
3882600024
3882403401
2775111641
2775095289
2775094777
2775094777
2775299513
2775234473
2775315385
2775184281
2771112889
2775315371
2775217067
2750051243
2750034858
2750100410
2749969850
2749906362
2749905050
2749971610
2750102666
2750100618
2716475530
2716475594
2716495947
2716595225
2716728377
2699865144
2699930636
2700062476
2691601933
2692650525
2688516639
2688401974
2688143910
2688143910
2709049894
2716354342
2749910822
2749914423
2750118165
2741697280
2708135680
2691424000
2758401808
2758367024
2758367025
2758366515
2758375218
3043710770
3043628882
3043636546
3043635522
3186168146
3219664994
3215470690
2678796370
2682925122
2682925122
2666205266
2682852466
2682983506
2645177410
3450549318
3450418519
3433575807
3299349871
3303546223
3295157374
3295288414
3429504206
3429462238
3429429470
3454595294
3450450127
3484070348
3471488348
3463102316
3458774636
3727210108
3727200840
3744191048
1596650072
1563058792
1546281832
1546203496
1546129768
1550324857
1567104251
1575705818
1575673034
3723164878
3723211982
3723014622
3718812638
3450573534
3454710526
2414539510
2414535382
2397762294
2682909158
2682844327
2678645925
2548622500
2548806796
2506798476
3614160012
3609769132
4146705644
4146824444
4146758909
4079656031
3812535375
3812535566
3812466494
3816660526
3824784942
3823731246
2792063758
2804658446
2804478254
2804474158
2804474154
2808693034
2775142187
2783529593
2783533689
2783541880
2783477336
2783477336
2783510088
2783510360
2917793656
2917924729
2917793146
2909330810
2909328474
2909394010
2905337946
2905305210
2909433978
2909417962
2917806587
3991540218
3991409114
3983028698
3991482874
3974763002
3970580314
3970645850
3970448202
3970448203
3970449226
3836272458
3836270538
4259878858
4293628874
4016747482
2943071226
2951263210
2951263210
2951328745
2951411432
2943024872
2938896232
2938763096
4012463368
3978850568
4012499224
4012630312
4016763176
4025128808
4008412760
3999829576
3995639497
2938674907
2938673130
2905257962
2892674026
2892686314
2892689914
2892722682
2909491690
2909368810
2917888490
2917822954
2913629626
2913697210
2947050682
2817027227
2817029257
2800447625
2800382088
2791994760
2792025528
2808807336
2708135912
2691424216
2691233736
2691228488
2691293708
2691363356
2691355181
2691356199
2691323446
2691388946
2758365698
2758300178
2775077682
2817017650
2817019698
2800442163
2800409361
2792028992
2808733504
2775113552
2758334320
2758366576
2758366577
2775143779
2775143794
3177928050
3177846098
3177854274
3177854274
3177918802
3219730546
2678599778
2678796370
2678730818
2682925122
2682983506
2414417010
2414558290
2376744002
2376744002
3450551362
3433641043
2359825523
2359825506
2364019810
2355827794
3429520578
3429626066
3446272242
3446190322
3488198867
3488264657
3471488464
3463034608
3458774624
2385032820
2653656644
3727341124
3727353428
3727289956
3727255396
3744011620
3743945828
3743945844
3714585715
1575621874
3723113682
3437917394
3433821378
3433821634
3437925058
3437986498
3454767858
3454644962
2414408418
2414404322
2397698018
2414376418
2414372003
2414372003
2414437521
2406118791
2406168006
2389261814
2322151918
2338986094
2338981950
2414426174
2380801054
2380800014
2376724490
2645262362
2645065771
3181949288
3186140520
3177757032
2905119096
2905119016
2939788088
2939926296
2803544584
2803532344
2803532329
2803549801
2809841256
2817083240
2783664072
2783606472
2783638216
2783639240
2917727976
2909339625
2909338091
2909329530
2909403258
2943089786
2944070730
2944069706
2944069706
2952417642
2885293418
2850569706
2842175994
2842176378
2842311546
2850688634
2846430810
2846368602
2846368634
2846372699
3114817355
3181928393
3085458376
3077061592
3060279768
3060476248
2993306744
3010069624
2976600124
2959831100
2955600948
2954541124
2953481024
2416495296
2433240704
2466775696
2462716561
2995417767
3079598502
3049050286
3031227566
3165444250
2620192970
2620389642
2670357258
2654611978
2587502346
2587500810
3673817146
3669688362
3668521001
2343047288
2309493832
3387436232
3358100941
3358169557
3359357431
2283514837
2295967684
2291773380
2308618048
2312804096
2312799488
2289730816
2298121520
2360969504
2365122915
2222467490
2267548066
2250902930
3329103746
3336975234
3336975026
3596903335
3591431077
1376821636
1378919620
1377872901
1394714631
291616790
828803358
812566814
1886309142
1357806390
1357540118
1357385494
3563587382
3559401270
3307938582
3324654422
3338285537
3331928480
3330802080
3347579056
2223559056
2224861584
2229052816
2247994769
3355357094
3330190246
3258878886
3258944246
3257896646
3257855942
1395584838
1362027807
1366213948
1374373196
1374238036
1365843221
1365839159
1130957110
1114192182
3261676854
3261673782
3337318678
3333091606
3467309854
3450589981
3366835468
1219287308
1223182396
1214797992
1210652840
3358227624
3408556441
3391779723
1513742986
1517871786
1532554923
1507388073
1486416553
1553689240
1553608328
1553597340
1549665196
1547060132
1561785252
1594995632
1594930625
3729828931
3667040274
3669137458
3756243762
3747920419
3747928595
3756918279
3756925527
4294718191
4292616366
4277928106
4285811886
3610560734
3610556430
1462872142
1467066446
1431486286
1465292638
3545662806
3541992822
3510291959
2440752471
2448058647
2448104215
2246785815
3320528663
3312138039
3354071351
3484094773
3484365044
3484234996
2410179812
2368269412
2368245028
2637864452
2635773444
3747127812
3734544956
3734546157
3751325350
2631646114
2619005858
2621098402
2621098146
2621106290
2625285122
2632638466
2632508163
2548752897
2548752896
2548711968
2540175904
2540177184
2473081188
4062718180
4067043460
4068092045
1920611471
1383862410
1381765258
3528212618
3544632810
3544619562
3552881194
3520375354
3233064458
3233080075
2226413837
2225471757
2360213804
2294164844
2297301988
2313816964
2322205317
2322549639
2322446214
2330763702
2327617982
2327622142
2348585326
2287772967
2552016165
2551949568
2551884032
2568676608
2602234144
2589638944
3153772896
3120169089
3186297987
3697805442
3693611170
3559659938
3576043170
3614847622
1458709127
1456677509
1452352141
110114559
128985898
94398762
77658410
81852714
69650698
69661962
86164298
220447562
220250990
254825327
506519845
510846261
510848321
510848465
508616097
517012897
517011873
532806067
398653843
398653827
399703443
393477523
326335987
325270899
325139767
291585335
274798903
274938679
274873110
274938654
811604798
811621182
811654974
543461182
543461179
561284395
559710505
558727533
541950972
541950716
537891580
537900797
537918191
537820135
537803234
1612593314
1694378146
1739201714
1856639107
782971013
783249541
1047421057
1043214529
1042686177
758391141
745808685
751837737
680531513
697305609
700463627
700459530
700459722
767900570
768023946
763691146
629473418
897974426
897999018
360767659
348168447
339783767
335590742
335656274
268672306
1346607382
1346603350
1363315142
1380355526
1380359494
3537295302
3535193798
3535206053
3535072932
4143247276
4151618988
4147479980
4130838012
4063737148
4063731996
4063618060
3525606421
3525590055
3525581863
3542486051
3513130291
3500541714
3568239106
3299807811
3316463171
3351013315
3351048162
3355237859
3340553699
3340618849
3442933075
3442926915
3442927427
1294362434
1298613826
1298597458
1307381618
1303191394
1303194978
1304243555
1337797937
1339850032
1314710832
1314710784
1310713088
1327404289
1327400195
1295943634
1296009106
1300203154
1300207282
1308473266
1308469155
1308489139
1300059569
1295857137
1294804273
1294806305
1294806307
1299000611
1303063826
1302994178
1302988034
1307118914
1308106066
1303932274
1335586610
1335582497
1335445280
1318639392
1322840368
1314447728
1312351472
1329263744
1295684993
1295680915
1279231922
1282901650
1282905746
1308081874
1341501171
1341433713
1341449505
1330963488
1328931888
1295440912
1295404081
1165380913
1172788595
1172768722
1169638082
1169506962
1169512370
1167425442
1171549091
1205135841
1195698544
1174710544
1175758080
1175826688
1194832128
1194766592
1161221075
1165412082
1165477554
1165446834
1165434514
1173299090
1173167522
1168719074
1168649331
1172841489
1172857873
1298691121
1294494771
1294691634
1294886658
1299076866
1307461122
1303332434
1304250098
1304254179
1304195041
1337782112
1339862368
1314434336
1314762000
1310631168
1327404288
1327400705
1295943235
1295943250
1279248082
1279088338
1295853298
1300047842
1308169699
1605962977
1605965040
1610179648
1333289984
1299770385
1295641907
1295707410
1298824514
1299057986
1299123522
1307381106
1304239458
1304244067
1337798497
1337732912
1323067184
1314710832
1310585088
1310627136
1329501633
1195281859
1161792978
1165987794
1165985490
1174402802
1170073331
1170075377
1169030768
1206255472
1198812528
1328901232
1295350897
1295340657
1295479907
1299608658
1300108610
1290732866
1290227538
1306877938
1302686690
1303735266
1335160163
1334111585
1321526320
1313137680
1309078528
1327420416
1329513744
1295959345
1296025459
1300219731
1300221650
1307565778
1307437810
1307437811
1308491729
1308483057
1300102384
1295381744
1295381744
1295344881
1295476211
1299604947
1299661762
1291273938
1303758578
1304289010
1335749234
1335749427
1323100449
1316797472
1316795424
1312596240
1310699776
1310626560
1326892801
1293340499
1293405042
1563806578
1551326578
1576492402
1576359282
1572206066
1572201970
1574299091
1574036689
1565914320
3712285920
3708086752
3708124064
3443939984
3444972160
1297563265
1305812625
1305810609
1167406049
1169453409
1286927393
1290658865
3429350417
3693583617
1546098947
1546099523
1546100035
1562871123
1597474099
1600639266
1583738914
1584735267
1584741411
1517561891
1515464995
1523920161
1523988241
1524500224
1606287936
1572815552
1307268800
1156140672
1156143744
1080629904
6888369
7089059
16526242
33303970
1107113378
1140285858
66576786
57135554
56918275
52732195
52732193
19181857
19322115
2546947
2513155
6703891
6703922
14961442
31745826
65331474
48664835
49184775
116293703
124685431
1164949555
1148168483
1148037414
1416488998
1433199702
1467764806
1467810262
1451103203
1459495649
1455301344
1455239904
1409032768
1375481664
1098737985
1092569425
1360906611
1365102455
291361623
299668311
333222231
1365094773
1365093477
1363978341
1397524581
1393330209
1376766995
1443812610
3592315138
3609092354
3716051731
3699266099
2629781089
2629654129
2629694977
2629694977
2377934449
2415683299
2389472930
2653703586
2385251490
2385317042
2406882434
2373332097
2373332096
3312649600
3320907760
3321107296
3316917028
3316933412
3316966181
3350590838
3488939366
3476330534
3476850722
3611199506
1463728130
1463200770
2000071938
2004780289
2013167920
1988067616
1983766880
1983734257
2000429537
2134717347
2101293731
2105475746
2091713266
2091718262
1554595606
1554594054
1554589954
1291413763
1165618451
1163491153
1163483073
1171980753
1174077936
1207566688
1207636256
1132015924
1097671444
1097818893
25057037
25120539
22858538
21793066
55347306
332175610
331920586
1473818826
1977188687
1977258349
1967825260
2001380452
1997186112
1981457472
2115731520
2117849313
1715458273
1713336547
1712665058
1716852642
1716850354
1859325587
1871796947
2140240577
2106683073
2088890305
2093081923
2086131011
2081932610
2102908274
2104983522
2146795490
2140504034
2140434418
2144626131
2136827203
2132767041
1562312977
1564410160
1434399024
1417359664
1425740629
1425743813
1442519765
1442790039
1438603927
1438636694
1438440071
1438441415
1440003415
1465167991
1461035111
1461166115
1461121075
1463701587
1463701586
1434325490
1567569906
1559183074
1291656930
1304247026
1304246866
1304198707
1337782065
1341973808
1316807952
1312679168
1312810256
1327428880
1327420689
1293895475
1295992626
1300191090
1308579698
1308579794
1304256466
1304264146
1304263889
1308450000
1300094064
1295907952
1295903856
1296035184
1294892368
225402817
258952898
258950898
267327202
268261090
234715122
230516594
1337847602
1303246131
1307424017
1300075857
1295889873
1295886209
1279242131
1279233714
1283443362
1283316386
1291713186
1291714547
1291713841
1560081713
1550639153
1550639153
1567481904
1567551536
1567544625
1568064769
1496829249
1496796611
1496795635
1496784355
1542798690
1538604514
1521821138
1526015938
1249843138
1247745747
173896435
197944033
197944305
266281281
232735937
226444497
226444529
225408435
225408402
233822098
233686674
1340989074
1340997330
1324219378
1323956594
1206517042
1206445362
1202251126
3316179958
3316380630
3316380338
3303790259
3295532977
3312310257
3312440817
3320829232
3320825104
3350066448
3354191152
3345804592
3341679969
3341798881
3341798899
3345929619
3354317970
3354382482
3345871010
3614236834
3610109090
3576685971
3580800403
3589253525
1978509748
1911339236
1936500836
1932307508
1915745300
1915146292
1931808816
1898197280
1897996576
1881289505
1893859873
1889930945
1889880711
1907714695
1906698886
1369926278
1403869830
1407978926
1936471214
1932275882
1898713258
1881944251
539959449
544089048
552412924
552353500
552344284
552344140
552352332
552090205
568883775
568982319
568983358
870890766
862502158
862567438
929675294
929806654
929806654
938125694
938126334
921353726
921419263
912890975
908696671
908835871
908768287
908760125
640326781
640335100
657128700
623565276
610982364
611240956
611179260
619577052
619036253
631617087
665098030
652516654
577027118
572831790
573028366
572962830
572980238
572967982
590236910
590234798
594429374
569329598
569198526
568677310
568666078
568600543
551823839
543435231
543501245
552025021
551951036
552016540
547699356
547700380
547632780
547631821
547632861
564410109
564461165
564461183
602192735
593803615
594327902
590199102
590330174
590264622
594459438
1667935790
1676389950
1709817406
1705557534
1705614877
3857358364
3848973884
3844714028
3878264364
3882475372
3882569196
3848997308
3844811160
1697265849
1730820281
1735277753
1676623003
1672443035
1671943387
1671797963
602193163
576764171
576755722
572759066
572701754
572699690
572764202
572780586
572969002
589713454
560349230
568725278
602884698
598563514
599550654
599587726
568187278
559828110
559829134
561918398
561852847
594026927
602421167
568929183
552283013
552282756
552282804
552148644
547888812
547892988
547892956
548155085
548158029
548158031
547887695
568875615
568908639
560593183
560593215
594147647
594148671
594147647
594147647
661371199
661371199
661371199
661371263
661371227
661371355
661240219
661239963
644594843
644594939
640400639
640662783
640596079
657365031
661043495
660977975
660708119
652445975
585275415
576894983
572766213
572569813
573610165
590534821
555931813
539152039
551735023
547720766
564431422
597993758
577038350
572844046
572946494
590223598
556665007
544082863
552537791
548211390
548223646
548219551
548153999
548154063
548154061
552348364
552549116
548289260
548281068
548158172
548153932
548158029
551819853
569170783
569236319
560830815
560830847
560839039
560839039
594132351
594132095
594132031
594262079
590067773
590067773
590068793
594197545
577420601
661370137
661371995
661363802
669760890
669756794
669690234
644528442
644593690
644593675
640268297
640261145
640326712
573215784
573214760
573231145
573456425
573456875
594429355
560943035
569330363
552553115
548395674
548272842
547744522
551841034
560227338
556015738
556015850
539370666
543557546
551947946
547819199
547818175
547691165
547629709
548154061
548154060
552348620
544021468
544086764
544094828
544160380
552352332
552352332
552344157
552344157
552360541
569170525
569170781
560789855
594393437
594131261
594262333
594262335
594262335
577484863
577484863
644593726
644593726
644589694
657107070
644524286
644529278
644529278
644585503
640268319
640268349
640391229
640325677
640333869
640333869
640325677
640337965
657116221
594528573
594528573
594004285
594004287
560449855
560453919
560462111
560429343
560290303
560273854
560806334
544029118
544021438
544017342
552405694
547691198
547699390
547699358
547629726
547629711
547629775
547630029
560212428
539244764
543570924
543570668
551951084
547692252
547633740
547633741
551844429
568646239
568646495
602265951
593877375
593885567
594409855
594540927
594540927
560986495
560986495
560720255
560704383
560573215
594132255
594132286
577346878
577476670
577345567
573151263
573290559
573290557
573225021
640330797
640330989
657128617
623565993
539905961
552520377
547867321
598067839
581233467
585165083
576777227
572779531
572718139
572705834
577227066
577063226
577075514
593983802
593890618
568790490
552013194
544030618
552415162
552418986
547950250
547954362
547958425
547956376
816328328
816327304
820521672
820521672
820521688
820722664
812268264
812269288
807999224
807942104
807938008
812130169
543952767
552164223
552164223
552196959
552205183
568982335
568965439
560576831
594132287
594131263
594131263
594262335
644593983
644593983
652982335
652982335
644593727
640399455
640400479
640334943
640335087
640334063
657102959
661555501
586058557
585992509
577026077
572827661
589686799
589748287
556156975
556140783
560269743
560274351
543505087
552016575
547819199
547819166
547692190
564412110
597961678
576989518
576989694
593967614
551951102
548280991
548276877
816778892
816586460
816590557
820783865
862743421
854350205
854333564
837761404
820918652
812530556
808337020
808270460
808204892
812399229
543955583
552426367
569236350
569170782
569154398
602782047
586004767
586004543
577354815
577354815
573291583
573290527
573225023
640333887
640596031
640595999
640597055
640609342
640580846
658381998
657852842
634784426
548866746
548883098
547707530
547679883
547680201
551871948
543483004
556102760
556735592
590285161
560925033
560929785
552540921
548346616
548346520
548216472
548150924
548159180
548159196
548154077
552348381
552352349
828668799
828734335
300383095
300383095
66017591
56908083
40131347
40336147
40336147
48716563
48568595
48576787
40254209
48655105
65436417
65948417
66013953
66014035
57658323
57530867
23976435
23984499
7207219
7338259
6936883
6945075
23722291
23849235
23836947
57391379
57383185
124487953
90802547
90806643
90814579
90814579
388610163
372218067
909088979
841988339
841988323
841922723
573569187
573372579
594311587
594377635
602749859
602749587
602880659
569326467
569342849
569211537
569211537
602766065
602762225
569207761
569207255
560806343
560798167
544029111
544160183
544152503
552536759
548211383
548158119
548154039
548155095
549220047
549254863
549233247
603759151
586985771
586462251
578073659
573881371
574077963
574012427
590806027
557251611
594959675
595021611
586432299
854343483
854406939
854528283
854528267
846139659
829293387
812516059
820905627
816778939
816781979
816650907
816594571
817643163
817637035
817637035
821831595
838674347
838805419
838804907
829236667
829171131
829171115
829240811
828847099
837231611
837105659
837056507
837050347
828702063
862321007
862321023
325564798
57129302
56998162
40220978
40237362
40237106
40335666
40843538
49166610
44972802
44972547
44972545
61737472
23726848
2706256
2709968
2841040
7035344
32102896
65665520
57407953
40630674
53209490
53078450
53074354
23693746
11114930
11114930
27900339
27900400
27830752
23636192
52996320
53192913
321558721
321554627
321620051
858363937
841529376
841525280
574138400
574203936
574285860
573233188
573229092
594200885
594266390
594266390
627820822
628083030
627956086
762141174
762141174
762124790
770521526
1038957494
1038957494
2112699062
2041396982
2041134838
2024369878
2024402438
2024406535
1487452676
1558755612
1567139932
1529456892
2049681660
2049694956
2049623292
2049627389
2066382335
996825919
971721535
971627325
1005189949
1005120284
996797724
996926812
996930044
963236284
942231964
1009350036
2084272020
2088443575
888879782
884550310
1956194998
1889086102
1889020567
1893214869
1910058644
1912288916
830146436
830015444
829191652
829187556
829257717
829259735
862739959
862739942
862738670
862730494
858732766
829299166
812522463
820911871
816660221
816590557
820788828
283917916
283917876
32258613
65813041
49052209
49052433
40655635
40655635
40885011
57596675
57596675
32398083
58591491
41814275
39651603
39590177
47983393
50080545
50146097
50207489
58612481
58612481
25086211
25086211
24103187
24086803
90937683
99195251
99203571
90815987
90947026
225164499
225164531
225032435
489404659
489404659
523221233
1060092017
1060091936
1043314720
707783713
707650597
728622437
728618349
695064061
694541789
694536669
694540767
694278651
702675963
703720315
768731515
760344027
759293403
625172895
609440189
609698237
611796917
620056245
620579511
615373495
616430326
633338454
666757894
645721094
639429654
639497238
656364598
656277542
761200678
878522662
886907702
886911743
819928765
817437364
817445556
817576596
297474692
297342596
279446156
283640396
283841048
15413800
15230504
6875691
275294762
325892410
317491658
317556874
313230474
313176222
329949342
1404739999
1400545725
1394254244
1394337188
286969300
286980548
287209668
830240980
826030564
826090988
859726269
863920639
863851518
872171518
301748222
296491870
283978078
284109070
284047630
15612190
15605598
27924062
28119775
28054268
28055212
61619884
40136420
37027428
104115968
103067392
103000320
35891472
35883281
40291075
40295170
40270594
57018626
24054066
32193010
32193010
32061907
32053587
32053585
23689552
23853392
23838576
57389040
57257936
57249744
124357072
91068880
91076849
359512177
355317809
338540593
1009626163
1010803810
1010738402
1010214118
1815600358
1819790254
1818610366
1760942750
1756756670
1756752638
1756756735
1754586717
1775562044
1800727596
1779760172
1779911716
706632724
773745668
773743620
638997716
645349812
662127508
560972724
552452788
552457876
553123476
553118341
1626860183
1622534774
1642359334
1667525926
1650746422
1650806806
1650868246
1659289631
1673445661
1644052829
551375196
1618862412
1618866456
1685972265
1685876073
1685879147
1685936987
1686067930
1694391962
1690261146
1706906250
1706570378
1710764986
1685664171
1954095533
1951999484
1952267868
1954365004
880750173
905915983
905258574
938739534
932529246
932549754
663852091
645970953
645967113
641771561
637578283
637910075
638030907
570916907
570851369
570867821
1645134061
1717462527
1719557847
671043287
637369046
633207414
616425846
614262822
614071359
609864735
605672541
605943037
757064941
759164396
792722413
796904189
805259903
800541279
800545503
636829143
626865557
605889685
605496725
607532981
611518117
552666789
548472501
548494997
548466373
548448773
565225989
602974213
572570645
572624949
572686367
573734943
640860223
638764078
1716967470
1735915566
1710749742
762832910
762833167
762832143
762824031
794149359
794288623
785867247
785863159
653738455
645214679
645210583
657793439
611656623
611779247
888606463
883362559
816257631
816134863
279259855
280243919
284456655
276087495
282444503
282571349
282571317
282572341
274050849
286566689
303360019
1379396611
1446429698
1446428914
1459012002
3735470754
3735484050
3618111106
3585441410
3589568434
3590087074
3590119906
3583303905
4254463204
3218397412
3193231396
2652158004
2652153860
3726043141
4128645447
4145415110
4101112454
4105306790
4105372334
4104127150
4105180077
1961895261
1410343948
1412505608
338829320
270673160
270669064
275123977
275648265
284036937
15601481
16588749
15472605
15496191
15487327
32428383
32437215
65987551
66057183
57660383
58643455
58708479
58585599
58254845
24684029
24754173
58300281
335124088
318281272
317306424
308917816
308913788
304657149
304730877
304870061
308966063
1391096239
1407865007
1403715839
1407783039
300425279
292053295
292102975
325788479
309015359
317395259
334057787
333987867
367543579
350766427
342439259
342435163
342435163
342585435
350949595
350945483
367591627
367596618
359363930
360410602
24735210
57271770
57259466
292127626
292062106
292061627
