3880958538
2786242106
2786124330
2786194218
2786284331
2807247720
2807247336
2781942248
2781876728
2781872632
2776696040
2777812072
2777898009
3851480075
3847285769
3876711433
3876762632
3876753672
3880943880
3879895352
4022507320
2915276600
2915147305
2915155499
2940315242
2936055674
2919298043
2919289339
2920399337
2920432105
2933015913
2933020009
2798873977
2798808409
2815585737
2815653321
2815509913
2781955513
2772514233
2705401240
2698196889
2714982315
2710636459
2712672186
2750431114
3815780250
3815843258
3815908778
3824358826
3824227514
1668297866
1668293770
1936795082
1920151034
853745146
849354206
849427914
853763402
845378890
845249866
845380698
845315291
862083291
300239065
300243417
283588953
283524953
283459451
291862075
292382271
334329390
334004014
334036286
317324575
376166415
376031247
371841055
371980351
376171903
377159679
377151375
392880015
99274639
82561935
82532767
82532767
99174911
124270959
57158957
40381757
40578879
48971551
65756767
32198223
15420367
15293391
6937565
6937597
15326207
32095087
66628927
49851709
41466941
37272621
37334077
37403653
54184965
25087253
25152817
16775473
15726867
15718675
15194930
33029938
32956178
24567570
25152850
18730450
18730482
17686002
21617138
22804978
31189490
31195090
98303826
98164690
98156018
98151794
91991122
226229250
220985362
220985394
225048866
233433378
535395106
535395891
535395857
199876112
267111952
258596656
225049904
220821840
254376016
254498928
258627696
258693489
258678099
258674114
258543570
224988114
233381618
229203698
229334770
229367538
229228243
1286123473
1156099536
1147710672
1143585936
1412144304
1412078752
3492461984
3492526512
1345051536
1345051568
1361795760
1399397089
1390942947
1924673379
1924672866
1929133091
1918637171
1377767491
1377783875
303526081
269897925
274092868
274076173
282527261
284498667
821373611
821832362
821832346
821832587
828136841
861716617
844988568
855540184
850366760
849654824
853584936
841001000
841202703
841135118
841151518
842191918
571622638
587422910
557992350
567495574
550750870
550620055
552721303
544274903
544270615
561047861
560064805
593750821
602143543
652466967
670161174
659650871
592672791
588462278
553859206
805517719
809704118
809568934
817961638
813906614
830675670
848386630
848362262
852813863
844408885
840402948
857114628
823560452
1886817044
1618975284
1618852404
1616747124
1612553940
3760051957
3760060071
3759994534
3759986598
2690434214
2700401830
2696404118
2696345743
3770083789
3774279621
3761696725
3761762277
2687789031
2687792615
3764670951
3773039079
3790406103
3782160839
3782091206
3789960662
3819331055
3819359599
3819293053
3803512589
3799313928
3795166728
3795297800
2720503608
2724566824
2724516136
2724582712
2741490985
2707871019
2699547947
2699415867
2692051226
2692183390
2692691454
3766427118
3783199918
3808364726
3808303254
3808308358
1660890310
1927226614
1929318486
1929252870
1929277446
1929340166
847199511
863837045
830282581
819924693
819928821
819937189
819804085
819730359
818681767
281837479
281870323
818921409
818920385
819771712
811383056
811449104
861837841
840874497
1916468737
1916468739
1916405315
1916471010
1920480738
1943549154
1637358818
1620647046
815414406
819543430
819476918
819476646
819534007
815478999
815478981
815344069
821574101
284704725
821772117
821788437
821649205
821616421
838401573
829992549
829996661
829988437
828083957
823758564
823770788
811184036
811188148
819634100
1893392020
1895460484
1358571205
1358636791
1374365670
1374236006
1105803318
1105795094
1106065426
1106061314
32385026
65944579
65944835
57541889
40764689
40768785
40514817
40506689
36324689
19484017
2645361
7929137
7904561
16293153
16301345
16498448
8044288
1097514560
1097767616
1131387536
1110424208
1378728593
1379785395
1379687074
1379671970
1383873698
1383867554
1383015570
1919839426
1919806531
1919724592
1928112160
4087724848
4041652736
4033329664
4029004288
4029135408
4029078064
4029041184
4033153568
2967734753
2968287458
2968287330
2964314162
2964293682
2968500242
2985208066
2993597954
2989397506
2989408770
2989343282
2989240930
3010208226
2985033894
2965114022
2965178542
2969188542
4043188367
4059965583
3521520781
1407393997
1407193101
1122041871
1113669675
1127276587
1127279657
1095804973
1351727452
1350863820
3498937996
4035610252
4039803532
4045058717
4080772783
4062949103
3794710118
3794706006
3794683590
1647063766
1647063214
1647059119
1651249327
1659179183
1671836846
1621505166
1889938895
815939143
815844871
815840775
278963509
1407231013
1378071589
1915131681
1915133489
1916701184
4061825536
3814427136
3816532480
3782978100
3781934628
3815355940
3811178037
3811178037
3811104358
3811073382
3815263334
1642663014
1642793174
1635728582
1618816198
1614490758
540687798
570039974
597298854
580456118
580411094
1654188615
1654172165
1924705028
1920710916
1916446980
1933224724
3812268828
3812264476
3793456700
3793260076
3810063916
3776702060
3766118253
3765056981
4033547463
4033419414
4041943222
4126752166
4160232870
3067615222
2543465230
2495231758
2494250767
2494135052
2494130700
2494102076
2498288168
3563640360
3564659256
3545785081
4082754026
4080911530
4079783086
4079978670
1932429454
1933425806
1913949327
839374239
857109911
829826198
828777638
820257958
816062694
816189942
553014023
553107991
1618187805
1616947732
1616947716
1616947972
1612753684
1696897556
1713719812
1849034308
1849033284
1847988838
1860579942
1856250214
1856250086
800339094
764683398
763636878
1032121486
1069853837
1069922716
801618396
1875229000
1993718537
1993718027
4137138458
4141268026
4132869166
4128751662
3073720430
3040231918
3052848111
3048654508
3048655516
2814167756
3077352012
3056380428
3056511500
3055988236
2737218060
2737291836
2737095212
2737062765
2724480485
2741261541
2749777104
2985711040
2985702848
2968920384
2968789345
2967744545
2967736375
2968387862
4042133782
4042137886
4033684542
1886136378
1886214202
1936705562
1928300746
1928169610
1928169609
1915524248
1915531432
1915523256
1915671224
1915646632
1936601832
1946034728
1945903657
1945903658
1912351802
1895565354
1891502138
1890998282
1354217546
1358735562
1400675530
1382842505
1378848952
1379840184
1396355244
3493503412
3497714100
3497681568
2432325280
2499366625
2499313377
2541512305
2457625155
2466079426
2466072530
2463945954
2463956130
2472336547
2455755923
2455698565
2455694789
2455758404
2483021392
2482894433
2448213859
2431440738
2431514466
2423248754
2423179218
2439956162
2439968322
2507142674
2506684194
2515064610
2548627234
2548589878
2540201270
2540200999
2506628199
2506841334
2515163342
2515172558
2510962126
2544451038
2548590590
2548594542
2548586286
2548582186
2506643258
2506716942
2506843919
2515137853
2515064173
2548585908
2464775556
2464906388
2456505508
2456489124
2452294820
2469084292
2418961860
2418994692
2418469381
2431093302
2493819430
2426711590
2427233830
2494333479
2495119909
2488828645
2484847268
2484782500
3040531620
3078284452
3195790548
3195625932
4264175565
3727304527
3727301646
3576186926
4100474926
4109092910
4239059978
4239123786
4238922571
3723023310
3715687422
3742917614
3743097838
2635736046
2648310654
2646280046
2646148462
2645038590
2645042510
2275943758
2280338638
2280328382
3321433519
3254262181
3237490596
3237553044
3229557636
3225375108
3225371076
1076215860
1093059604
1126611204
1130473733
1134598435
3282077987
3585378583
3589768454
3589701894
3445523415
3447640791
3615376066
3614049938
3613990562
3613933475
3756535201
3756801184
3756864676
1576804484
1563697604
1561649420
1293721884
3424429372
3447495980
3455683357
3484076559
3416975886
3416943150
3401256686
3415933678
3384410846
3387507166
3630743790
3626541231
3626606743
3644826759
3676155078
3659507782
3663640582
3663636502
2585787430
2585745190
2675848742
2683962942
2645165631
2645034540
2645034548
2376615764
2376682948
2376760516
2381999300
2373458148
2369259876
2368223589
2372545831
2380932406
2376758550
2410398998
2415427894
2398654759
2264445477
2256114228
2256253644
2390337229
2386078351
2671299502
2670251174
2670316718
2670347502
3745124430
3743032334
3730451726
1591290685
1591437868
1591410460
1591379212
1526235404
3665330268
4202202492
4214922988
4212829948
4179275476
4229673668
4229661316
4231774869
3963306663
2892694438
2892501414
2901157286
2902207918
2902407614
3168676302
4259211598
4291684366
4291614734
4157401190
4141212774
4153864294
4158570694
4091428998
4078899335
1931419827
1931355553
1935292065
1945765536
1924728480
1940391588
1912092295
1887184582
1345857222
1345867494
3497619174
3506007782
3501747814
3501780774
2461564694
2460712710
2192244230
2196395526
2196461111
2196255277
2196247277
2213021165
2213037228
2204720300
2204892356
2204822724
2200611904
2201664512
2201664768
2201664768
2171256640
2171256384
2439683648
2439677520
2439742240
2506682912
2506678817
2422792739
2422895154
2418676242
2418675254
2485717862
2502432998
2548570358
2527598726
2527594630
3623562374
3346671046
3313116486
3350865238
3350926689
1185482016
1122567472
1126760448
1093292096
1076551872
1080992896
6726784
6524032
2329744
53580976
303084705
303079649
307291235
307293474
307288354
307251490
303319858
1394428690
1398790675
1407113745
1401855504
1368299008
1099932160
1087283712
1142875648
1144704512
1143688736
1143476065
3295165665
3236451553
3232322737
3299595393
3320509569
3354047616
3337204880
3337207008
3601444080
2527705168
2533095793
2532960547
2524473634
2474129698
2474130790
2474130534
2440631542
2440762582
3512341890
2447013762
2446976642
2446894738
2445846210
2437463618
2982723123
2965945889
2966986272
2967002656
2958622256
2971154164
2971145956
2971141540
2975337637
2966953127
2962824374
2962963606
2430217422
2430217422
3512363086
3545950542
3546016014
3545823550
3529005374
3529067806
3260679438
3260682526
3269071166
3284865326
3284758890
3246944763
3246945241
3318273497
3318273497
3309884889
3309958616
3578521432
3562776328
3564877576
3694896408
4230593816
4113153368
4114136008
4147748488
4135296664
4135229080
4063990425
2990129849
2989081259
3005829291
2976473259
2968199403
2963939418
2963939338
2963943706
2432177978
2432177466
2448954682
3556447258
3556376602
3556462622
3554242590
3285807134
3277346010
3277374682
3277374906
3277504906
3285865418
3254412234
3304776394
3303662139
3572016680
3572022824
3563625016
3559430776
3576212472
3593137608
3458876552
3463053465
3472494779
3472498942
3468304422
1337598247
1337532705
1303978784
1298739760
1143538224
1143620096
1143636736
69894464
69961152
1143966101
1143835061
1164810679
1174191022
1203550894
3602689710
3539768058
3539522138
3271226142
3271188782
3355074598
3313131558
3510354978
3493578098
3493525442
3520772033
3515450816
3548940192
3527968688
3523921600
3272242880
3239716561
3313118945
3299356643
3299354978
3299346546
3303606274
3295361026
1143678210
1143677714
1143612162
1164587267
90910723
99287089
99172401
99340353
99332291
124367059
124359123
1315552754
1315543506
1323932082
1319737522
1185527958
3337140414
3337137326
3329008811
3312365737
2247028888
2246766744
2221462008
2239296104
2272913000
2256170601
2264559149
2264458861
2264461901
2281423436
2382087004
2365182844
2356773180
2355855423
2621149246
2637931566
2637735982
2637801598
2637867470
2669329038
2681916045
2650392204
2633499268
2625110676
2619933412
2624205408
2632655392
2628264224
2628264225
2628280338
2678611986
3739837458
3458942978
3458877506
3325708482
3342489794
3313117634
3573230406
3585611350
3350753990
2260300486
2528834198
2461786806
2463691429
2463683236
2480444076
2446900904
2438511272
2440616600
2503531212
2503727564
2503731292
2503732285
3581568062
3590217750
3623772182
3556663318
3556667666
3556734322
2474399218
2472228802
3545903810
3545912006
3554362070
3554202351
3554202219
2480444200
2983757096
2966980904
4040792088
4032411656
4028218376
4028355912
4045128008
4145697096
3610915689
3598328619
3623757099
3585942842
3569105930
3569105930
3569095706
3569177658
3573506106
3588182302
3613278990
3592078170
3592077914
3594187338
3732660826
3740890746
2666024554
2682801770
2649235066
2649239258
2380801882
2246586874
2246574570
2246644154
2515103898
2498359451
2498359481
2229904553
2229910712
2221514456
2234226248
2234250761
2267772426
2250978874
2255103274
2259297514
2259252458
2259174587
2275983497
2280231048
2196476824
2196484792
2188092152
2184028796
2184049188
2184042020
2200921633
2204837153
2204777521
2179599360
2179599360
2172259520
3246005440
3241827457
3241821313
3241858435
3279611266
3288049538
3286873810
3354959474
3354967586
3354963490
2280173090
2271784482
2271788834
2506800914
2490031362
2624243459
2365245121
2365276816
2365067936
2625118880
2637701792
2637706656
2641958048
2650356903
2646096102
2310543414
2348292102
2348296198
3396937734
3405458438
3416929558
3416920374
3383361828
3383296932
3437758356
1282154372
1294229140
1295376276
1191440308
117548972
117548444
1464051085
1438825934
1437772047
1440917790
4117211422
4049910078
3580664886
3580657718
3580854334
2540621854
2524860735
2659070255
2591696425
2600077865
2598963753
2594703993
2615692889
2582148681
2573788747
2552997707
3626608106
2569780463
2603350125
2670450780
2674584588
2682977292
2682930188
2649358612
2632515892
2364019236
2359898663
2359964270
2360869614
2360870894
2360872110
2377661614
2376694942
2410282126
2414393486
2406004878
2368317831
2301340101
2284514773
2284518517
2301291540
2339040276
2322324480
2330655744
2326457600
2326455568
2330640672
2317893921
2318926707
2318927554
2335841986
3359255234
3371838150
3367705302
3367574230
3366460246
3366460758
3366462791
3387646292
3387478368
3379085664
3374875104
3358298576
3425351040
3426399616
3426401664
3447365505
3479804817
3338246577
3329792483
3346590051
3346660722
3313163538
3295319314
3303781650
3299390754
3317216611
3321410913
3352861809
3340340289
2266613827
2266699794
2266639410
2233084978
2220502306
2228961058
2224627234
2223509026
2357725714
2357729794
2358778390
2379750199
2381863287
2372467063
2406021621
2406083063
2407135735
2272909815
2273036791
2273036759
2239495511
2237394261
2245780949
2245652980
2237252092
3344663548
3478886300
3478781884
3473537468
3473537468
3473661340
3406485452
3377095628
1229611848
1230709512
1228480792
1211846968
1210733848
1214934281
1215032587
1214840154
1214831962
1214813658
1214809562
1239979466
1240045386
1240110938
3379208058
3412760426
3413882746
3422139226
3422262234
3489366970
3489370539
3489182123
2415441321
2373559721
2373625256
2373629864
2373617560
2372503240
2368259656
2368239128
2368415275
2372546346
2414488874
2410296618
2410295610
2410221578
2415394842
2398679082
2398872621
3405507892
3396892932
3458730240
1311246608
1311378768
1311380544
237646912
241833024
250221632
266935616
258563408
258562384
258726224
258603376
258603377
225048944
220846448
225139057
225007985
225016176
233535856
258702192
258571121
258603857
225049425
225040753
225040755
233438579
233438579
166328179
166426483
158031730
157908818
157907794
157891442
166280050
166280050
162077522
162077522
162078546
162086226
162102642
162102642
229211506
233405810
233405810
82410866
74018162
99351923
99342673
28039504
27883888
32078192
23624032
54032736
51997024
51079504
51009856
34294096
34294097
55269713
63658321
64739664
64608624
56228208
56359280
20560240
20560369
24747507
23698931
23836050
90943890
124499858
132888466
95139730
78231474
78231475
78231009
1156167137
1143582048
1143582064
1143716160
3442182464
3727272400
3727536113
3727005361
3727135393
2658521761
2681500325
2580816549
2579768303
2579768175
2580357438
2581541134
2577338634
2579239210
3656918058
3640140842
3629978650
3629842443
1482227977
1497960713
1263214872
198849800
182125832
175637784
170407736
187197209
455644939
489194954
493389210
1034454202
2108274106
1571403706
1571664570
1575858875
1559081657
1558704824
1558606824
1551249705
1551246633
1551246377
1551770667
1577006091
1475150089
1189609737
107544840
242880824
238691624
108666920
108536856
1190675464
1122551256
1139312056
1105763752
1097441192
3312170936
3316363929
3316298395
3316363930
3316232858
2242483114
2172646378
2172543274
2172527930
3246271754
3279826186
3288279322
3548194873
1398614040
1360866312
1360798984
287047960
269238584
822919464
822903144
822641128
860389820
1632145852
1900646844
1883878332
1883879100
1909307068
4056923837
4090429102
4082003630
4065210094
3595447790
2522627310
2547846270
2547911758
3588111438
3588123726
3588056398
3586975615
3586679677
3582554909
3620291352
3620290856
3611869480
3612926248
3608798520
3613041992
3579485640
3586821576
3586755929
3569913161
3562601801
3560629577
3576317437
3744092669
2674529261
2667123693
2394698733
2394695647
2394896206
2411075358
2381791038
2364878126
2364831038
2364855582
2358572318
2375345518
2340709870
2337031534
2333623678
2333738254
2340035846
2306486022
2289577782
2289634870
2289767958
2314810942
2314741294
2314745646
2348297534
2348297502
2347253003
2347238731
2305312089
3379118425
3379261768
3379261784
3379123576
3374964216
3374947800
3374954952
3374950857
3412699593
3412700617
3412699097
3681137305
3647574680
3630928520
3630805689
3626610409
3626692587
3626645739
2553945194
2604269690
3661234298
3673821435
3669627369
3669701304
3686299288
3366497928
3370695304
3429415816
3425353608
3425343112
2351600264
2368385721
2386211515
2388321019
2388325359
2388284783
2398702639
2264418349
2263373885
2263559173
2389325061
3463057687
3463123255
3471708467
3471716371
1324225555
1315767347
1312560163
1312371763
255470851
121253635
87760387
91950595
90769986
32050002
32070483
65633105
65755473
65624400
58292592
58292592
24771568
22675440
89784304
91881425
92002257
100392913
100392913
100260817
100269009
100236145
100219761
233515313
225126705
258554129
254352657
254350609
258676049
90899793
99175763
82402675
74045938
74054130
74185170
74185170
99350994
99350995
99218931
99201521
132755953
124367345
124367857
124367857
124629745
124621427
124622455
91086391
91094590
74313243
82603835
216855851
216847723
485021035
485021035
501806459
493416827
493416826
1030288250
1030353754
1063875418
1072264058
1038709115
1038709099
1038709115
1038709083
476672347
489247579
489370459
493564251
501952859
535507035
531181691
535392507
535392507
266957307
266981881
266981880
267112952
233435512
233435512
233435512
233435992
233435992
233436024
233534329
233525627
233525610
233533802
225145210
225046874
225038682
225022298
225162746
254457306
237682138
237681114
237746650
241810650
242078970
107597946
107573342
103444503
103428119
107618561
107618577
124454739
124342098
124345170
124377458
132774258
99187058
32078194
32110963
32110961
32110960
32095568
23836112
23835600
23704560
6926768
7975344
7976336
8100752
6003344
1104935665
1100708579
1099512546
1132998499
1138238819
1129854259
1193227281
123616273
92158211
100546819
83692802
208999698
204810034
204941106
209139474
75435778
74010435
74009425
74053969
74054003
90831219
90831219
90831219
124385651
124352883
124352883
124353011
124484082
132872658
132872658
99178962
99178834
99178866
99187058
99187058
99187058
99187570
132742002
115964787
115957619
250175347
250338643
258735442
258604402
258602354
124384626
132772210
99217778
95023474
95023474
78247282
27917682
27916626
27916627
32078161
32078193
24669553
22569328
22573424
21721428
21721460
50917732
55104868
55102820
55102820
21683524
720196
720196
589156
587108
578916
21549412
21681476
55244101
55115108
55106913
21552481
21757267
21689667
4914499
21691730
21552482
29940066
63494498
63691090
63634754
55246147
63499619
63495523
63494497
63494497
38402417
38467921
38467921
38525265
38525265
38467905
38467907
55245123
55245123
21690690
21617010
21756242
21690690
22739266
31193426
100399442
96205170
79427922
79427923
79296880
99219824
90831216
220985680
254531920
254531920
90823024
90831216
208271728
204077424
204077424
220854641
225179985
225040753
225048945
258734449
258734417
258734449
258603377
258603377
258595185
258595187
225040755
225048946
225048946
225048946
258603378
258603378
266991986
266991986
233437554
233437554
216660466
208271858
141162994
141162994
149543410
166320626
162126322
162134514
199883122
199883122
1269528946
1269528946
1269397874
1269430642
1252653426
3400067554
3404261858
3404261858
3404462546
3404388802
3400129010
3400071650
3421043171
3404249569
3404241376
3404241888
3395853280
3395853280
3391724528
3391785920
1261083072
1261107648
1261103552
1261103552
1265264977
1265334643
1261001075
1294589298
1298914642
1307311442
1303108562
1286200275
1290394609
1290338273
1223274480
1215016912
1214889968
1210629600
1210695153
1210760643
1227537858
3412762562
3404455922
3404332514
3400134114
3400138226
3416915426
3387485666
2313711074
2288549362
2288606706
2296937954
2298047842
2298047842
2313780274
2313702450
2313702707
2305424691
2414476579
2414411619
2414403427
2414468851
2414608083
2406080211
2405994419
2372503473
2355795345
2364190097
2364189840
2364062896
2355665072
2351467952
2368310704
2368642992
2368644784
2638128848
2638128832
2671163328
2536947520
2523381584
2523249504
2523265888
2540174176
2540036064
2540494817
2506938337
2507133937
3052327377
3035623891
3027105267
3027031522
3027107298
2968518002
2959997810
2959998578
2959933042
2955804274
2959990386
2960121683
2968510419
2968387027
2985164243
2985155795
2976697443
3010251875
3010321507
3018783794
3018779922
3010461458
3010453266
3006123538
2737700467
2741892707
2741892833
2750273392
2733426512
2733411600
2733414672
2725099824
2724575280
2787620912
2787617056
2787555600
2938559748
2904745732
2904807204
3912288037
3916484455
3916483431
3916487031
3916560759
3916560727
3914463575
3914463575
2840717655
2907799031
2909887991
2910014966
2908966326
2950847414
2950912950
2935053238
2935045014
2930847638
2930845079
2912100821
2899521987
2899513795
2891130323
2891000306
2899405042
2895247586
2895370482
2928843203
4002592193
3872580033
3858886976
4127224160
4143984992
2751468005
2752974181
2767587685
2763410295
2762394439
2795940423
2796006919
3869610503
3874784007
4130656551
3073646951
3023315047
3023512679
2755008615
2766539254
2762361302
2812726214
2795945671
2796004047
3065295823
3069489663
3056918767
3040141423
3023388783
2755020911
2754771311
2767382911
2763258463
2914171469
2930949701
2928783940
2924778309
2920583525
2922689005
2922766829
2922833389
2922569199
2943601662
2951991262
2918440782
2918317838
2901471006
3966887711
3967020831
3983802175
3983662463
4017212925
2943436029
2943440061
2943450300
2910019004
2775744412
2775744220
2784181980
2767289972
2779807348
2779807284
2711649812
2715844181
2716100309
2741270228
2742306740
2750697364
2717207956
2717220276
2716171445
2716097781
2749750517
2749754455
2749885719
2749820183
2741480727
2741481271
2741346103
2741929782
2708390662
2708402454
2708336694
2758037542
2753826854
2753835046
2753965110
2753968246
2758154486
2762344854
2762361734
2812729990
2796938887
3065308039
3069505925
3056918957
2989842860
3006751204
2976349669
2699526135
2695364575
2699558734
2716178190
2741278478
2742399758
2725753631
2742415661
2771411245
2754634021
2754688039
2754747431
2754743334
2766293302
2762099030
2780257734
2931291526
3199726983
3201651079
3193176501
3188986789
3205833637
3038192557
3044484031
2780297215
2777939934
2811341774
2794498895
3872434447
3864046349
3876689677
3879043849
3845624121
3845562665
3962761261
3962814509
3979592813
3983754477
4017308925
4025670877
4025679325
4008963551
4008963967
4025614143
4017157695
3983599167
3979404063
3979600671
3979605887
3983624175
3982577647
2908819453
2950893309
2950893276
2883786444
2883658316
2850038604
2850104092
2833327420
2829129004
2830175549
3903921183
3903859726
3901760526
4185924618
4185994330
4190180570
4223866074
2067863002
2067871194
2067871579
2068133723
2068149513
2034627865
1766176025
1766178649
1774567257
1766178377
1799732809
1795661657
3926235001
3926168937
3926177129
3926373229
3926307821
3926307823
3943089135
3944138223
3984051695
3983887614
3982580990
3982585055
2908972223
2908911037
2908889020
2908954524
2782994076
2767208124
2763009756
2763079388
2763206348
2779983564
2712692444
2750445309
2750437055
2742046399
2742308798
2742374398
2817875422
2816765278
2816814430
2951034654
2951157534
2909221662
2909085982
2909089854
2825192494
2833318974
3907193886
3908188174
4174522382
4173409294
2026054670
2026270990
2043039758
2034679887
2034745437
2034552957
2026169724
2026221404
2026355548
2017983096
2017843800
2030427977
2064109387
2064533258
2068726558
2035237678
2035053358
2018255166
2026119455
2026205503
2043146541
2034738543
2034679263
1766301646
1766300046
1774565790
1808054718
3930365374
3993277342
3993473679
3993408143
3993424575
3858944943
2786152871
2807057639
2784053358
2780022830
2813523982
2796743950
2796742159
2800931343
2790507127
2802865127
2752520615
2752524455
2752517287
2756910247
2761063591
2777864695
2813786437
2797006597
2796922628
2792677892
2788487708
2771743260
2754949679
2754950958
2754939174
2767522150
2763458662
2763507926
2945973446
2929108166
2929107142
2929111237
2926948788
2922684836
2922682340
2922745828
2922815460
2939682788
2943479676
2909857628
2905665356
2905862013
2905792493
2910046700
2909915628
2943372764
2943450573
2943610205
4025675581
3992182573
3992047413
3975204629
3966823685
3962629397
3962826021
3966946597
3983788341
3981625681
4015192401
4015184849
4015128529
4015058929
4015062503
2941378023
2941373943
2941508983
2943614839
2916212535
2916210487
2907756311
2907727638
2909889910
2842918262
3916910070
3916893686
3925149942
3925678294
3925817559
3925748935
3904775233
3904775233
3904778304
3904844096
3902611776
3923584849
4224526065
2060269265
2059875969
2059875969
1522873987
1573196499
1556427731
1556419027
1556436311
1556599894
1557650550
1557633238
1442228678
1475776454
3598681734
3594355335
3594289815
3594294005
4131238885
3061687652
3070028844
3065834540
3066027292
3070228301
3061839437
3061400319
3073987326
3040440814
3044634862
3187167470
3187167342
3187233887
4294704141
4286246157
4135315741
4135319861
4135451989
4135580743
4131311815
4148052182
3577639142
3560845558
3699250679
3707639635
3703512595
3703389745
3703320097
3720099617
3757847345
3622511425
3354014657
1202324161
1168835315
1173890023
1165501927
1144530151
1144614102
1144683726
1149160590
1165872606
1107142111
1140688335
1140687823
1140691743
1375507261
1375515437
1442637613
1467868461
1462691117
1463731549
1463731663
1463763343
1467945359
1434391518
1367282686
1358903150
284440430
1358177647
1358701855
1358713095
276578581
8376597
8315205
8302925
293503309
369067359
1467981151
1466808830
1467857390
1467788782
1467788782
1467807710
1467794378
1467859934
1476326399
1610507247
3741213549
3741279021
4278056748
4269604668
4269604668
4269536796
4282119708
2084229660
2084196872
2084176393
2084045419
2084053739
1815618027
1817714923
2090407099
1973027979
2006846667
1469975755
1452722379
378977482
400342490
1599649786
1601737722
1601934298
1601876922
1601872826
1610261470
1576707022
1576645599
1551414143
3698898797
3694702445
3694702445
3711676269
3745439711
3732850118
3730769350
3732734038
3732738102
3732747302
3732874286
2675581998
2361012510
2293895438
2293961502
2292724538
2292769595
2292773672
2313716328
2338885368
2338884344
2334759640
2334784216
2301193851
2284480026
2284483338
2297057562
2292863290
2292834619
2296963865
2305357336
3391868488
3391769160
3391773256
3391847768
3463017576
3463008360
3463037017
1164628043
1147859023
1143640159
1144688735
1077539197
1077469549
1634684
18435164
286919772
286923868
286987644
290984300
299381609
294138729
294138745
298334041
290003801
727897
1710921
5904713
14366041
13115512
13115512
29896792
46797144
38408569
38408553
38297451
46685034
46685054
13130590
13269326
13270350
13263182
13328719
13136253
13201773
63656293
38294887
38295910
34101606
38295926
38394182
46921038
59306334
59306350
1133048170
1133228378
1116386634
1133163902
1133032813
1137227244
1095283052
1074311256
1075491912
1074459976
1074457928
1074491240
50880104
34096744
38487624
38491720
38297208
21528424
4750700
4814204
4940125
4878685
4944221
4854085
55185733
38408516
38411588
46881140
38295909
38295917
38336893
38403405
56358239
6026079
14345039
13300559
13292357
4899669
4739941
4739941
4739429
4747628
13333852
4879692
21658952
55209289
38500681
38295931
38296955
38294906
46756218
31093082
14315850
14381403
14274939
14209385
30986600
39376232
39509448
39509448
34266569
21544393
4783611
4781563
4780507
4846027
4870491
21655915
55210347
46920043
46923129
46905721
63674747
21601787
4830687
4764111
4763855
4821215
4960486
782566
692454
21673414
63619014
47890374
43630535
43827159
48018935
38577591
51159479
51360183
17740197
21934501
55546341
1405916661
1382006229
1381412293
1381411205
1448525717
1450555319
1458877351
1467257783
1433899991
1433842039
1417011495
1414848807
1414816039
1414866215
1414933811
3696639281
3713407329
3721861619
3755941315
3755935171
3755951555
3741270466
3740226498
3736068822
3685737206
3685606006
3686053478
2582953574
2572462959
2572200303
2566962557
3137451037
3120682269
3125006685
3125015933
3124913647
3124901359
3120699391
3137475998
3108115902
3099791870
3095482878
3095426398
3096470862
2559602447
2563796527
2555412079
2551205487
2551271135
2568058575
2604754911
3678532990
3686912126
3686854719
3686851615
3686917134
3678600206
3678592014
3674397726
3674430782
2604892030
2571337326
2579715838
2563199711
2562802391
2562740935
2562814535
2562909015
2562912573
2579617069
2614154285
2588965917
3657521225
3657652441
3657660921
3678498217
3653337017
3653326473
3653440137
3645067913
3645076475
3644977643
2579625327
2613177391
2608901167
2613095485
2613163037
2604897293
2604831004
2600637756
2567149356
3103913516
3108240940
3108167293
3108200029
3116375805
3107987437
3107982701
3670019181
3670095965
3661839389
3661773845
3661706292
3657446420
3657458688
3389219840
3406228736
3361144320
3372092928
3366520513
3366662898
3366658786
2292802278
2294079906
2293540002
2296417506
2283833554
2284886210
2282928195
2281875778
2600643138
2600658498
3657830978
3663594178
3669558242
2611483046
2577928359
2577937581
2565350556
2558010504
2302174344
2300210632
3407506888
3420093912
2412477947
2374721018
2375941594
2380066266
2373764442
2407317882
2406334810
2381214045
2378064220
2382258456
2382176536
2373715832
2369533928
3443343336
3479141880
3453943195
3449658506
3449588890
3453783290
3447688698
3443440986
3743852298
3727073866
3727008458
2653201098
3191190267
3209860009
3151144872
3116494764
3175140332
3154148204
3155455500
3161876252
4260286508
4289708076
4272476204
4276674612
3190350868
3191581716
3057294580
3055471540
3038661252
3026061957
3034529415
2497656502
2497524390
2495427238
2495156966
2628322038
2628269878
2628267830
2364287766
2355899142
2288859398
2288335110
2289396998
2306073606
3413286934
3688017926
3670118663
3670049639
3670062821
3661667045
3389086453
3405978327
3405986807
3372366182
3644996718
3636597870
3649246326
3380622406
3414224966
3418404302
3418404318
3410081278
3410075134
3376536062
2302925295
2302863727
2302863679
2302860575
2303968591
2302793167
2302797277
2302731769
2311116265
2311183865
2311323609
2311323353
2302926555
2302889563
2336378491
2337503083
2345723243
2328946027
2345717881
2412888136
3444817992
3713253720
3709047160
3708007224
3707940632
3741494040
3724712712
1979947784
4127439672
4127300152
4128540168
4129280523
4265530186
4264481770
4251865514
3093696942
3102085566
3097959822
3097565630
2561677486
2561686954
2559585722
2555389322
2566940106
2567165402
3108158971
4223842601
4202928424
3935344664
3939538952
3929060360
3996360716
3996233740
3996241980
3912388844
3895603876
3900049063
3903655590
3903142566
4172556966
4170459878
4170459734
3629395206
3644926982
3359777798
3368238354
3364044082
3380821778
3380682562
3414232898
3401783106
3401676114
3401610530
3393221922
3393213747
3393256723
3393256723
3410099479
3410164999
3410156359
3410156358
3393445718
3410025846
3410034150
3376477686
3368154590
3368285535
3368146815
3368089455
3368091503
3384868719
3418421615
3418421615
3418454111
3384965199
3359792205
3359792461
3359858013
3359767933
3376543597
3376543613
3376537181
3410091615
3376479871
3376479087
3376479087
3376478575
3376543871
3376667743
3376667727
3376667999
3376610671
3376676719
3376512895
3376447327
3359669079
3359717751
3359865719
3368247159
3385008119
3418431447
3418455367
3393322455
1245820405
1245819380
1262596596
1262596596
1531033044
3678518740
3674323184
4194416752
3120675184
3120806416
3137518080
3137781248
3137786368
3139355152
3126673955
3137098531
3137094754
2868661474
2859223282
2875652226
3907173506
3907163266
3907158146
3914518722
4177589442
4211107046
4211223782
4211216366
4183230190
3100972766
3099538126
2562668239
2562334284
2562263644
2562202236
2358783572
2362974788
2363188036
2361057735
2361037766
2365360102
2369556454
2336000998
2319424886
2319367238
3665732678
3674203207
3673744511
3677936751
3678128254
3678062687
4214918495
3128862527
3136660013
3130303020
3130303020
3128992300
3124798056
3137394296
3103841020
3103947501
3108404975
3164473070
3182953182
3216515790
3216516046
3202883982
2657627326
2657618094
2653751534
3211675870
3178690766
3161892942
3167921487
3163791949
3163599612
2898309884
2902500076
2936054508
3204507372
3204609772
3205635693
3174436463
3043298110
3031243070
3031251006
2494315550
2645308446
2628001798
2359762950
2363949063
2364867863
2289335605
2306140516
2390616560
2390752704
2390482816
2386216832
2386216832
3476747697
3443156402
3426378898
3428476034
3445322962
3456066674
3455970338
2382232882
2377104146
2360326659
2360184320
2377948976
2373752612
2637992740
2568782436
2567886436
2572150372
2580408052
2576199637
2580004343
2613419495
3142355430
3138243030
3121519430
3125734230
3134187830
3135007782
3134989367
3128759317
2587296820
2586199332
3127265060
3136701988
3151844932
2577196612
2564615765
2564489062
2631552382
2625119694
2625119742
2625115630
2491090414
2498365422
2494189455
2494558092
2494099340
2515046284
2271774668
2251932620
2252009804
2251956268
2671452205
2637833258
3715770426
3632146442
3632146442
3630635802
3630369370
1231029834
1272988362
1269875402
1536197338
3686834923
3678446571
3678513129
3678515177
3661742061
3661864957
3661799357
3661799325
3661813757
3678565885
3678557679
3678541311
3644988926
3644923230
3644864862
3628088606
3628217630
3368169758
3363975454
1216352575
1216360732
1220546844
1212174620
1212250908
1208085308
1208089405
1208212351
1224923982
1241700686
1246938446
1253277918
1253277950
1251061998
3397427630
3401621935
3393233837
3376657036
3376525980
3359700668
3359700972
3359766509
3359833577
3359825385
3645038043
3645045067
3678842186
3662135114
3661938522
3661948698
3661935995
3661746539
3678655595
3645043963
2554483935
2554484191
2286122990
2311288558
2311280358
2311082870
2294313302
2295390486
2295456055
2295525749
2295517525
2639447364
3746811340
3725691388
3725638124
3724601836
3724668380
3724785117
3745755645
3712201213
3712201213
3695432189
3712152061
3712152924
3745703180
3746788668
3746583852
3746583848
3587265576
3570603017
3570881609
3570890201
3570915321
3570923257
3705132761
2630190808
2646906584
2672076153
2656365881
2656425275
2658354490
2658228010
2658350634
2675119658
2614171434
2580624698
2576426266
2576561178
2580747294
2614101278
2605713247
2336241533
2319475709
2319508477
2327900637
2596320476
2596381940
2613290228
2579741924
2579668208
2562891216
2554518852
2554527509
2567110199
2568412710
2568898086
2635744854
2639872582
2647184342
3637043639
3637044669
3628625805
3628822405
3629808021
3629808119
3638263271
3638123623
3638248535
3640283207
3648680259
3682300353
3682329072
3682267632
3680163825
3680491505
3680294899
3675580406
3675578742
3679773046
3737514326
3737375582
3749893967
3749895965
3754122044
3713092412
1330973464
1314203928
1314204952
1314197560
1314127932
1309937724
1310011432
1310093352
1276572680
1283361608
3439233736
3438119577
3438123657
3433863833
3366777515
2309812906
2343334826
2343444906
2343313838
2313430254
2289305702
2285312022
2301765638
2299668486
3373411590
3376489734
3409978638
3409974590
3409972591
3418430831
3418363999
3418454095
3385030751
3385056383
3384925565
3384931709
3359765853
3359766365
3359897471
3376660351
3376659839
3410214271
3661871981
4198603645
4198603644
4198603036
2856433692
2856434716
2852371740
2852369724
2869023292
2835509884
2818716396
2818708207
3096838830
3099329194
3098283434
3098282170
2578192538
2578192538
2313623754
2306222282
2304142410
2337793098
2337788410
2346176987
2345005467
2311382457
2311382445
2353331629
2354956719
2355088831
2355023807
2373908373
2373904021
2415191749
2398417876
2388972404
2405487460
2401292580
2401349940
2637346100
2641538357
2675092789
3755187221
3755187277
3746804813
2668754125
2668753117
2635153661
2635219455
2639415151
2498917935
2498983483
2515564043
2547049995
2547049995
2547103611
2681329515
2681328635
2639385563
2635416411
2618623515
2618629691
2618767914
2574727978
2574597434
2582713626
3652390922
3383963659
3381669913
1221603628
1220600100
1212200228
1212201264
1493415952
1526970384
4194539568
4194474240
4194481664
4195516992
4197876289
4180591346
4163834594
4163712674
4163124898
3097509026
3097499874
4221573362
4205918322
4203935810
3665995777
3670190080
3657480208
4194351120
4194547712
4194483200
3137510992
3087179360
2818739824
2824261312
2834156224
2829901555
2829876962
2829852386
2829848290
2842435558
2871803350
2871471262
3139647678
3152087294
3148941534
3113359566
3649185998
3649250510
3368034381
1212224364
1212363324
1220751900
1220661764
1220588308
1212202804
1476507956
1476507964
2013379356
2063776332
2046990924
1849068236
1848608508
1848414837
1848423021
3995906159
3995902189
2922176748
2892919020
2821592205
2821595013
2821594775
2834112166
2829598374
2829597350
2829597606
3098028278
3098294518
2578724934
2583047238
2614242374
3418498118
3401610310
3401643094
3401643359
3393230173
3393426909
3410081789
3384918013
3368286973
3368286933
3359865847
3359840231
3376550254
3410104383
3410104349
1212362764
1212182540
1212218388
1212201252
3359742756
3355548468
3623983876
3406010884
3389169220
3390210759
3392586438
3395945206
2330596002
2594779814
2678861990
2645307558
2644784302
2628002954
2631132299
2647893129
3712066952
3745625992
3745634248
1459869400
1460827896
1427257000
1410479784
1410481816
1412569992
1412438168
1425017000
1435506937
1318136842
1320296458
1320300810
3466789690
3483439402
3449889066
3366135086
3370155054
3360703518
3372237838
3372410126
3376669967
3410089279
3410091823
3376545583
3376512799
3376504591
3376512863
3385032063
3385029999
3376633215
3410187551
3410064671
3410064767
3410064767
3393410431
3418576383
3418576379
3418611707
3418617849
3376658393
1229166408
1262589784
1245754652
1245756732
1245755452
1241561116
436320276
436451380
436386868
436385024
503501568
504807936
1445937760
1475203680
1437390432
3568099056
3568164544
3706576576
3706453696
3702251216
3702120160
3702029026
3736627686
3736873190
3732682854
3661432926
1513494558
1513502734
439757838
169225230
173157390
190021455
197377661
465673813
428969685
953261777
953269201
684825040
674339280
1815189840
1815452016
1815591536
1815526000
1815523041
3963068129
3962883809
3966033889
3882638564
2792118436
2792102116
2800621796
2800622068
2796436468
2796501716
2779655876
2767072964
3035578004
3165392803
3165396402
2628594818
2645440642
2662144178
2393643234
2388924454
3459546134
3392596998
3392334854
1242721287
1246915589
1246842116
1241533796
1241734133
1262640085
1262640069
1237408199
1237408727
1234395125
1238622197
1238499191
1230075767
1230074839
1209103327
1213411839
138617343
147010005
146871764
146879824
146876208
138427936
205536800
201338416
201452032
202553856
85101312
104303425
40733139
40746449
40744049
36679793
103788657
372158545
355381265
338604129
1949283169
1978578529
4088312547
4067267266
4062991042
4079817346
3492754082
4029428386
4037814178
4037819554
4037286055
1352931511
1353005189
1088826501
19016836
36891780
35896644
39885076
39890212
308325664
1382065184
1915199744
1915130624
4062609920
4062609920
3844506160
3962470944
3962557024
3966563040
4021056226
4004263906
4004256230
3999545590
3995351126
1847990358
1852184582
719731718
980825094
980820999
980902964
980764452
997543804
1064652637
1063640917
1030085973
1013816689
1013816819
745388531
745388531
745388531
745389043
745380817
758110801
791607875
774798915
774864482
778862178
787233634
783038818
799881286
766457926
766343238
766335063
800020597
670005348
661518692
657324900
758110548
758110532
745527364
741210181
741210183
741341287
741341287
745404775
745404791
745370967
611135959
627913207
661467627
627913707
635777771
619000570
614940378
883366602
883899082
883899082
346880714
346864203
351059533
893162828
926856524
910078292
1988010340
1988076004
2117907392
2118107840
1059996272
1009652321
2016227943
2016159334
2028743022
2024548462
2091653230
2108037326
1604746446
1587584206
1587577037
1604358356
1576047604
2136192740
4261586660
4261586612
3053627008
2786493056
2721022624
2720903841
2737627809
2704074401
2691464929
2691653237
2700049973
2699849253
2699849253
2691463717
2708262711
2708262687
2741853471
2741853503
2725072182
2725104950
2725108022
2725116018
2725116018
2733504754
2733627634
2733562067
2708404417
2691627456
2687434432
2687434432
2691563232
2699853540
2699853540
2699852516
2699844597
2716621181
2716662143
2716728190
2716728190
2708339518
2737634110
2737625886
2741828382
2708338974
2708339006
2775406911
2775406965
2775406964
2775415124
2775546324
2817489364
2817489372
2813164028
2947545597
2913466879
2913467902
2917662206
2909274110
2909143038
2904915966
2904915935
2774888927
2775003615
2783391967
2900832478
2896572638
2896639166
3169286334
3169278206
3169245406
3202807886
3202807822
4276545550
4268155918
4263964687
2116374575
2117357615
1043816495
775315519
775322639
775310349
796346709
796219735
803592535
762173783
762173783
762173783
762173783
762173813
762182005
795736437
795736437
795736949
770571125
770571125
770562903
753785175
753793367
745404503
757987447
757987431
758118759
762181991
770562407
636344663
628087111
627964239
627964255
627964271
745404783
753793407
745503071
745502799
757954639
795703663
778910063
778902511
787290879
787430111
783252191
783253199
799506127
770015183
1030061519
1030061535
1030192638
1030183910
1038572262
1021672182
1017248470
1017248455
1017248711
1018294213
965863284
965863268
1003612005
995223013
991002087
991108598
456330742
455282166
460527542
431043238
431043246
412100558
412167887
416365253
148064853
160520740
1305603636
1305601540
1297195588
1276228548
1276376004
1276269444
1282802324
1157038759
1152325350
1152204518
1152135142
1157377446
1148462246
1144267910
1148526982
91709830
133677447
133400023
133268791
124894519
119581991
119842615
124560151
258863639
258687509
226165524
209388324
209270052
142093348
142091296
142287872
209326080
208601344
73859328
90653456
124244528
115864112
250082933
249943669
249939670
249878486
241489886
241496574
241479934
241218814
241415422
258129118
258194654
241282462
510704830
519093438
519287966
1047703709
1043501276
1043501180
1041412140
1041408044
775069740
775151652
775152676
791928100
792184117
661112309
627425725
627950012
627955612
611188636
1693317820
1693317820
1693309660
1689123420
1689123388
1705373244
1739908655
1727325742
1718902062
1714703470
1714751742
1713768646
656808070
791051398
796294290
771194242
771186115
770170819
753137921
769915153
761526545
795076625
795076625
794945841
794949923
795991335
762699623
762699767
762699671
746577815
746445237
746437029
746453925
746449909
746453975
742382166
740674358
1818615590
1835330854
1835363622
1844276566
1845456214
1845452247
1841254389
1828540404
1828544468
1836936148
1836936149
1870097365
1870102485
1853325015
1861705559
1861703495
1861744391
1861743879
1861612855
1869935911
1867904319
1835007359
1834995039
1834999135
1836972893
1836973949
1836965757
1845354341
1828577141
1828060501
1828715847
1820319063
1820188023
1836973411
1870525811
1870516595
1870516599
1870521719
1870654967
1870650871
1836959991
1836964279
1836972471
1845324799
1836941311
763191263
796876109
796884253
796753213
779975741
780004413
796779837
795862301
762301725
762039629
762043741
762969597
762961901
762961901
762968061
762935293
746160085
1820032983
1818976215
1827360502
1827229622
1828282294
1845063574
1845194630
1845194630
1870364566
1870233527
1861842917
4009351013
4009612604
4009557276
4001164572
4018007356
3992976700
3976122141
3904818719
3975663166
3983855150
3979634478
3994314094
1846830182
1846899958
1851227382
1860066518
1872645574
1839122886
769644870
752876550
746585111
678951991
695598375
696122679
696110391
729665399
727572327
710705135
777809391
794783199
794787279
769613263
769613279
752705023
618487679
618493791
618493791
635271039
635271039
625864669
625803229
1707985853
1707985853
1707985821
1733294477
1733258637
1867408775
1868460983
1837061031
1828672419
1828550577
1828582865
1828584785
1828584753
1843789105
1877339415
1860562230
1852173606
1853222182
1849023798
1847415062
1864200534
1864315391
1868431869
1834680764
1826161592
1826165432
1826295544
1822362360
1823939161
1823817225
2091152905
2091966985
2096165387
4228952587
3977355801
4009993769
3993171561
3997685497
3997450971
4266918875
2117862395
2122121706
2122256618
2147422330
2109681690
2109612058
2092311562
1555506186
1559720986
1560147034
1566430666
1568457162
1602077658
1610601467
1610609147
1610576379
1610437099
1602031979
1568616827
1564418361
1547511065
1549608217
408761625
417281113
434058329
433934681
469516633
192725337
461357913
461091705
461091195
997832043
997963883
981117051
981117145
981051593
976796873
708350169
708411481
708477033
706379819
706388011
727375914
693818430
695911438
691784710
691657847
689532263
693725671
737889271
704334807
704596951
704596951
738164695
735915895
735653879
718874615
717844471
717848535
719019991
735796935
727449287
735836759
702151535
697948525
685635661
677247053
673044557
673176669
689953895
727700967
727570407
727316454
727314390
693893590
689686998
693750007
695859303
695990375
687602807
687856647
679468311
679337271
679337271
675150135
696088871
729643879
712596327
720980839
720992629
721119557
737897925
695991749
695851477
695859701
695851509
704502263
735960567
735960567
727576055
727576535
727706583
729799639
704629495
704498679
687725399
687831367
696084807
763193685
794651941
777870629
788351781
788355893
788355893
788495125
805296391
771750151
763090951
695851015
691624023
728324455
728332647
728309095
736955895
737091015
728710599
728711135
997015215
1005394607
1001200319
985479903
966605535
949758671
948709967
411838991
416116239
483119647
482972415
484025014
1020830374
1022931623
2087486895
2133704126
2033039806
2016246718
1484667550
1493056222
1493051934
1486634782
1488467774
1505239358
1505239086
1240997942
1232609302
1215836162
1215853842
1224258930
1220063730
1220121042
1220252114
1272623490
1254798723
1523498113
1523562640
1514518704
1510250740
1510333684
3674605012
3641049684
1482039916
1489438317
1485053549
1488989951
1489006285
1505820621
1539438045
1522651612
1522594140
1514189084
2063643964
2063709485
2063711533
2064102719
2068231439
2076619599
2077144029
2077071343
2068633071
2030861821
2030861429
2013625381
2013691189
2026297109
2022097413
4169384533
4169200325
2042667717
2067850965
2063662565
2047109601
2047158769
2051422544
2068192560
2076579121
2043019573
2076459319
2076500055
2076483782
2059706562
2059707570
2051325107
2051325105
2047326449
2064055665
2064047376
4178462464
4182639377
4192141937
4192142311
4187821031
4191966119
4190922647
4190955415
4190957463
4186763255
4186881527
4191067447
4259155775
4284254014
4280071006
4280201550
4280193359
4279156983
4283286757
4283235557
4283231460
4279102708
4262362197
4280210501
4284400903
4283842903
4252455283
4260884947
4260819907
4260874225
4258645984
4250203828
4250234564
4246175429
4250357607
4250212134
4258542886
4261160310
4261160278
4292701558
2124340582
2124400999
2123139125
1858906116
1846324228
1846457348
773754884
773226500
790020129
790089763
722850851
722852195
727567079
735955559
738052709
733993781
738195717
704637957
696116229
691889207
692024423
725419239
729613798
738002926
738004927
720314015
717175501
717175501
985475805
1002253021
1000173263
966649551
949872591
953984398
944546958
944608415
944626863
940371437
957181421
957296509
996024125
996017965
1004472125
1004357407
1004042078
970483550
970515966
952759806
952689150
2026398718
2018341854
2018448094
1480988254
1489378943
1489459959
1484815095
1489005303
1489006039
1530950983
1531121671
1497760007
1497760023
1481052967
1480925735
1480876591
1506076223
2076505631
2055714509
2055708365
2059704220
2051315128
2047127976
2047652008
2047717560
2064511480
1762588537
1745813051
1745812010
1751013930
1775623802
1774507866
1808056778
1807798747
1807802873
1799479805
1799774717
1766257005
1766215981
3905246509
3905748271
4174180223
2043473790
2077032190
2060449790
2051528095
2051397007
2051396751
2051396797
4215796925
4215469277
4181906629
4249011669
4257469943
4258657751
4292343238
4292335094
4283749798
4283753895
4283785655
4283843069
4283843581
4283782013
4260652861
4260685597
4243909951
4244110654
4244030766
4260873518
4258578495
4250198031
4246069271
4246205557
4246140245
4246134741
4284403415
4294954710
4294952662
4294821590
4294760407
4252824421
4252819813
3967672597
3967807509
3992440949
3984053365
4017607783
4017605879
4015512823
4016044535
2950687604
2950561652
2916941364
2916937268
2908546580
2759845396
2759782932
2759774772
2759706148
2766980644
2699873829
2716651111
2716650471
2708261367
2708273655
2708339159
2708401623
2708405719
2708463095
2716852086
2716720950
2716663574
2741825398
2741829494
2737700822
2737699287
2741819895
2741815541
2708326517
2700015637
2700016917
2700011267
2716788290
2708334194
2741821410
2741816226
2741815730
2741782967
2742901141
2742974916
2776526276
2784912708
2783929717
2783765861
2917987687
2951533670
2951531638
2951695478
2876136566
2838395958
2821614614
2825806870
2826314758
2826318854
2826318854
3898488086
3898551574
3914149702
3947114311
1782852935
1782857159
1791769725
1787761773
1787692092
1804469276
1804408076
1808540936
726426904
709682489
709670265
709670265
718060921
726449529
726449529
1766176617
1766306665
1745269625
1745261529
1745261529
1745261565
1745338349
1749416877
1757797293
1757739997
1774516685
1799812557
1799770437
3947249685
3913695269
3913707813
3905385765
3905421175
3922001747
3955534803
3934629843
3938958803
3938948561
3930359249
3926168021
3926385141
3926320615
3947288550
3947283942
2873378278
2873916902
3956047334
3956235750
3956215255
3922673093
3910021069
3909758797
3910801213
3915055919
3919118638
3954704750
1805148382
2073616590
2077811918
2068374670
2068446430
1498086638
2034957422
2034949151
4182691079
4259220741
4292838676
4292712276
4292719556
2136986564
1512035284
1528390628
3675874020
3675862757
3646621541
3646625591
3654890806
3657000214
3724141894
3757761862
1606063430
1606059463
1570342389
1574479349
1566090708
2098853364
2099107301
4246726117
4246719975
4252978678
4294923766
2147440086
2146923974
2144817622
2102677862
4250165607
4258603383
4292215669
2144798581
2144671573
2145218269
2111663829
2111799255
2111690711
2111690711
1574491639
1566106855
1566367991
1562239191
1562276951
1562277191
1564362103
1601689463
1609946743
1605760855
1605760839
2144851271
2136329591
2035613029
2035639605
2018985749
2018985525
2018849333
2018849333
2019373621
2019308068
2018255396
2076975916
2060198152
2060390408
986518536
445389864
445463593
1603169307
1570688202
1560071306
1551666570
1546489242
1564383130
1609480090
1525523098
1521275546
1521337018
1525600874
2070340139
2037703211
2033508911
2016715551
2033558335
2031592215
2069280071
2068223111
2051312823
2047126695
2114303157
