627964279
627964279
627964279
627964279
627964279
627964279
627964279
627964279
627964279
627964279
627964279
627964279
627964279
627964279
627964279
627964279
627964279
627964279
627964279
627964279
627964279
627964279
627964279
627964279
359528823
91093367
91093367
74316147
74316147
74316147
74316147
74316147
74316147
74316147
74316147
74381635
74348867
91126083
124746067
124615027
124647795
124647763
124778835
124778835
124778835
124778835
124647795
124647795
124647795
124778835
124778835
124778867
124647795
91093363
91093363
91224435
91224403
91093363
91093363
91093363
91093363
91093363
91093363
91093363
91093363
74316147
74316147
91093363
91093363
91093363
91093363
91093363
91093363
91093363
74316147
74316147
91093363
91093363
91093363
124647795
124647795
107870579
107870579
107870579
108001619
124778835
124778835
91224403
91224403
91224403
91224403
124778867
124647795
107870579
107870579
107870579
108001619
108001619
108001619
108001619
108001619
107870579
108001619
108001619
108001619
107870579
107870579
107870579
107870579
107870707
124647923
124647923
91011555
91077107
74299891
74430929
74430929
74431443
74431475
74447859
74447699
124746579
107952403
107952403
116341043
116336947
116210035
116136307
107764083
124606835
124606835
124737907
133036403
133036403
124647795
124623731
57514483
57522673
23968177
23968177
32356784
15580080
7191216
2997936
3128977
3128977
2604721
2604961
6794145
15051185
1088797073
1088790417
1357234128
1356965616
1356901984
3504385632
3495996001
3491888737
3491978995
3491968691
3508741042
3546296738
1390412966
1390415078
1390622966
1390553158
1390553094
1122117638
48460806
48288007
48296199
65122583
65180949
23235893
6524213
6397303
6422003
6387187
6378963
6768083
275138035
1365767649
1407516129
1407516129
1407498692
1407695301
1398975429
1365426053
1365434037
1344394933
1344325351
1344296679
1361143407
1365321263
1398812223
1407196958
1390500926
1386306622
1403091007
1373927455
1357248525
275176781
275142477
270944125
270812031
270816111
811874151
820278630
820276582
816082407
816314871
820500935
1894238663
837114309
828669413
828665319
837119333
837236085
828839287
828708183
811955543
828863863
828833127
828898807
820304327
820288455
820304837
820370421
811981797
828735477
862348661
862335351
845549911
870658391
870708599
1902505317
1910880613
1910815735
1910807239
1944361679
1923456719
1927779278
1919390686
1915188206
1998992366
1965436782
1546005038
1550195494
1549994790
1491077430
1486895106
1218454530
144912386
144904194
145829906
156247347
168000769
172154115
172154179
172088659
188808547
155238243
138461027
138526547
138592065
138582849
138648401
138525297
138525297
138656337
155385409
188931651
188997459
172220275
172097395
172097395
172096883
172080499
172078961
172078961
188987217
188987216
155432752
138655280
138657296
134462976
134413824
134412816
134381072
134356736
134356224
138544128
138544128
146998288
148046928
215155792
231806033
233903217
99685489
99947601
66393169
66409683
66442483
49667283
49659347
49659347
39305171
39305171
38256531
38125491
37861299
37795234
37795234
37794978
54568098
29422818
12661859
12985379
12985633
12986145
4664865
4529696
462336
396800
5115649
5180673
30215489
31285075
90134355
92272595
125687795
124639219
124630962
124630450
124761490
107984274
116372882
116241842
116240818
268284850
268428018
265774834
265760498
200747762
175578098
175442402
173029874
181415378
176164882
176226322
192950562
192946466
188752163
167798051
168025347
172154179
172154179
172072819
172015587
188792803
155237219
155433811
155433809
155433809
188857073
172079857
172211923
172211923
172209875
188856307
1530968033
1497415649
1497481185
1497628145
1229193169
1229127633
1229127633
1212415953
1212284368
1212413392
1212405200
1287837136
1287845328
1279459264
1279451072
1275252672
201508673
201512785
202568977
89314579
1165214994
133252466
133258706
133299667
116915635
1190485426
1190479026
1190610131
1190610130
1189565650
1181181426
1181181298
1114072434
1122358610
1119142386
1186255331
1184161952
1200940208
1171645620
1142414516
1144507892
1094176244
1093914580
1093785173
24241687
32633399
15856439
15786291
1081466931
1081570353
1081496849
1082023184
1090518576
1090379377
1090375377
1098763907
1128259459
1110957443
1115149458
1123402931
1123242147
1123246483
317941123
308506579
325283361
291580451
291515955
299898659
299897127
291770662
275058990
270872638
70530366
72358206
215025958
209783078
142673970
143726594
143854850
148058370
188883266
172122434
172122434
180539730
180606434
180418531
180400099
172010339
188791651
155302771
155302771
155302515
188857971
188989011
188986961
457421425
457421425
457290613
1531033445
1497497453
1497610621
1497610589
1497545037
1497610701
1480834509
1480693197
1480700245
1480700756
1480766068
1476571696
1476588080
1476588048
1476589072
1476556560
1480744208
1480722433
1489111107
1489176642
1287982162
1288002642
1304909122
1338986834
3331314002
3332346226
3332354418
3332346193
2459927920
2461894000
2998765536
2996606688
3000802912
2724044384
2718809696
2718940769
2719858274
3793526050
3795639330
3861699618
1730960434
1714371622
644757542
653146151
653137943
653138007
653211991
649010007
649009731
917379651
380508867
380517059
128924353
78461633
78396097
78396097
78462659
78460611
78607043
82801347
82834386
74445266
74445266
208531955
224981347
241758563
241825139
242089303
242088414
174979530
174913930
174914458
174914490
174374826
165724074
144766906
144765882
145813946
143905274
198353386
180543978
1245897070
1245881198
1254339430
1254142694
1254143719
1270920935
1237368805
1564721109
1598291413
1593966068
1581383540
1581383540
1447264052
1447197972
373521684
306412820
306281788
323181884
826494236
809585948
805326141
805330237
805330221
809618797
809618933
818011541
818011541
809622933
809754037
826530229
826431893
289569749
289831889
289893201
298155985
289931217
289927057
826666897
826652081
835028401
835030449
860200337
860224407
860224439
855997431
856124407
857173350
863429670
871882806
871752022
871675222
871734743
869637079
827821013
827689461
827427317
1884536661
1884464977
1886561105
1903338037
1936896821
4082349857
4082351905
4090739489
4090747697
1934711313
1934703127
3809558039
3809699702
3780277606
3780232422
3771778279
3767590103
3771776193
1623301569
1614859968
1627414097
1628647009
1662135907
1645358947
1649618274
1657869394
1653933123
1653867591
1922325575
1943371207
1943535046
1943526358
1909545590
1347426934
1414543990
1414610454
1423123730
1557345314
1553142818
1557212194
1574120514
1540499651
448936067
180575617
172023217
440450977
440448993
1530967909
1532084021
1532215093
1532084021
2071052069
2071052069
2068946743
4216561429
4216561461
4198670183
4215463783
4215463783
4181876725
4182908869
4182980053
4257310181
4240470245
4240494821
4240699605
4232311877
4227923201
3691047171
1548872467
1414720018
1414725122
1414678018
1415005698
3558163986
3561297266
3511115122
1372015698
1371884594
1371888658
1372026114
1372054787
1372054801
1371927840
1397085664
1380811936
1380811920
1380947072
1376623760
1913429424
1913429409
4065312163
4065324450
4065324450
4065193378
4065193362
4074732930
4076750226
4076828082
4092538291
1911369137
1894529440
1886140832
1881946544
1882143632
1886269312
1903050688
1944999873
1407797075
1382612786
1382608690
1382595122
1382595106
1390983714
1391000370
1387003138
1387199809
1403977152
1374576016
1345211792
1345146256
1345289616
1345285296
1348822240
1373992433
1408007507
1382821746
1382820386
1445734950
1428961846
1416567314
1420173074
1554390274
1554193666
1285766418
1218518322
1222647075
1222651699
1232105265
1263656785
1245961681
1245814257
1262525665
1262533857
1228978529
1262729523
1531099923
1510128403
1510193715
1514389299
1514389299
3661864787
3687030355
4190289649
4190355168
4181769824
4177567328
4211122032
4211260752
4211260528
4211252320
4215459056
4215528689
4215405011
4198559187
4198756338
3125215090
3125204274
3210134802
3185034514
3170362643
3170891025
3162492176
3162361648
3162365744
4236246896
4261345616
4294891984
4278175953
3195652307
3191463106
3191430610
3191559650
3191563618
3128633202
3135846178
3148699426
3115145057
3115122512
3115122112
3095198144
4164745664
4162251920
4179029168
4183219361
4225060001
4224994771
4199837638
4263309014
3206409974
3210672758
3185499670
3183201814
3181956883
3165187345
3169447184
3177930064
3173584369
3207138787
3207142818
4285218210
4293593570
4289400258
4260052226
4243401986
4235013891
2095935281
2096066352
2096921376
2096908576
2021394720
2033457168
2033531920
2067143792
997592177
1006505459
1006373331
972831698
947665618
947133010
955719218
955662115
951467827
414657795
414264577
435174657
435178769
527485296
527469044
527474164
527474164
493993364
494124436
494124468
494116276
502439413
502439927
267583479
1207171062
1207170038
1173611518
1171513838
1154609646
1154545135
1154521533
1154587037
3344152989
3276974477
3262295437
3262298061
3262354399
3276964847
3243430654
3520263135
3499288567
3499156967
3503351015
3490737383
3490729205
2165557461
2467481940
2454911236
2463296772
2463229700
2458968852
2189480484
2206319140
2172749351
2441125414
2438240806
2434042406
3010758950
3002369062
2998243430
2998243542
2994581703
3056447621
3039678596
3039774868
2955286693
2955294887
2967878070
3030793094
3081125766
2544182150
2544116098
2280923554
2213815782
2209755106
2175942338
2174951107
2174842563
2174805697
2178983889
2178988001
2204147680
2184224608
2452667761
2452731173
2452730917
2456921189
3002317940
4092763588
4090683332
4082294724
4082292724
4061230052
4063257068
4063256684
4078985260
1902306365
1885535245
1885526285
1886509327
1886705935
1903282191
1897090071
1997688855
1462972439
1467166839
1467159015
1441927911
1441937139
1420967635
1421041345
1420938817
1420875265
1420861968
1425056560
1425121328
1441968145
1467125777
1450366035
1446075507
1446004966
1579223271
3726842855
3731041007
3735125726
3735049935
3735048911
3600827087
3605025502
3605095398
3621806311
3589365925
3572723877
2498909317
3562175621
3293736837
3295862516
3304185573
3585144549
3550536309
3533760309
2464208165
2451623205
2183253303
2468543767
2468540183
2439180054
2448520966
3522381638
3520223174
2475851254
2459008487
2458942883
2463170021
2450578917
2467352021
2433994180
2417143236
2966662980
2964569973
2964567669
2964436581
2967518823
2959117927
2971700775
2971785014
2971923762
2971821362
2976001394
3009559907
3018984673
3019048177
3000177792
3000115328
3555860612
3522311300
3589414277
3588360902
1440750182
1440758318
1566583342
1566584602
1600140298
1600139274
492843019
962666505
946872600
944776184
1010853816
1019270841
1019332523
1036093354
1069782938
390305675
369342345
907261385
926133592
1931585816
1935784216
1944296216
1654889241
1654824731
3873604874
4133650746
4129468714
4263698734
4280439086
4246881086
4234282302
3970121014
3970000934
3902826534
3908069430
3925077046
3956464919
4224894727
4199667206
4194366982
4194369142
4194430566
4194496374
4198694758
3133329254
3129331511
3129270069
3129274164
3135109908
3126648084
3128810756
3128612161
3145389379
3111798739
3095353059
3095338593
4169075313
4167895633
4168956673
4168427776
4176816128
4176755761
4174658593
2044017699
2076654641
2059676737
2059693121
2059693249
2059787761
2076495841
2044514017
2036322001
2035281607
4216123094
4223987687
4203011559
4204121319
4225748119
4217284999
4183731077
4162825109
4231908277
3962883509
3967143333
1819473060
1683123428
1683172468
1681926148
1681926148
553658676
554908453
592592421
600972837
596774421
595856903
562302791
562825671
562825607
835471751
827185559
827193751
827173271
827189685
860748213
860879285
860813717
860810133
869268373
869125013
333015991
301558198
300509606
7039462
7044390
2849046
2980098
82147586
77687570
77687570
211909426
211974418
144866562
157445379
192040195
172150019
172219715
172088691
188808547
155237731
138461027
138526547
138592067
138583875
138648403
138525299
138656371
138672849
155384769
188932033
188932033
172220369
188872689
188874721
188792673
155237729
155301217
188856177
1262729041
1229174609
138647312
138655280
138526256
138542640
134348336
134315552
134364720
134364928
134356224
134350080
138544128
163775504
164824080
164824144
166925393
166925393
166794321
167187537
167203923
267736147
266720371
266704211
115719635
107331027
107331571
107331571
107331571
108395251
40958691
40909411
39075681
38026529
306521393
314908705
314843169
314848289
314836001
332139617
282873185
284969315
275634547
275634547
275773779
292550995
326039875
309262787
309311955
317700563
318618099
318619123
844938723
843890147
843890147
843955699
844086263
575650807
575650807
575519477
575519735
575520679
1645199270
1645127078
1645192638
1913501078
1896863158
1611584934
1615789478
1624178663
1888418789
1888480244
1942809044
1927080324
1914562692
1913543812
1912999045
1913062565
1929778599
1883649959
819345047
816197271
816066231
816066487
816063990
816062710
300179798
333771014
334271750
334273814
329816382
329832766
329800063
296360413
300563404
292170700
287973340
287905788
288110572
824976892
862729692
862731764
862723572
594299253
594332021
560847191
560855415
560986487
560986487
560855415
594409847
594409847
594541399
594541399
594508663
594508663
560954231
560953719
560986487
569375095
569227607
837662039
837661015
862826775
862826783
829403455
829403455
829340959
829339933
829339965
829159701
824916437
824850829
824851343
862586775
862651319
870921143
866726839
598270886
598516710
602711910
594319742
590330238
560904566
560905079
560905079
560906101
560922469
560921445
556694373
556022773
556022741
589634549
589708261
602291687
564608487
564403455
564403399
564410439
564951367
569178439
560847703
560855927
560855927
560855927
556784503
560978295
560978279
560847223
569244023
569243959
569227543
569227543
594394390
593870102
593991998
593664318
593664830
602128190
593608478
593606430
1667479326
1667412798
1667412335
1667425647
1668546031
1676900607
1643321567
1626478733
1626487181
1617050013
1617042879
1625309695
1709208063
1709236607
1709220158
1700831550
1700897046
1700902678
1700902678
1701035830
3882072886
3882006838
3848444214
3983972661
3984055588
3981958964
2941699796
2791196292
3059615364
3059685268
3059037604
3058973857
3084147873
3050665459
3036047303
3031884615
4105691911
4105498935
4126467111
4151596071
4147463223
4113976439
4097203575
4101406038
4110318918
4110384454
4108152258
4108154323
4108277203
4116666323
4118247379
4151826417
4151836656
4151836496
4160207152
3891632432
4009007408
4009012528
4009010228
4009074740
4000837655
3996512310
4013191270
3844870310
3844998310
3828223894
1693387398
1705450134
3853983381
3887412868
4155777604
4155843076
4118094620
3581219628
3581220412
3572964892
3572980508
3585428271
3585952558
3552409950
3556593102
3548119518
3543925214
1395982686
1396052278
1360404774
1901471031
836189953
835000065
826545937
826545969
860098337
860098339
868486967
834932535
835018583
835050327
827186007
827121111
827121143
827186679
827170295
835698167
868727287
868596727
868596727
868596727
868727287
868658679
868658423
860335222
860204118
922860758
922991830
654490838
654490867
658685171
658681329
1698872801
1698862577
1698862545
1698870723
1699128787
1699131379
1699069923
1707401187
3854884851
3888959447
4149172215
4149114855
4115555815
4115557879
4116611031
4116600773
4124039109
4119713361
4119656033
4119652195
3079464803
3083658611
3076289747
4146024663
4145950935
4078842263
4083024791
4048945879
1909917399
1960124159
1960066031
1960061423
1960077455
1960245391
1977076879
1976866207
2002031551
1997832959
1997771519
2131944303
2136073775
2102421031
2104518197
2102552325
2085765893
2085830933
2094125175
2093077607
2093063271
2093070455
1841342679
1849731271
1849863559
1845659015
1845724599
1850983855
1850992047
1850992039
1850992103
1878258917
1878103157
1878041621
795913237
795913237
757316661
757267493
757259301
757255271
758369639
762437111
762437111
762445270
762574326
762508663
770889591
769902391
769718037
1836117781
1836182805
1836285237
1836277047
1819495798
1827757942
1844657782
1844665974
1844923990
3858062934
3891625495
3891605013
3874828052
1718953492
1718957588
1718949428
1716848181
1741948469
1641354807
1624708918
1623534934
1623469174
549731414
549719238
566234310
591399111
575084887
576076645
592587557
601041461
566238981
557845773
557849885
558054717
566439725
566312749
566233909
566233879
566250263
599804695
600135959
591755607
591493463
591493495
591485303
557930871
557931383
558070647
566323991
566324055
566324055
566311799
566303607
566303607
566324087
566324055
599878487
599874391
591485783
591485783
599882615
599874423
566578039
566578007
558188887
558201175
558201175
558201207
558356855
567270263
567270263
567139159
567139159
558750167
558750199
558758391
592443895
592423415
592427511
592296407
592288213
558865909
558874101
818855925
835633047
835698583
810400146
1884142002
1963825570
1963956642
1996925858
1996941986
1984360115
1992716161
1992699265
2009476480
2009410992
1900363168
1883709344
1883575969
1883506353
1883520899
826555794
826292386
869300391
871397623
854715461
853781765
853779717
853784341
853647143
1927322919
1927331174
1927331318
1936890326
1899153878
1882343814
1882327959
808594343
544418469
543369957
543244021
635452917
635448549
631258341
631258325
635468999
635497543
627096662
627293286
627293542
627162406
627162422
627161142
622966838
656521527
656652599
656587109
639826277
644020581
644012517
644045028
660692213
660733173
627178709
627309655
627244407
627309879
627154231
627178771
627170579
660732947
660864019
794983475
794983731
778246435
778182451
786570801
786568721
1056118273
1056142849
1072791111
1035202247
1035140807
1018421190
2094112662
2094053270
2085729686
2085860790
1953731767
1685101799
1700834789
1734389733
1851962917
1851954709
1730315789
1730252301
1696644637
3844189741
3978542639
3982728767
4016145983
4017149503
3945853502
3912299054
3912365614
3895582510
3899673902
3898625326
3907063087
3907063087
3925019967
3958583135
3947900383
3931123199
3938466031
3938457855
1803753693
1803697229
1770155277
1770090253
1774251532
1761668629
1761672757
1761738533
1765924133
1774307365
1774312567
1757666775
1749286855
1745059719
1745059479
1761836966
1765891494
1799445670
1807867062
3951556758
3951474822
3951475142
3955670726
3947671238
3926697678
3926779646
3926849198
4011738798
4015933358
3992931774
3992799423
3970713855
3970750717
3972003916
3971393548
3858148620
3849694748
3845434908
3845455412
3845512741
3779059493
3779022117
3783085349
3780904997
3780905013
3779922229
1632504085
1640897365
1640962421
1640765813
1636567159
562825303
562837575
596457543
596457543
596392007
596383815
562829511
562846151
567114695
558726103
558726135
558758903
558758391
558750199
558750039
566605943
566606199
566737271
566606615
558742023
554547799
554555991
554695271
554662887
558848487
567236839
600774911
600643807
600651871
583891039
584022111
584022047
600782943
600783183
567228767
558832991
558833119
567221759
567115263
600667647
600700383
600700379
600702939
567148491
558759883
558889931
558627803
558627547
592444123
592313307
575536123
575537147
575651323
584039899
584038362
575649786
575648766
575648510
592360094
592360126
554676927
554562219
537785001
537752233
537876457
542078313
542080056
1624108056
1625091081
1625090057
1625143561
1625266953
1633655369
1662885579
1646108379
1646040827
1646035691
1646056171
1646129899
1662968427
1611588459
1611588411
3763269947
3772642415
3772576879
3767317611
3784086651
3788281163
3775780427
3759133387
1611544315
1611540203
1628385195
1640761771
1671170299
1670121691
1653430347
1653602313
1654631433
1654631433
1654498585
3814564377
3776819737
3760099865
3758801531
3776631403
3776501483
3810033003
3814217835
3822606395
3789248539
3771399179
3771657227
3771655435
3771725595
3788295803
3813461627
3796684523
3796688619
3792557819
3792664315
3792594939
3813565947
3847119355
3855569147
3855077531
3850883227
3850891483
3854951883
3846499787
3829771723
3829906395
3829858299
3964067675
4014462731
3994416411
3998545195
3998504235
4000664618
4009122874
4025904394
4024331594
4015945162
3999224282
4006368251
4006409195
4006441963
4006572795
4014957195
3880592281
3846975929
1699550633
1683950841
1692277977
1692343385
1694307353
1690051609
1689609227
1687544843
1704318027
1741980891
1740936667
1732548059
1694996443
1694930907
1678161627
1813427803
3977750073
3977635625
4011128617
4015314731
4015355691
4015417115
4015404571
3999139354
3999074170
4007396842
4003218667
4002960619
4003057851
4003131787
4018856841
3964330633
3960464009
3961483961
3961455353
3963552761
3833337193
3840687209
3836505193
3836508283
1706018891
1740560459
1744829899
1735966154
1729664474
1731958266
1731899882
3881476202
3881476202
4015697978
3998921019
3864638255
4015842093
3981304365
3960402461
3960394269
3960423037
3964486509
3982231023
4015529455
4007140538
4007148730
4003282106
1855921290
1876833418
1876833675
1878922635
2013019625
2013015529
1994204504
1994356040
1994248536
1994240280
1721540888
1725931785
1709090633
1686019659
1681361419
1681361467
3828715051
3828653611
3828657961
3828655401
3828737321
2754991916
2754922284
2759181869
2759194157
2775905901
2775895807
2808401919
2808925631
2792185279
2791660991
2724552127
2741450175
2707895743
2707825565
2699437981
2766546845
3857135509
3856936341
2779004149
2780039381
2780125381
2780293191
2778130439
2778118151
2778118918
2782377478
2769662518
2769613350
2769613350
2770137702
2759619310
2767995374
2779267239
2779333813
2779442325
2809850061
2805655773
2805659901
2809841885
2818476109
2818501708
2810111308
2810115420
2776617852
2772227949
2704070509
2704039727
2704105263
2708438583
2708436534
2708289078
2708215318
3781965334
3783016215
3783007607
3789294951
3789294711
3789358165
3784193221
3784271061
3817727189
3817667797
3817658565
3821832647
3822033223
3821968183
3813604919
3780044311
3775816263
3775800023
3758895799
3758887854
3762818222
3771222190
3767060670
3784038622
3783964751
3818563853
3805982221
3795559949
3795427853
3793351229
3810121261
3810018861
3810004527
3780906863
3780918623
3814464863
3822935135
3822934143
3818780799
3817732191
3817715919
3784153295
3779975631
3775781583
3809476239
3809377967
3809357487
3813621679
3788315119
3789363711
3785178335
3785325647
3785354253
3784178701
3784153103
3784161551
3813518159
3809327823
3809447647
3809136367
3809148653
3810492137
3814555116
3822861564
3822918780
3818738748
3818868796
3818811421
3822018591
3813498911
3809439838
3809395918
3796811982
3796550794
3821663642
3821665946
3771398794
3763010186
2689264283
2689198843
2690181115
2700669435
2696462525
2696462509
2696597933
2713379244
2717573556
2776228848
2772169712
2772366160
2772399377
2771152161
2775379041
2817321063
2796477527
2796477767
2800667975
2801520407
2725903911
2733157926
2749937470
2749937470
2708005438
2703811134
2705192750
2705151790
2702970222
3780906350
3789295103
3789493725
3789436381
3814597085
3823052021
3822925044
3818671317
3818703045
3817642181
3817650373
3788421317
3784227655
3768495687
2766074375
2774393383
2770084391
2770084390
2803639150
2803635694
2816017646
2811825386
2811825306
2811911562
2811952522
3080322443
3050875275
3176704185
3174607017
3174673833
2906322361
2939868105
2938786061
2938855741
2909298989
2917687341
2766758189
2767081756
2758679821
4231993805
4229716381
4116502941
4141664445
4137471485
4141864261
3873349893
3864961287
3867124007
3883770151
3850347815
3829309187
3762195970
3762195970
3760164402
2686240291
2686252583
2702997095
2707179245
2707163133
2740723197
2723954175
2732137727
2732267774
3805952214
3801757910
3802016854
4070517847
4069342277
4069469505
1380855105
1397636161
1364069569
1372458177
1435911299
1469501571
1469509763
1469558931
3588075921
3571230357
3571296916
3562904308
3565001340
3560765996
3580685100
3622627629
3605816365
3605921823
3597533199
1445859607
1312764214
1312699682
1316881698
267324466
262999042
229313794
229313858
233557954
233430978
233422803
225165267
225164755
225033715
225033203
225032691
208255475
208256483
208256499
208387539
208388050
208404434
208273394
216662002
216656882
1290332642
1291451747
1308212577
1576646001
1568257841
1568379505
1562096371
1564062450
1563998130
1547214258
1547294898
2088491186
2088434866
2094724258
2090853602
2090853607
2094822519
2136761351
2115789829
1578968069
1579035668
1579040613
1591630437
3736685295
3753626367
3720339087
3703346895
3569124039
2495382261
2495587045
2495603685
2499600867
2490131554
2620148834
2620005490
2621340754
2625529154
2516502338
2545664583
2545521349
2545465076
3086531492
3078142372
3040385445
3039345325
3039555247
3039453855
3039437519
2972332615
2955608610
4041737507
3500682275
3500677153
3500677169
3521870865
3547001856
3526012928
1379565568
1377731904
1381991889
1394574545
1394594963
1394562451
1398764963
1409226658
1404917730
1404858082
4126961378
4124864118
4116246342
4116245830
3579362663
3579366765
3579432268
3557515012
3558505988
2488942132
2499356196
2495096352
2645042720
2678596129
2393600882
2394608082
2260387010
2260436162
2262404274
2524495266
2520296882
2520432003
2520438145
3594251665
3594055072
3594088352
3594137556
1462374148
1462437637
1466433847
1374167078
1441357862
1437298695
1424677957
1424656580
3568011700
4105935524
4105939588
4110006916
4101611140
4097675973
4231828071
3832344614
3882623014
3861651494
3861651510
1714298934
1714041142
2011829782
1975125703
1975127685
1974999943
368584839
360204535
393889991
385534022
1457188102
1457218102
1188655654
1322840610
1333326626
3430462242
3430588179
3430599427
3439000129
3434863296
3434862576
3434697184
3451392352
2411204944
2281185636
2268602852
2235054060
3292142588
3292142540
3294235597
1155468239
1151106030
1083993086
1132217806
1111343614
1111199990
1111208102
1111142562
1381671042
1381671042
1398449282
1360771475
1360640689
1880734369
1899608736
1899851424
1933385376
1651779488
1650734240
1650734244
1667505316
1629764757
539437191
543567318
547758054
547688438
547635158
833368007
866926535
334290759
326098243
326090067
57523539
57522515
40876371
40827667
49208083
49281905
49281905
65993553
57605457
24034625
24024385
24024385
23957777
23900448
292335904
1366144288
1349500208
1348910352
1348910336
1348919044
1349506837
1424839479
1441560366
3584833326
3622309166
3587709226
3579328814
3311040782
3311041807
3319457037
3315130636
3315130732
3348685149
3348878679
3344680422
3340355046
3340485094
3340423494
3344875974
3353264582
3315373558
3582764519
3570183653
3561860564
4099911636
4229933636
4229667396
4229663252
3845885492
3862931236
3862946101
3861864455
3861839927
3861250087
3995406375
4017372199
3975491367
3166580239
3166580239
3166649934
3164102350
2627258846
2627262894
2647169454
2668142262
2651367046
2585436870
2585453255
3128611447
2667135783
2683851045
2641891365
2637960213
2621320197
3642632199
3642636310
3645257782
3687263542
3670422278
3469099534
3483255374
3483026254
3466250237
3487162092
3487104748
3445157612
3445157565
3445354125
3430578127
3447343054
3313123678
3346612726
3354980519
1404626084
1408820388
1400433844
1362689172
1360741508
1394218116
1396318596
305799552
317392817
313003681
330050213
330050213
296491773
284049101
275398605
271267805
271071199
19429247
36503415
40697655
40696119
40696119
49150263
49248629
49166677
57555397
7223749
7232453
7229397
15499253
15527909
15532007
15532007
7142247
275577191
325859687
309148007
309279095
309213559
326008151
326037831
334360837
317493532
325882172
292393784
292401976
275625528
275102248
275233336
6732297
31898123
40278538
107268618
107791130
1316519978
1316524074
1324912686
3714756654
3693781062
3697976515
3437988241
3702233760
3702167200
2628424352
2628289184
2649277156
2670257124
3207128292
3207129325
3073013981
3594393807
3615365318
3577485558
1427907810
1411195106
1415446834
1558065970
1553932850
1555915282
1287646721
1303292416
1324256000
1311476032
1311348816
1311357968
1579986993
1579986979
1580109874
2116984882
2134810914
2105520994
2092799970
4244217778
4244348547
4235984515
4231645873
3963484903
3980193511
4015812327
4007421287
2933663079
2942046279
3159831623
4099810613
4108205616
4108197424
4108127792
4110180144
4110187792
4127061072
4139697347
4139680963
4143875202
4133391506
4131359890
4265589906
4013862899
3984320225
3992512225
1844995687
1836592695
1830300470
1830299942
1813653798
1819941158
750390070
749276950
765990671
765993743
665330959
669521167
669519159
635963703
564660567
569121095
569186631
569203031
569211223
569342295
569342295
560822615
560822647
560855415
560847223
560855415
560855415
560855415
560855415
560855415
560855415
560855415
560855415
560855415
560855415
560855543
560839159
560839159
560839159
560839159
560839159
594393591
594524663
595573239
595573205
595524053
595524565
861929461
861929461
860880887
869130231
869096919
869104087
869235063
869235031
860846423
860846415
827226447
827260751
827309903
835557375
869052910
869052846
852267438
843878814
843944350
844084638
860863902
1900985271
1901001655
1884224487
1884187645
1884172253
1900947293
1900950349
1934496589
1930384205
1930286043
1665962987
1665964010
1640799210
1640807386
1615633354
1615698890
1628356490
3775850379
3809436347
3810472617
4083036841
4083033001
4041089517
4104069221
4104090673
4104115249
4103963665
4103906305
4099714049
4148145171
4131304515
4131034307
4131029123
4131373459
3862917555
3862901667
3865917159
3891015279
3858509419
3841732171
3856412235
3856426571
3856463193
3890017753
3856451017
3856451017
3856254425
3856319993
4124755435
4118468079
4118472047
3043681342
3043679262
3053110286
3044984078
3044988175
3045061407
3078476333
3078476397
2807911405
3881587181
3856158973
4157097213
4158194941
4158274783
4149882078
4151979390
4118490494
4101600638
4110251854
4108145486
4108173774
4103979486
4120752622
4158431726
4150109439
4267676893
4133459421
4128748892
4279760764
4147639932
4147603036
4147599068
4118239225
4126627833
4256499179
4256433387
3166442747
3170636891
3179095135
3179095423
3179095421
2642371965
2650494845
2684044125
2684048197
2684089165
2650530637
2650661725
2650666365
2648571245
2640107885
2640107901
2635979133
2636111197
2638206287
2642400591
2642395598
2516566510
2550133230
3086983678
3084883414
3084891606
2782903766
3858611575
3850222887
3845430573
3845424428
3876950044
3876888588
3876954428
3877040428
3877028140
3845604201
1702691817
1702168249
1836392377
1835350969
1844525977
1844525465
1874016665
1874033033
1871969737
1871816011
1854973195
1871750411
1863361802
1863361802
1829938474
3977428266
3977432367
3849506095
3857960239
3858222399
3857177887
3849317663
3849315615
3849320247
3849179959
3849143151
3849077759
3849126845
3849130941
3849141693
3849140669
2783787453
2783779261
2779715999
2779201415
2779133894
2780193734
3853804486
3853803990
3847577950
3843453278
3877000031
3843507039
3843377017
3843381049
3847288121
3771790617
1624298761
1641075977
1632687369
1633014041
1628819769
1628816681
1628816681
1635243321
1744287033
1740092731
1728041243
1719652619
1715302667
1713189147
1715278123
1732182379
1736376683
1711211883
632100187
632100171
632100107
632108811
632039179
632038155
636236555
628888395
624759675
627979113
619590505
619647865
632099417
900469321
904663627
896340827
896479579
896479291
904867899
904736827
904736827
904859675
888082779
888082779
367858011
367858043
401420635
401437019
401469787
401469787
367849851
359461243
342684027
342684027
342749563
896528763
930050395
913207643
913207643
913207643
921662331
921498491
921498491
653054843
669832059
636260731
627946363
627946363
745387003
741209083
741209082
745534458
1013969402
1013969402
1022325210
1022063066
1022063066
485192698
485192186
485224954
485093850
485208538
418033882
418033882
418029786
418095354
417968378
409571578
409710683
422223929
422224184
422244664
422240568
422176056
963178808
963232120
973001208
973005272
964518105
423366873
456982777
457052665
443421561
451809913
447681081
448538137
448538137
448538137
448542491
448532859
469516666
434946554
434950650
435147738
166712282
166704090
150974938
411017722
411017722
427794938
427794906
427529690
426477018
426411226
409895130
409964763
409858299
409792873
426598697
460218681
444473625
444473625
444470552
451413304
468193592
971510568
954749736
971527032
459882841
443175257
443175257
527061339
493441531
476598779
476632059
476641211
208393915
208328347
208336523
208336795
208663519
208491518
208499574
208499062
216953623
216687379
216687411
233468721
225145651
258601811
258601331
267112818
250335602
250204498
250213718
241825047
241825045
241825085
241825085
242869561
241759609
258790745
258786777
91063769
91211257
342874105
342654953
359432169
393031673
376389081
376313177
376312157
376329021
921670461
653243197
649048877
648852269
648848237
669813861
795719927
791001271
791001335
757446910
673561854
674675950
672595438
1750527982
1757727486
1824840414
1825373134
1833761231
1833757005
1766844764
1800333612
1783548204
3939486524
4006398748
4006406668
3998083612
3997949500
4010528317
3876310591
3842764335
2774126190
2910374766
2909588350
2909592447
2909665663
2909665663
2909534591
2909395455
3983137279
3983145471
3983374846
3983505918
3983505662
3983235326
3983235326
1835751678
1835759806
1844082878
1845131422
1845389471
1843358109
1843390877
1875770332
1875762012
1858984732
4005947932
3997559324
3997559356
4010139197
3976711743
3978287663
3982346791
3967601254
2909588342
2909591927
2909665655
2909665655
2944268791
2944391671
2910845431
2910579191
2910841335
2910837239
2910702071
2910706039
2910714231
2910714231
2910714231
2910706039
2910714231
2910710775
2910714359
2909657599
2943212031
2943212023
2943212023
2943220087
2952784247
2952788351
2818570623
2785008511
2785016703
2776492927
2776488319
2776484223
2943211902
2943342974
2943351166
2944268670
2877159807
2877291007
2843703799
2843048437
2842156021
2825386965
2842032629
2843081175
2840979927
3914721751
3914721750
3914856950
3914848502
3914848502
3923114166
3956799671
3956799669
3956730005
3956734356
3956734932
3914791636
3981957716
3981834804
3983862324
3983928101
2910178101
2909063477
2909129013
2909133687
2909264759
3983006583
3983006582
3982874998
3982817558
3982878998
3983014206
3982972990
3982972990
1835497534
1836021822
1836021887
1836021887
1844402303
770594911
770594911
770660439
804247893
804247893
787478869
1861089621
1861090132
1861220948
1852799573
1852791381
1852791381
1852537461
1852406391
1860795223
1860925767
1860860231
1877670215
1877735751
1869339479
1835662167
1818885111
1827273719
1827265015
1818876406
1751775318
1751872582
1747546206
1751724142
1751920746
1760301291
1777147113
1793792985
1793800920
3937131224
3937008344
3938040536
3935874760
3918045769
3901268555
3893011306
3893277034
2819522922
2819476590
2887567470
2889730175
2876201309
2859359068
2867821148
2867813981
2867715709
2867656447
2867652350
2884429822
2834134526
2825868798
2825870842
2821684698
2821684698
2821535194
3900454362
3900519898
3908904154
3906938074
3905891547
3905906891
3905907147
3922192793
3951557017
3951532939
3934764939
3938760586
3926188682
3926188702
3942835182
3942826862
2840838951
2851196199
2851200273
2882660609
2874273041
2874406193
2873348401
2873180453
3946922293
3913371965
3896603965
3896605977
3896604953
3896867129
3905386873
3922184665
3922708937
3922721225
3914196109
3914129567
3913670911
3913806062
3947024870
3955409766
3938632487
3938697747
3930121751
3925927431
3925928735
2852383535
2856831339
2857748843
2866661883
2866772443
2866638283
2866669003
2883576283
2883515371
2845819882
2847262702
2834679295
2834691583
2826302975
2822102523
2822233594
2906126586
2906126586
3916913114
3916913114
3925047643
3958602073
3941825816
4000541976
3998444824
3998317880
3998318392
3998449464
3998703164
4007022108
4009156108
4009221709
4009086815
3991783775
3966753103
3966753103
3966761343
3966630767
3966630767
2892889983
2892890111
2892890111
2892890111
2825780735
2825911775
2825901535
2825672175
2825679338
2825679338
2825156074
2825353722
2842130939
2884073979
2879912025
2864183385
2862082120
2861952264
2860900617
2882003739
2839990827
2835858986
2903885674
2903887726
2905917822
2943703390
2942654814
2926016862
2934406014
2951740286
2951609183
2951609213
2918055773
2901213020
2892890076
2893938684
2893938684
2893404668
2893404668
2893412860
2893380092
3900014045
3900014047
3915214239
3915378079
3948935359
3948935423
3957324031
3956275677
3939494237
3939430173
2857365013
2874666517
2874535477
2874474021
2874462055
2874263927
2884749655
2874403159
2874403159
2840848759
2840853367
2840845175
2823936375
2823937367
2840722775
2840721791
2840975743
2908084607
2908223871
2910280063
2910669183
2909620607
2909363679
2909404639
2910453215
2919230975
2919230975
2917005823
2915420639
2907031903
2907176287
2940726655
2873617759
2873617759
2874665343
2874657151
2943699327
2952091999
2818522589
2817994205
3889637373
3822532605
3791067133
3774156799
1626672127
1622415871
1620318334
1620392030
545601550
545532942
562850830
596415566
600609871
592288991
592297182
588102910
571316479
571447551
571381869
570857517
570866732
570883116
571407404
638483500
642677804
785005853
786046797
721034061
721099597
719921119
719929311
736704414
703281038
686372766
686372510
686374558
682179230
682433182
683481818
680868602
684994554
675556730
675292522
675293035
1774327401
2072125033
2072059480
2072010312
3665885768
3665865480
3665869064
2592128024
2323758136
2340664376
2340607016
2344803369
2344766761
2344750895
2413236014
2413103678
2413088318
2413084286
2681577086
2683803262
3115816542
3119822414
2851380814
2822020686
2822085199
2822224479
2820586093
2820578157
2820585837
2820598125
3911052381
3915381855
3948903899
3948903935
3932126719
1784625535
1784486013
1784486013
1794971773
1862212733
1858018397
1857961055
784215119
784235599
784222542
804997598
737892830
695942622
695942550
690699654
673914262
678240182
678770358
687158942
682833550
680738510
679558862
947923674
947923546
947923547
952134235
968925017
960533977
1774302681
1774302680
1774302552
1774305112
1765915448
3909204536
3942758968
3942881816
3942817336
3942815272
2869073448
2869084968
2870396713
2840937837
2851423741
2901874109
3967229365
3832749495
3832749495
3765516695
1615931798
1624320150
1620125846
1620261110
546519126
563162118
563358726
596913158
597445638
601738263
592170291
592173367
592009527
591944055
592009591
592083815
583695207
583892853
583819093
600604509
600702429
600701437
592312829
592304637
558750175
558758367
558889471
558627327
558455166
554244478
558578047
558577983
566897455
566963007
562653759
562592535
566811399
566876934
566876438
558471446
558471446
558471446
558603318
558611510
541830198
541830454
608804214
608931191
608948085
608885604
621488756
655043124
654977588
772418100
776677924
801713972
797450004
629675781
612919109
612990807
613023319
550034135
541645527
554293975
571199351
575325557
583697781
579507575
596158039
566804063
537431647
537758303
537889471
1611578031
1632616111
1674557118
1649407630
1645213326
3792697246
3796886958
3805113518
3800919214
3802037486
3804126414
4071517407
4075701469
1928218061
1937723789
1904152988
1897869757
1883189693
1882599885
1881548239
812067807
816061423
832838399
312761293
312797132
317190604
308785244
308654108
304459804
321237308
1344644396
1348984621
1349438239
1357826591
1357826591
1349345023
1349281759
1349343198
1357890526
1357824374
1357889830
1357701430
1349312534
1349378067
1349509395
1374671191
1375684087
1400786343
1384005559
1384001431
1383011735
1382879639
384569759
316944875
316940779
334307707
292388171
292550922
829143850
870890346
1944628186
1944629194
1936233418
1936621898
1936621834
1936621882
4084113707
4084113450
4084126762
4084122734
4050519295
4083880191
4083753401
4083884457
1936262057
1936263080
1944919800
1940732920
1940728776
1940728776
1944350153
858022345
824501193
1898443739
1885795050
1894158954
1890027054
1889832750
1894039326
1902439710
1935998270
4079318333
4063171612
4067296604
4075702268
4088316664
4054774520
4037858008
4037866201
4058818282
4083986410
4063017450
4063091178
1915641290
1915626954
1932404170
1932407163
1911439466
1911373950
1890341966
1894605902
1894704206
1894710614
1911480054
1944930039
1944863702
1944850782
1936535870
1936527406
1902915882
1886134570
1894720282
1890528795
1890417464
816610104
820828440
825018440
858557640
841908360
859734473
858161659
828805546
812032938
1886692270
1618259887
1616154261
1901365140
1935049620
4067860948
4066828572
4066795804
4083498300
4083948076
1911306796
1894136365
1889995502
1939869374
1927288254
1918898350
1378877614
840122510
842260622
846307526
291742790
274900230
270704390
270962198
271355686
1345101606
1345170742
1349500210
1357904930
1420483874
1420477717
1437521668
1474713348
1449399812
1445266944
1395002928
1432821536
1442065696
1351886115
1356079106
290725958
35594438
35533958
37637254
310300038
314541493
312248228
849126316
849118184
1883083528
1882105096
1345234696
1345250856
271524397
271389231
275710502
1353646646
1354499878
1354511462
280771830
284048518
23997574
40791174
40785287
40747911
40681877
49140213
65843237
32301093
15507493
275750967
271561733
1346276421
1396607189
1379829973
1379895685
1383958421
1391055541
1387016879
1387012782
1387013038
1470964138
1441146350
1415973166
1550133518
472131854
69478670
73723662
367301903
384205149
384209372
385786268
374714772
369922468
370978980
303866085
289185829
270970935
812036375
812041510
820497702
283932786
283592914
1358305410
1366697090
1379344518
305529286
318120566
312881702
329524775
296021541
1369762364
1352968492
1361360940
3542584412
3541470412
3524441676
3523387916
3527529004
3532669484
3532915244
3535012366
3551277614
3517722670
3500934246
3500936310
3228555350
3492722690
3493767170
1346283522
1344186627
1881062912
857640448
840863232
842958592
1916698672
1915605024
1915564065
1915564131
1915560034
1886265442
1894384230
1621821030
1622801014
3835226647
4120685077
4154239495
3055331846
3055336966
2669606406
2636001862
2618950214
2633631335
2628257127
2628263013
2628269159
2628264143
2645090439
2628362371
2632556707
2632484003
2641135777
3173812352
3173890368
2940123392
2940119808
2939596288
2906039808
2906031617
2939668002
2938947106
2922176290
2926336290
2926336050
2926315602
2926513522
2934839158
2951362134
2762678994
2762486402
3836285586
3853062546
4121440418
4121440421
4255650989
2108233885
2112518221
1575675917
1567270927
1533774094
1533585694
1529372986
1294480238
1281950382
1554645670
1554653863
1555718816
1555621792
3757615520
3728256128
1581165952
1579067264
1446412864
1966445072
1948639792
1948591649
1948532258
2082736674
2095057698
2090929442
2092041474
2089956610
499197378
532755842
524491922
247536818
243283106
243278002
243347586
109072514
125886471
80863255
15904055
14854967
14859061
14846773
23498565
40338372
308642500
309691100
309690940
305431084
370205224
909176360
925952360
896592107
902883498
886099082
885183626
1019388042
902996170
903000346
342929727
342926631
875620135
875626274
1949552178
1412582963
1423068706
3570550322
3570550274
3621086786
3593815618
3596994354
3601695778
3601634338
4138251362
3064511587
3081284832
3027806368
2486732976
2486871936
3073041040
3056476800
4130222720
4142269120
4070834785
4137947939
4137952551
4154731581
4117112841
3576068105
3609647112
3614230536
3615280152
1474085112
1440006600
1423315656
1423315659
1150690026
1154887406
1154820462
1146890470
1144786050
1077806210
3043714
19919750
36553349
40878997
40302005
40278389
48732213
317175863
316975143
316974127
845455421
908427293
910131225
926843161
876512072
1950277368
1816042220
1819253740
1840028136
1873590760
1856812488
4008550856
3996033352
3997086057
3996053869
3995922799
3861651951
3865842670
3882746510
1701708422
1684865698
1693202338
1626088866
1890532482
1890457986
1890457986
816790978
838084546
334832387
309666581
309666597
334836524
835784984
298849624
298864120
281041320
281041848
282095512
282093451
282092426
282083834
275775786
276185130
275177790
6726926
291941646
325500686
309174031
376211471
401574015
401452263
359441831
1429181319
1412350599
1411797682
1411805922
1412854498
1425434210
888532514
887486722
904366082
934131763
917279761
648844304
1718456384
1714335936
1714327792
1848553632
1848555424
3995596448
3978632864
3966049952
3965988512
3974376163
3969919522
3969923618
3969923634
2090871058
2095070210
2096241666
1569859586
511846402
511913154
511822978
515998867
373395635
910274995
1044554131
1027779715
750881011
743737447
739551278
671377454
738994222
1812605790
1833574126
1838810798
1705707181
1839731372
1839735452
1709728396
1680401284
876126852
607888016
1680516644
1617603364
1621796900
1638434836
3802957828
3798898692
4063148036
4130243844
3056501557
2789139237
2776519463
2768180007
2763854695
2696745319
3770430818
3768329442
3764137190
3759942902
4028503542
4028499414
1893599174
1889473222
1888236166
813982343
818168455
272908989
273093279
289552027
323108795
314715579
851586267
852573275
317725723
317723659
308310027
325173529
6541593
6411065
6329131
6341419
6588219
6659387
6724669
15113437
65445005
49194127
317490319
309166239
309170366
1382396350
1383592302
1366713134
1358373670
1349853991
1349793591
1081358135
1081554727
1146508583
1157029191
1173806535
1190495683
1190954371
1189975987
1191158707
1451205301
1450701493
1448432293
1448416165
1465198501
1465853349
375334397
316613693
316617789
312021055
318247231
318300475
309895195
305893387
305896475
305694827
322472175
289311903
293507471
14611335
13529999
4535263
5051375
6173551
6170425
31342105
96406041
96258841
94157593
98347289
1197247769
1180468504
1178440024
1178514376
1195291336
1294910156
1550504669
3702174445
3702177647
3702040942
3703351791
3699157999
3710707407
3744416463
1429078671
1412301518
1412305638
1550721126
1558979622
1554787366
1554917382
1554966530
1202432066
1181323218
1177130675
1177129875
1445560723
1449754771
3606810785
3606749345
3615221153
3581535713
3564726113
3564729969
3564713589
3590135350
3590131506
3623688498
3739035954
3739035682
3730586674
3738767378
3734573078
3734720855
3736793940
3736662644
3480811108
3358083620
3358288436
3358206500
3358206240
3370788897
3367308337
3363832835
3363963906
3414307074
3401736530
3393647058
3390013586
1242534066
1242150067
1246278800
1246274692
1242080388
1310360964
1327138756
1293584068
1411024580
1413318388
1413476049
1413410449
1413402275
1962266531
1890907555
1890907299
1912067202
1920450691
1915052499
1915052321
1915056673
1936028192
1944941088
1957443121
1962688001
1417161235
1415056162
1415186738
1557794050
1557792066
1553597890
1488934273
1505617040
1539155088
1537058224
1520281072
1523365744
1531770416
1527538211
1560617570
1543910050
1543897762
1560413106
520290706
507588738
515910786
511781011
511776855
512825367
112211999
111158335
94380062
73449486
73908494
73842990
74417447
74286887
217024035
216962625
485405377
527348421
1043302021
1042914997
774478517
774618021
778811565
1715188909
1714991293
1714987177
1714970793
1681535145
1681794473
1684946861
1688603311
1688603271
1688673926
1688479366
1956914054
1973760966
1990619975
1453781767
385200901
385131317
376742181
374646053
387243319
891209847
874432742
341723622
1012813270
478037506
477516290
475484675
475292195
475292193
475357729
474116625
474167057
407049489
423824723
499320019
495128819
226562291
260124883
264311235
264311235
121853395
121855347
256080179
231209267
231078163
215260435
215260435
215254803
209683987
154567251
422019699
422023795
422703971
422703459
424927587
466870627
465823075
457437011
457441107
457433075
423747571
1497495027
1505879537
1505878449
1539437457
1531179921
1514402737
1514395057
3670398385
3666205859
3666738402
3666738290
3650084146
3638419234
3627869730
3627934258
3644846674
3676262850
3658941634
3663004882
1522998482
1254570226
1251358754
1268202546
1217871123
1217472257
1221685776
1213329936
1208087040
1208021504
134345296
151253712
151114352
184899185
151330609
151460657
138885409
147139617
147137649
142876755
147132483
164037075
155649491
189206387
189209971
189218163
198655091
198521939
198643795
165101635
165134419
148344915
165130355
160801907
165527411
159222355
188320339
187272819
187276915
153745011
153740147
192536931
200892899
200893683
201020883
175853011
192630227
190578163
182185203
182183122
182183122
184272082
175752402
175871186
192648402
192656850
165393906
165389810
165258738
165262802
165254515
156867953
157155184
421396336
1478352432
1478358576
1477834288
1476784688
1480980080
1497753184
1497724529
458509937
458493649
458561233
1498904049
1498772705
1507193059
1502999795
1503114450
1570215298
1607962498
1582800514
1578606226
1578481330
3725899426
3730175907
4267046819
4269798835
4269765809
4278023329
4277953697
4139541665
4139197681
2545298517
2549562372
2540125204
2506434868
2506566436
2272739124
2281510708
2260538164
2260545844
2260595199
2275193262
2274922926
2273870254
2231933358
2232003006
2233051638
2266917189
2250124036
2384342788
3328050948
3334406964
3334419445
3334287766
3334239654
3346857382
3560213934
3560344966
3558253958
3558253446
1409589959
1410638375
1949607463
1948547622
1949178406
1412303398
3580762407
3589146661
3617983492
3617718276
3736281092
3465568276
3482378532
3481315109
3481315943
3481385702
3313762022
3310474158
3289629102
3222454431
3222454415
3507743885
1392572573
1392568479
1392617863
1392684678
1364367046
1349943814
1357283846
1357677366
1374462247
3513557287
3547329815
3614362887
3614362903
3615391015
3615448431
3623699807
3623646687
3623743967
3623219679
3623342559
3587567999
3579176319
3579176767
3579180863
3581400863
3581925151
4152360799
4152360319
4152350207
4158641629
4158636445
4158636509
4158607869
4150097407
3581689342
3577560558
2503944686
2491365886
2507881950
2650478558
2646283230
2679853790
3752415966
3752350719
3467141997
3471336804
3458980900
3458911264
3727345696
3727345664
3744196672
3677005889
3710561345
3714757633
3716055297
3707536145
3707560481
3707560481
3572978277
3572768421
3587443620
3511945380
3510896828
1363622028
1364601996
1364600204
1366688668
1375204348
1373942301
1373680143
1373669166
1407495978
1407495978
1935974170
1936563978
1936625418
1898893114
1898843435
1899964717
1882990716
1618688124
1618877692
1616777436
1633096140
1640035037
1640006191
1640006191
1640010302
1631628830
1665182238
1716562558
1712372719
1712359853
3862351261
3862348173
3862323341
3861274797
3856990447
3836088559
3836095687
4037422535
4042533279
1895050159
4091293615
4074579358
3537843598
1392382094
1392443614
1409107326
3521697086
3504918302
1353231887
1353229828
3504977412
3563755268
3559818004
3576595252
3580814640
3580880673
3623744803
3614823783
3598042487
3596045783
3595918551
3596418295
3596414439
3613255015
3587700599
3587699541
3587699525
3587698949
3587690773
3613349143
3747429687
3747430182
3714006310
3428784418
3428652306
3437039890
3437039890
1289294130
1285231414
1335571221
1337671428
1325136644
241797956
1177136084
1193914268
1160290952
1160290969
1161335482
1159234218
1163450026
1145572010
1154157210
1149966746
1435187370
1469723817
1455120572
1454076044
1177272460
36339852
53129404
271098028
272148652
809019567
809081006
544901549
586844860
581600972
585794061
577667853
572817695
573346094
1647095086
1647098150
1714346278
1718536486
1869499686
1845362758
