627964279
627964279
627964279
627964279
627964279
627964279
627964279
627964279
627964279
627964279
627964279
627964279
627964279
627964279
627964279
627964279
627964279
627964279
627964279
627964279
627964279
627964279
627964279
627964279
627964279
627964279
627964279
627964279
627964279
627964279
627964279
627964279
627964279
627964279
627964279
627964279
627964279
627964279
627964279
627964279
627964279
627964279
627964279
627964279
627964279
627964279
627964279
627964279
627964279
627964279
627964279
627964279
627964279
627964279
627964279
627964279
627964279
627964279
627964279
627964279
627964279
627964279
627964279
627964279
627964279
627964279
627964279
627964279
627964279
627964279
627964279
627964279
627964279
627964279
627964279
627964279
627964279
627964279
627964279
627964279
627964279
627947895
627947895
896384500
896382452
896381372
1970123196
1970123452
1970124476
1978515132
4125998780
4125473469
4159027903
3085351343
3076701358
3060985006
3060985038
3077760206
3077727311
3073533279
3044179293
3044171101
3161661245
3169851199
3169849918
2633052734
2582848030
2582716986
2582917930
2583433514
2583429162
2310537274
3384411146
3384290314
3422038026
3413641226
3409459210
3408410634
3412688138
3421074698
3416871178
3383312698
3383349547
3387674985
3387544425
3379155817
3379164537
3379164633
3379164665
3374970361
3375101433
3379295705
3379287497
3387686345
3387686345
3379158377
3374964075
3408524667
3408508234
3412828490
3421217114
3421217258
3387658731
3370881192
3370881208
3370754456
1214903704
1210830520
1277906600
1277827756
1277831868
1278880397
1295707022
3462315398
3327628486
3335827574
3334246710
3334308406
3333128759
3601371684
3601375780
3592988204
3056109100
3190329132
3190459692
2922024424
2888470216
2892664523
2888474187
2821430859
2821242411
2825449065
2900944488
2900948968
2892526504
2892522425
2888328105
2892527021
2766687661
2767014077
2767145119
2767091855
2783340943
2741398926
2724619662
2724618638
2724610446
2724532670
2732860846
2732862958
2799971694
2800041242
2791783690
2792172554
2800231482
2796106794
2796109866
2812919866
2812850265
3081281864
3051987528
3039412808
3039413848
3022609960
3022732840
3022727464
3026926649
3035184203
4108926026
3572173850
2515143706
2548698122
2531978250
3601574922
3601441802
3601441034
3735589387
3735585336
3739783720
3660165416
3660153896
2586412072
3123350568
3123354664
3140139849
3093995083
2833944139
2833878539
2825491993
2825451112
2900944616
2900911784
2900895401
2892510891
2758293434
2758288810
2758294698
3035106478
3030912190
3047754895
3047842957
3081430156
3069878348
3061491465
3073023498
3073031738
3173640746
3173542442
3177724714
3177712938
3119055914
3148546090
2594897946
2594906186
2594775243
2598909147
2338856105
3479772329
3446283448
3454680200
3320477064
3320542600
3320414092
3253305244
1131118524
1126919868
1126852540
1126855677
1093297118
1097671134
1080840702
1080874222
1349295342
1366071550
1936365774
1919596751
1928051021
1927921437
1919530525
1982575128
4130058808
4146717500
4247466284
3979218988
1835926572
1756236844
1755711532
2024225036
2024024844
1492462092
1481780747
1480799754
1220621834
1237382666
1233188410
1249949482
1250210090
3397693482
3398340666
3398340666
3398169658
3402234938
3394849850
3376041018
3376045354
3380248426
3388637050
3388501322
3422057802
3420983371
3412590681
3412787289
3379171673
3362403961
3370789481
3370744425
3370711801
3370711689
3454580360
3488125576
3488125832
3353973432
3353997992
1199137448
1161377448
1094327944
1092487884
1125522204
36977461
36710711
36714757
41292805
41299972
40243200
40243200
36044816
36045872
124194096
124590384
124591920
124591664
99425841
99450417
91062065
91216659
225429779
225151314
225024466
208246258
141144498
141144498
149664147
1223406481
1219211921
1219211920
1219213044
1219215100
1219079788
3366497832
3370692392
3639127336
3630736680
3626546744
3626541656
3626541640
4164530888
4179215064
4179215080
4182504424
4224705897
4224705915
4023252314
4292724058
4150118234
4085106394
4085075866
4067250074
4067233210
1919753386
1382356154
1382355098
1390743690
1403326602
1369845898
1358311562
1081499818
1077174446
1077701870
1081932014
1106835710
1408941134
1454023758
1458217039
1458151452
1592303656
1583931432
1600710440
1550581288
2020269608
4167753256
4167800360
4167610920
4167606824
3915952680
3949498936
4218991128
4219008536
4198071931
3728284266
3732609898
3597207594
1458112554
1122568250
1122702350
1122635782
65671174
24776706
8007682
8003586
8020034
24827074
58428626
40601746
40605842
40482994
41531570
58325234
24738034
7944242
7944243
7945521
16462384
33235504
66790096
66806400
65782400
23824017
6916753
15567507
15571634
15571634
10862514
14989234
1089790946
1107092454
1140697062
1134407654
3264856038
3264986614
3264978390
3264845270
3271078399
2464719357
2456330748
2456396136
2519708008
3073282600
3022950952
3022967320
2955301384
3760460312
3760469544
3760469800
3831766056
3856927785
3991145498
4025289738
3949792330
4214033610
4214033626
4192804074
4188615802
4188631050
4222210058
3685462042
3685457962
3668680746
2594939690
2599133723
3664355864
2586358392
2586415720
3123286632
3123417192
3123351784
3127558376
3089809864
3089784520
4230635208
4230630088
3966356200
3974692584
2762532328
2762536443
2762752458
3840688986
3844895338
3878498922
3877974650
1731015434
1731014730
1634545914
1638872298
1638874282
1638743178
1907170442
330112138
330159242
334467210
61845898
61780362
1134997946
1135010730
1135534506
1139696110
1131307502
1131292158
1131097342
1130970366
1139350782
1139416270
1105878222
1135279182
1202320479
1202250861
1172873580
1172874092
1290318380
1290383916
1282405932
1282399800
1210441276
1210382892
1478553132
1478553132
1478555436
1496380185
1532080394
1522635034
1522767162
3670251834
3670120506
3670063162
3670325306
3670391866
3662607386
3662549002
3662282762
3662296378
3402241578
3420063274
3417966138
3401123594
3404207370
3404223754
3395874907
3395875193
3396071769
3412775241
3379216713
3362409803
3362331131
3362269611
3425184187
1282031003
1156190857
1151931016
1151873720
1152914088
1081620136
1077436072
1077731004
1900252
1371716
5625604
30856453
66512129
41346113
37123137
37112896
37686288
37622801
36573457
40829203
49230610
66019890
32465458
15586866
82693650
82823954
78367506
78371603
99220241
124315952
103343392
103342368
103338016
241860624
241864960
258650433
149599060
149653084
145460824
145463896
1219074648
1223211640
1223224936
1491658344
1483535976
2020373352
2020893480
2014651193
939860779
956375850
989929786
989933594
977473562
709034010
985728026
1053049946
927255770
391433370
326470794
326470794
325946762
317691290
48731578
44430250
1118163882
1118753690
1119802266
1123738090
1123721706
1123591278
1123597438
1119468622
1186640974
1189781583
1181392988
1315696728
1311469624
1563111480
472518696
405411368
405409320
409865784
409929240
417604104
417604104
410264089
408180282
197418554
180710250
176515434
177027418
176953801
245108185
116982872
40566908
36372604
36307028
36311232
53113281
53100993
53202387
57264562
57268658
57276850
57277874
32111026
32106930
15329714
15325682
11131378
11131186
28031282
27897187
32024033
23699953
2797953
2785665
7046529
15435152
11126704
11130609
1089037923
1088955942
1097346598
1093430062
3225180462
3225221418
3254319386
3248002314
3264971018
3332014858
3334177626
3334054761
3337134568
3328750056
3328741864
3593049576
3576335960
3559558664
3559562760
3559570952
4096566808
4029462072
2955728424
3027027944
3035416491
3052193466
3186377402
3178037930
3173847978
2670408938
2674603050
2678795306
2611686458
2611618826
2611733514
2594938890
3672870921
3668607288
3672740216
3672678904
3660091512
3660169336
3660234856
3744088424
3693756232
3693750856
4234808008
4238953176
4238933752
4238927608
4239181560
3031204600
3035398827
3077346986
3060119210
3194480554
3194447802
3194302906
3211002042
3178692858
2633896186
2631803002
2631541850
2631410778
3734512714
3466154186
3466313929
3468284104
3472482552
3463049448
3458847224
1311396312
1546277448
1546278408
1546276360
1546258952
1483213336
1009543720
1009543721
1009549098
740560378
627314074
660669850
643891354
642855098
641802426
574824618
574824618
868360426
834822378
830923002
864469210
851739866
851745978
843877546
843876538
839764154
302971034
302676122
307919258
326777818
284847835
283864795
279707209
279688729
279553560
334013996
317239084
308841772
304647213
37406783
37373974
37361670
37365778
58337586
62524210
26872339
28974593
96085504
99230208
90853888
23757312
19628800
19628481
23822801
74023571
82412275
74027761
208246325
1277804092
1277803068
1496902184
1534650920
1526233896
2073579320
2042103800
2025330616
1488466859
1559765418
1551377578
3709363370
3591922858
1443488922
1447682186
1456054410
1386131594
1386131850
1390338490
1384116650
1396524203
1362035947
1348867323
1365652731
1374035067
1374035051
3521386874
3554966282
3248777802
1084619354
1084751386
1106163227
1190040073
1181516057
1315472424
1315480616
1311288364
1311353916
1311439884
237657100
221121796
204345284
204409746
209533858
215755682
77081506
77081490
77213570
79300482
11142082
11207490
11027281
32043280
23703824
23826688
23823120
23691824
23634464
86549029
69905935
204131855
204196379
136956475
417914665
1505295656
2109242856
2109238696
2145938856
2137580984
1463412665
1463411642
1448735674
1457385898
1389228202
1386209450
1386127530
1386143914
1392435354
1383977179
1378730201
1378832635
1126577243
1076245594
1080433930
1088822042
1084693018
1084521018
3232033338
3232021050
3249323546
3266155034
3337589563
1458536760
1449760056
1583922232
1579727916
1579727916
1579875356
506076164
522849284
489294036
422185696
158014178
262740706
262679282
262679042
245902850
111879682
128582402
65749250
65650962
65634610
32080178
23691574
74158366
82556699
82427705
82427449
208255544
476691000
405315128
942186024
947435048
1014543976
746125032
610860712
623460008
1999191721
2000240058
1920679082
853222570
849289386
849158282
848261258
311386298
315547818
307683499
320226713
288783757
287731148
287518173
287320553
291519343
299907966
283343694
283310926
283360526
283227450
1356903466
1373942842
1923396922
1923456570
1924111928
1995414072
1986902584
1982642744
1445452088
1445349436
388368444
388368404
522590228
527771762
267725282
263597730
127272578
96339586
96405186
78464578
1151962882
1101632530
1101770770
1101766674
3249123379
3316158496
3303584096
3295196900
2485893804
2485820060
3559561880
4096498328
4096515768
4029444776
4029428456
4045681385
3781435882
3814990058
4058266858
4058331354
4126554314
3585489098
3585480906
3584965834
3584827594
3349958874
3333210346
3333013738
3334070506
3334005994
2263411946
2255084795
2271987163
2238354905
2221576664
2229965784
2498335480
2498278136
2498275048
3035148024
3027025528
3022888488
2754448936
2704119336
2703537704
2703533608
2703357481
2736899627
2736867178
2787181946
2791378298
2791377946
2791381018
3068606490
3202820122
3199150106
3199151130
2666139674
3739877386
3672768522
3421114378
1240076298
1235948555
1269374072
1256741992
1248352616
1244200312
170654792
187348168
153809099
153867466
137053386
137043162
1214978298
1223375338
1219181162
1219181162
1286156026
1286088330
3433566858
3433566875
3299357369
3303568056
3303666360
3303667384
3295215528
3291279276
1143794604
1144318892
1131801508
1115024372
1123281364
1114832324
36893888
35836096
36098240
36065472
52916432
2240720
6427073
6423493
14877303
14698031
14738986
14724650
14723626
333495098
316705050
316966938
384141338
1449626635
1986896920
1982636088
4129927208
3861549112
4012544536
3962213912
2888482360
2892663336
2892597800
2888628776
2888625704
2888627752
2888585768
2754368232
2758546344
2759590328
2766996924
2783513788
2783526076
2712353973
2712632503
2712564886
2746115214
2750308814
2741381086
2737256158
2736996302
3810601438
3810535678
4091549934
4087549182
4053927114
4054987978
3518112842
3572706378
3304074266
3299093802
3315940650
3315938602
3350008858
3333230666
3333227610
3337422075
3328984297
3328736440
3328799896
1198224776
1298887560
1282110168
1282372344
1278079608
1278015000
472184344
472184376
472163896
488941339
522560282
535016202
1605613322
1589092107
1588961080
1320524648
1190517752
1189956024
1114443160
1122960776
1122632073
1122632090
1114251770
1131290750
1097736214
1076777986
1080972290
7263298
15660098
1089467602
1097856210
1131410834
1123808722
1123798482
1123798994
1123606499
1122561953
1139338660
1105784228
1089174964
1089164692
1080644020
1076425636
1076679661
1076687470
1076159294
3227903774
3236292362
3236294426
3299146538
3315923754
3332696938
3333220859
3333216699
3337407641
3261908120
1110294680
1110434008
1110368344
1110335516
1109798940
1126576436
1076246324
2233909
6430213
6424065
14812673
14746113
14693909
98580277
124017959
103143734
1176934662
1193711618
1198427138
3488515139
3450372561
3433599988
3433607908
2359993076
2359993076
2632619748
2632818404
2624372460
3156519532
3173296744
2905913896
2905906729
2939467353
2939467339
2909057627
2774913578
2775433834
2771239531
2771244907
2771253113
2737787865
2741981657
2792313305
2792165881
2808353210
2808419770
2774867386
2783393946
2917611674
2917611674
3165599882
3165595786
3165469834
2628719770
2628653194
3720229002
3451789449
3451249080
3484804009
3471946729
3463681003
3459485547
3459353387
3325077819
3596675401
1449191881
1449207944
1377975480
1394744488
1344406936
1344407432
270665352
807483032
811623080
820044520
551592808
551588136
568365880
836875801
1902231066
1898035738
1898052122
1361123898
1398873898
3554876458
3534167082
3601206314
3332770826
3350670410
3350682698
3321353546
3321811802
2281632634
2264916778
2263671594
3337418043
3337406841
3261974776
3261974696
3262118296
3228490632
3227963016
1076250248
1076232840
1344542376
1344546472
270544808
807415272
807414888
819999787
820064314
283209754
283210762
283210762
283203850
10574138
27482490
27458010
295872923
329427337
853775752
845386120
841060824
840992745
840996841
841000809
841070459
841077115
841175083
1919053867
1927426090
1403132970
1403131914
1373976842
1373977098
1357855242
1353325066
1353326282
1353323144
1353400984
1357431720
1344832424
1361613736
1361621608
1898750488
1898817032
1898297881
1902492219
1910880811
1911536427
4059019305
4092564507
4092563467
4092297291
4076830971
4066357354
4065296442
2991510842
2518562090
2520655146
2537432362
2640978970
2632594714
2628390170
2292911898
2293762570
2293770762
2293771786
2296907274
2313684746
2313700187
2313810299
2313937259
2313810283
2313797993
2305409385
2305414505
2305553753
2305553865
2305420633
2305420665
2305419643
2305555291
2305556299
2305515339
2313779067
2313778043
2313777531
2313769339
2305519995
2305519979
2305377643
2305383787
2305419755
2305419739
2313808331
2313812427
2313800155
2305412603
2305410427
2305545563
2313934715
2313942891
2347349867
2347349995
2338952185
2338951673
2322174393
2338959800
2338959800
2339091896
2372648376
2355871128
2355805592
2355803576
2355799992
3429541560
3475697304
3458985688
3458984600
3458988984
3458919864
1311436172
1564110221
1278891926
1279154054
1279153030
1283346822
1291178166
1286922466
3753173090
3736576019
3736441089
3735335201
3756303652
3747921188
3748043060
3744372740
3745422341
3745416277
3745219829
4147876341
4147900789
4114272629
4113225589
4150974325
4151039861
4150904661
4151171013
4151269316
4085208020
4051523572
4051531236
4043079076
4110253236
4110252181
3036117399
3036110806
3051706070
3085201982
3060015662
3055825470
3055817246
3055821358
3085181486
3047432234
3030713449
2493861112
2494352520
2499577992
2491193480
2638068168
3742804936
4279676539
4279678506
4279616058
4246192698
4248232766
3979796798
3963019310
3975541806
3985953903
3985413373
3985417420
4291683468
2131698828
2114921868
2048865772
2048529389
4210688619
4272555626
4289398282
3702078986
3702008586
3437783834
3430476586
3430481690
3438831370
1306010379
1603818473
1603957224
1469739432
1473954728
1465438136
1460194232
1393085368
1393077128
319531400
857402761
824107211
825680074
829603962
1903349866
1901510954
1373077818
1407045946
1406985498
3522751770
3522821914
3518683946
3568983594
2493150778
2224649818
2243441419
2247627017
2179536153
2213481529
2272201833
2263816680
3337501160
3471716248
3484229512
1341392792
1299449336
1228083512
137761052
137822988
138155804
421013292
421031727
957902638
962194238
425322782
425298269
158960092
1232706012
1506392532
1502587828
4186811284
4186815124
4186278580
4219976357
3952061094
3146428070
3189410470
3191589542
4265150630
4265293990
4131006642
1983522962
1996109953
1455044816
381303360
380504576
111544832
44510720
111492608
115810049
124198163
90512691
73669922
73682722
82660914
82828818
82820866
82221826
82221378
124230099
107452819
115841171
375756979
376281267
908966130
892188786
606976050
606977058
606977058
607104034
607108134
611122470
620551462
754769190
752737654
1843263862
1776150998
1767766999
1801419671
1801149077
1784371860
1792629396
1792638644
1784245908
1784229524
3948490452
3948424821
3950521879
3925355797
3925355797
3921230964
3988471028
4026086548
4023923852
4019794332
4290451388
4290385580
3080326828
3080260332
2505575036
2501380412
2503555084
2507811852
2247765004
2243560716
2241791772
2275219244
2273580588
2244220460
2244216364
2244241244
2378295129
2378229113
2243990889
2243988843
2244054906
2235665146
2236725978
2232807098
2231752378
2231862202
2235994554
2235998650
2504499614
3573916046
3573855630
3573847438
3574449551
1359889805
1431179724
1432232264
1434329368
1367291160
1349334296
1349336376
275527976
275528185
291776905
292305291
317459849
317456825
308740507
305533323
305607099
371225067
371220779
929063211
929066287
761391423
761391423
694282551
694417717
962722101
963766581
961648949
960596277
960597365
960732663
969129463
465812919
465811895
465680821
448903605
449034645
449051061
448986039
465731575
465731574
432226262
432094550
423705974
407068018
407067730
407108930
407043398
407027143
407092675
406896595
406896545
406896545
406894497
423868083
423801491
423801490
1224914866
1208154034
1279458706
1279458770
1287839058
1150475587
1152572865
1152566721
1155712193
1197589649
1176622225
1177769089
1177769105
1177769457
1189179233
1189178913
1201696293
1205894677
1205894661
1197569797
1197569877
1315140983
1315141111
1324570102
1341249010
1341257187
1332803043
1299249137
1295120337
1563603905
1601352657
1601278817
1609610081
1576051555
1576253202
1576181526
1559419702
1558305062
1558247714
1558213938
1559327027
1550913585
1550909493
3698524180
3694271508
3446815060
3480369479
3461495622
3469953862
3469757974
3465565750
2391864102
2391864110
2391929134
2391843110
2392105254
2415170850
2407302993
2373814208
2637858496
2674561968
2540418480
2506859680
2507847920
2507864304
2486909136
3560913233
3426626323
3443403314
3443404322
3489609266
3468498690
3466335490
3466134786
3481998594
3382335234
3382237011
3367559137
2288553376
2288556448
2288560544
2305419696
2301323696
2334800273
2338994561
2323267011
2399026499
2394371346
2408920354
2410708258
2377186594
2364602658
2364836130
2355399474
2355989827
2356121025
2355797440
2355805632
2351676864
2217254384
2217451504
2486083264
2502864576
2536418880
3057560128
3057490624
3057486449
3056925282
3188996642
3205771042
3172744482
3168541730
3164085282
2627275810
2627275826
2358778882
2360880130
2377657539
2380856515
2406219137
2414542209
2397748096
2397764496
2397633456
2389183136
2389183409
2389577681
2372279635
2363893042
2363958562
2363764002
2364308786
2355920179
2355685651
2355665171
2288748865
2284489088
3358243200
3375020416
3479871360
3479871104
3463364224
1315829424
1177353888
1176821408
1446300064
1446292640
1983163552
1981064374
1985327318
2010296342
1372754966
1358072838
1348700166
1344399362
1344366610
1080441634
3248896546
3283488290
3265201890
2190279570
2253271426
2270573954
2239108994
2243043026
2225158674
2241866258
2241866530
2376084258
2414098722
2406238498
2368690434
3442113283
3479853313
3463104832
1324075472
1315494368
1315502560
1311308256
1311439296
237693376
237959616
237951424
254200192
220694928
69700499
73777074
82161586
77705138
77698482
77828497
77836688
73900208
1143251168
1143267372
1144283432
1076898600
1081162280
1106254377
1118833194
1118833210
1118834458
3266318618
3354394654
3304521758
3437625350
3438161926
3438174466
3433652530
3437850929
3437850897
1282000144
1282131216
1282133328
1282002256
1143590228
69784916
69793140
86568436
120171988
103525828
103452036
103450004
103453076
103649684
104108468
101749157
100708773
121680807
121681831
96708502
230860230
230862150
231910662
231976242
233957666
225470498
259079458
259142930
1311905090
1316094914
1340212178
1336017650
1302533874
1286674290
1284521842
1217408866
1216376162
1233153378
1266740706
1266744817
1250163088
1272109456
1263716736
1226017232
1225821152
135314400
135326688
135326688
135391984
135494353
139623121
163724241
197270480
180558192
181606416
173160448
171063360
171128912
170948960
168847712
185661793
188799329
188864819
190052627
189987075
189987075
156416259
156350835
156278115
155229667
423859667
423794115
423802307
423736803
423671271
457225701
457422197
465745173
994227469
995343645
961658141
1028898077
1028831519
2102564958
2101516542
2130943230
2114166014
1577309438
2114114678
1984090486
2001916210
4124234546
4109620003
4105433649
3572946433
3707133440
1547046400
1547111937
1563887123
1597847139
2147234147
2140942439
2140942439
2106356815
2105998415
2110769231
2068621371
2068621371
2047649849
1779416377
1783019304
1783005992
1782940457
4198859615
4194358239
4211090398
4177536750
4160896686
4169534126
4169534127
4169928364
4186441372
4220003212
4225508232
4212990456
2067665256
2132672552
2098593848
2097642505
2080434185
2084677641
2088876057
2088798411
2090109066
2093256074
2085066122
2081857931
2081858459
2014766009
4178981801
4178977455
4216791783
2069168854
2060456934
2055484782
2055481390
2055481374
2040363030
1491073047
1484716101
1480520769
1480364484
1480360900
3642073812
3730222800
3733105264
3733096976
3733032208
3733057840
3734171680
2679631909
2628567407
3169347562
4234764010
4231777194
4231646126
4248362494
4247319630
4280836110
4280837131
3744017417
3744098585
3588913437
2512288525
2512276061
2444510845
2444550877
2444550809
2478109371
2445079211
2439836330
2435631018
2502937770
2502884606
3040798735
3044993039
4152290319
3623805967
3590213711
3573436767
3573420534
3697152486
3697152358
3692896566
3694935302
3695123478
1601068046
1592402958
1588217102
1521107215
1252770568
1252524664
1248338536
1227367976
1210592873
1210727403
141172715
150814171
146546059
143969672
211199384
500606392
521315768
370323900
370315676
906068116
911253671
907059438
907255854
926130218
926021674
1999853866
2002934314
2011318826
1453656602
3601075722
3756798474
3718660618
3701916282
3702969326
3702825388
3700729252
3583289732
3608451460
1444252032
1983303040
1983300992
1983279524
1983275236
670396437
771058693
761620485
740587799
2100042550
2103986734
2109410862
2109343278
2140866126
2144872094
2111317678
1570252462
2107316143
2090473380
2090473388
1423787420
1412744652
1411875916
1428327436
1428204573
1563471134
1563471678
1567883070
2113003310
2041857854
1505494330
1538917418
1538921514
1543118906
1534665738
1530401994
1496874139
1496873403
1576659880
1555757752
1572534936
1303117448
1332266632
1328071628
1195295068
1164894516
1151755559
3299206434
3298932002
3572598562
3560146786
4111634242
4127363011
4139953601
1988339841
1988144288
1648409764
1645497508
1647578532
1647708077
1646666413
572924589
598147821
1671758429
1621365261
1889821197
1890364941
1357691407
1349491263
1357617974
1424592150
1424540950
1424670726
3707434102
3573212390
3589989862
2530917826
2522516866
2522516867
2524546947
2532881329
3606618852
3606700772
3606668068
3597152548
3609723169
3576434721
3559665697
3559862307
3563983155
3572372231
1420711431
1421789767
1605339719
1592560335
1584175871
1584185087
1579984895
2117924331
2067583465
2071810281
2069836265
2069836267
2053054958
2061443454
3671990622
3666768350
3667882238
3684495470
3688412262
3680025654
3680025926
2606346054
2673520198
2681910902
2684012151
2650457687
2650457941
2650359157
2382124389
2373465380
2373457205
2373522741
2373664053
3447334261
3430621653
3428397525
3445297549
3445232012
3478802568
3340328136
3340265720
1192815080
1159261112
1163651720
1136326280
1388003976
1388069513
1388298922
3537814443
3525157673
3508833065
3492125452
3492063756
3492063756
4042047004
2964100924
3031204668
3031204607
3216934630
3204370086
3195939494
3191683810
4265360114
4265360882
4263785638
3999543462
1855983798
1857188022
2123489414
2126553230
2130750670
2130950158
4244879390
4229085502
4101175598
4105370942
4104275295
3567653791
3586065061
3619161765
3598190245
3594012324
3610890672
4146716864
4147093505
1965991175
1970185479
1970187526
1970259206
2104411190
2104128550
2087388206
2027492399
2035887151
2035889451
2035811611
2035828491
2035869195
2044306971
2023339579
2023274107
2023274233
2027468447
4166554271
4179350159
4217033663
4267364783
4275749038
4275692766
4275827934
4275821662
4277927038
4294688062
4026242367
3992556573
3984175132
3984322652
4013682780
3980095580
3980079480
3979940456
3979948584
3965264424
3973656088
4237900312
4103871001
3030125082
2510031690
2510059978
2677831114
2679947658
2411577738
2411647898
2361320362
2365350830
2285643750
2285701414
2352892162
2352893186
2357126146
2684350514
2663026691
2663088385
2394464592
2394464224
2390281124
2402831268
2369260516
2369391077
2268728806
2264539606
2529046982
2529124742
2529010098
2545725861
2549909412
2501676948
2501679764
2436676244
3544033932
4080986588
4079905260
1936073837
1634140206
1629884478
1613103131
1613037851
1617191737
1618272824
1616172568
1616677401
1615628889
1624017625
3788475017
3821976203
4090408587
4090421897
4116566681
3042919097
3044934317
3043893743
2498502887
2511084581
2511277109
2511222784
2548967424
2548984832
2549046544
2544850384
2477618065
2445111955
2445046434
2449240994
2436646306
2436105378
3509007602
3274075154
3274074114
1109911553
1113876736
1122268416
1118126337
1119240962
1207354114
3313418786
3443322406
3425618630
3694045830
3693775494
3702102710
3702046631
3702059684
3634918060
4172034732
4167901868
4180484844
4213514532
4263993381
4263632919
4263567414
4281381894
4245722190
4244745294
2101583310
4257464062
4290967263
4287037151
4292271999
4275981181
4269567325
4286414173
4286394461
2004185177
1970622553
1970622680
1970622712
1968271593
1950412009
1950410987
1950603514
1975769306
1975638090
1976882442
1977057546
4127097658
3589181983
3589190159
3589186061
3590255189
3581727333
2507993829
2541609703
2541639351
2541700775
2533171111
2533113269
2466003412
2524723452
2541566012
2541567292
2507093276
2515481356
3568247324
3568120380
3567858687
3585611182
3583540654
1439485102
1426360510
1459988622
1460120718
387097742
923968718
655532110
624136223
624079167
628265515
670204457
584287769
642817545
640723465
1714464795
1714797611
1712835627
1662387435
1633551546
1683883163
1692280731
1690186425
1958680249
4106028699
4105443035
4126434907
3581212186
3581736730
3581732634
4059887418
4053794602
4087282987
4087283071
4091534671
3548173775
3544011229
3544043997
3542012925
4045329405
4049531765
4032804725
4040998676
4040989972
4040985908
4032597268
4044815685
4078331333
4061536727
4128649719
4128637862
4160160742
4122413046
4121761238
4104924630
4104973814
4104449366
4125598791
4126647367
4127044813
4150105309
4078812573
4064279997
3795844781
3812621997
3816814253
3816673965
3816346301
3815289469
3815289663
3815290159
3815286061
3798523195
3815363867
3811209498
3777638446
3765051438
1684733998
1684537406
1685587022
1683496139
1817840073
1708804824
1841224392
1874766472
1874308745
1861526155
1846583962
1846604538
1845740010
1845653546
1866670122
1841374250
1838296107
2106735641
2108821256
2011628040
2011955784
913048264
929825672
896340360
879628424
888044936
1019145193
750627561
750562025
750561609
770481163
657227786
657227834
657436922
657383594
657334442
640562346
645799595
649993896
1723801272
2008888968
1975333512
4122763976
4106019340
3572277788
2498602517
2511250951
2511246854
2544535094
2544420647
2548614949
2540196645
2502435188
2503680300
3023634732
3044606008
2516385817
3583847482
3566544938
3570866490
3562424602
3575565070
3609172302
3726419150
3728511118
1583906975
1584038029
1584054669
1567256964
1416245940
3573098213
3573032487
3573034542
3564644906
3581422154
3614992842
4160281802
4156063930
4122640571
3583676552
3588141960
3586949784
3561789160
3557604072
3574459048
3574524584
3206473896
3210078441
3201682681
3201745099
3197562891
3063078926
3084116014
3052527918
3027333934
3027456558
3025613342
3025478254
3176414954
3209431722
3074952090
3074967946
2538097034
2504737162
2487906698
2497340298
2497372619
3703107689
4239979560
4238911528
4243171352
3983259656
4012881928
3995506696
3995241480
3995238408
3862069512
3859972872
3859014184
3858784812
3858769517
3791860653
3808559527
3780313254
3770089646
1622016446
1623069118
1620852110
1620851662
1888283211
1884142091
1879685657
1629208073
3810172425
3795496457
3795367465
3862471465
3862475049
3860516955
3860484299
3996782811
2923039915
2943027371
2951420331
2947094955
2947094411
4272436107
4272432011
4294468555
4284109547
3747505899
3712888799
3722395646
3705419770
3705419738
3704951262
3570864350
1423249662
1423192319
1414799599
1414799599
1414803549
1347769421
1365167305
1398712777
1920895817
1920961288
1928104728
4075588136
4075593256
4083982904
4079854088
4047323673
4047438379
4097769774
4118745134
4122943534
4290650158
4290654238
4290647118
3722120394
3713538506
1159224266
1192811466
1194973642
1178249674
1450945738
1459134555
1454940265
1438360040
1421521640
1419424428
3562570404
3557348016
3557577392
3557556881
1410270865
1426994659
1473146019
1451912341
1587243140
1453058181
1453042053
1448647079
1444461734
1463324902
1429897222
1412333574
1345224966
1345251126
1882124086
1886322450
4058961139
4076635363
3063709861
2995560693
3066930180
3058495260
4131712572
4149489196
4116069996
4233498220
3161919212
3161722856
2640579688
2648968232
2649490472
2377909256
2377969676
2361171981
2359075373
2291970599
2291765606
2291761646
2356904366
2352645566
2235469262
2235496910
2503928782
2502323086
2540055214
2548304559
3756265103
3740537487
3727897231
3727831983
3744600494
1597444326
1432621094
1424257046
1420092423
1420078085
1420077124
1436920148
3623135604
3604450612
3604385076
2524361988
2457243908
2473034532
3009713956
3019146797
3017051677
3000355341
2991520303
2987290414
2992558382
3059630382
3059630126
3061399610
3057155147
3208243273
3157977337
3157969097
3157133455
2624525199
2632528526
2628596394
2628530858
2628264622
2629316262
3707251606
3697031298
3441305795
3441305793
1327377472
1327375360
1293824256
69103875
69095682
73253170
81576034
81576290
79400402
96114881
33458304
124627120
389916848
1396485264
1396482480
1396482736
1933546160
1916703377
1915668115
1915178659
4062527138
4066649762
3001296226
2997101602
2997320706
3001449474
3001429250
3018073874
2980869922
2981675302
2981675309
2981642540
2448951052
2468874572
2469071356
2435512548
3493783776
3495880944
1885190273
1884263617
1884192771
1347325970
1344188450
1345757202
1361502211
287715395
287768705
824640673
870649504
866401952
850857648
850271872
313343553
317478407
1382610470
1390978862
1386784046
1387050250
1388287311
303859711
286032813
269407117
269382029
270415309
272508141
275588207
275522662
283583510
279315734
280428822
280232214
278152662
328527806
316583823
316575373
312118917
312116916
318276268
846770604
841523436
841523245
841588781
841654319
841920574
841404430
841404430
825119758
1882065182
1894664766
1353599534
1353566830
1353456382
3500943247
3496485326
3509060047
3513385967
1371144943
1371153149
1354310284
1354249864
1088166584
1075583656
1075592104
1074035113
1090837897
1108578441
1381212361
3538128904
3533934888
3533812264
2460002856
2460068392
2460203544
2523109944
2518911544
2519828025
3191128939
3195912362
3200172202
3200172206
3199914166
3061477526
3074122162
3577291170
3560575938
3559526722
1948922118
1961442357
1961371687
1957439526
1957455926
1420716038
1441692430
1596786254
1597768414
1333334782
1169896174
1167798702
1167599022
1200106661
1183332484
1183394948
1179312256
101294464
101224880
119116208
70951232
1412343040
1412344576
1948748336
1952942609
1969396225
4146506241
4281712177
4262740581
3188982501
3205759717
3218342375
3214147822
3214150702
3214227518
2526504974
2526373902
2526307534
3335807182
3327463594
3323330731
3323330984
3323331512
3612611288
3558084104
3560339976
1143400968
1143400969
1282386443
1298958858
258772506
250139643
251454361
1543300028
1509945772
1484173796
2016846308
2016580416
2014491200
1762828800
1796317696
1778430768
1778429988
1845538853
1828741167
1677857834
1677858922
1683364330
1692273642
1711147674
1722485386
1722752906
1722618826
916718539
917766617
915411945
898683817
1954588332
1958906556
1958914716
4240551612
4257260252
4265648668
4265849356
4262629896
4262698553
3195075113
3211913771
3170031658
3170355242
3169174591
3169304591
3161801487
2635342350
2652120590
2656316974
2664835366
2660632614
2662730758
2528513218
2529037506
3338605766
3340313751
3239804053
1075473541
1074408835
1342860675
273407923
277730726
814543078
814538854
818208814
1883553822
1879552058
1879483514
1879550074
1883617786
1636731563
1669765817
1921428105
1925686920
1917117320
1913414024
1913447336
1914626728
1918300904
1675084776
3824977228
3791424780
1635555356
1614198828
1614190877
1664531213
1646717711
1647797510
1647775750
1983250470
1983250662
4264956070
4243987622
4238744198
4238744198
4240379526
3703363223
3701253780
2627510916
2631705284
2619114000
2621211152
2620236304
2637079088
3073304101
3056004901
4142319660
4138125340
4071540748
4075801420
3794393740
3811112584
1630065337
1614315947
1614344362
1618993322
1635639450
1635283082
1635270794
1630208155
1634611371
1634608619
1626220075
1621952047
1621642781
4037867013
4037861892
4042125828
4043162116
4034774804
4034911532
4085143596
4076755005
4071495759
4138613198
1991060942
1994925550
1986527594
1982349418
1983496250
1044115466
775528458
773432330
773565466
773434426
722070586
940309562
2013928506
2018118682
2019167514
4175109678
3634052654
3636137582
3635940974
2576883294
2344103454
2344117822
2348339774
2306457886
2288762910
2284507226
2284508363
2288696713
3362503560
3630795672
3681061816
3660093832
3660298376
2049621128
2049613016
2049619064
2049631288
2049597464
2049581113
2066358315
2066358574
2045391406
955974206
949764638
948724295
948758213
953018308
416144852
407689684
458094980
437188996
504289668
504024448
1578813360
1465631664
1968935568
1960555152
1962645136
1962647248
1961598576
1961463345
4117272099
3861440035
3995623714
3995685922
1848509478
1860570146
1789332518
1806119991
1777672199
1775509511
2035294229
1027809297
1027748165
1011225988
1011169940
876882612
885402244
880941701
880937613
898695837
294654623
831545951
833675819
861987626
857793834
857794858
857925947
862107915
870489355
871530761
935362841
2009112857
2000720683
2000991978
1984343802
2001120922
1997510298
4115497658
4115579566
4107170478
4107674349
4101383997
2082745660
2082744612
2087987244
2096441388
2108824589
1035079693
1035354119
1066910021
1066435005
1066443692
1066448812
1858113448
1849735592
1845799336
1845800120
3993416921
3993932043
3994977082
4268409386
4134265386
4134101546
4134019386
3202954299
3219786857
3220834489
3221112969
3187595657
3185572761
3185442441
3185366665
3185369803
3026051835
3026150121
3025883885
3025736429
3027792623
3036440047
3052987631
2818100335
2734197854
2734660814
3806246090
3797857418
4061843642
4078649530
4045083066
4030343082
1614423722
1617632939
1625823929
1894529933
1894525837
1894657933
1911432079
1370378695
1370341639
1907130630
1890353206
1894555686
1894558759
1886365989
1902816053
1965734404
1965738500
1965706757
1966604865
1429738467
1968710115
1976050082
1971847586
1972045250
1435109826
1436170690
1438542291
1436937715
1470424515
1457566081
1584501120
1578205600
1577103840
1577101280
2131011168
4232357424
4232959504
4124034612
4123706901
4158318103
3202084149
3203987493
3195656245
3207257093
3207255109
3177902285
3170419199
4239934446
4105795498
4105731498
4109908398
4097575342
4097642382
1950234510
1950230158
2000036750
1995702774
915689702
915697910
919888078
374695118
374799566
374787550
378968814
378973934
2006433311
2146735885
2105323797
2101125157
2083364901
2083435575
2083177751
2087372086
4234921270
4243312950
4244197751
4244141543
4242073573
4237881316
4237885412
4236902068
4257799812
4144561796
4144549844
4127969253
4127903207
4133120470
1929017494
1929345158
1929346182
1920957574
1936413846
1936392374
1902837942
1944588454
1676157862
1676157677
1672024632
1638400536
1894265368
1885892104
4033440264
4033542680
4033530424
2959854136
2959923721
3035429387
3080506938
3062711146
3062788522
4136513706
4140703914
3730780330
3728281771
3694735545
1547318152
1413096008
339357192
343411256
343419432
876145480
880327112
880576971
897355146
914261130
376078474
376086666
371912923
372772971
842801385
830218856
817769064
348007016
345254504
349449928
471098313
336892233
336691465
474185787
474188843
1044626479
1041401871
974293007
974294031
974312462
973131822
973135982
990011630
943858078
943850398
415236782
1485057710
1485056678
1485249206
1216617110
1288448726
1284320198
1285175238
1153045127
1153123220
1151910828
1156379564
3291251116
1143767544
1143977752
1143384584
1411820044
1416079902
1961331262
1957071134
4122904590
4275995726
2120122511
2114384015
2114343309
4194705845
4194706341
4212402159
4166003182
4176484654
3098610218
3166050826
2646002186
2679408137
2593432072
2596049720
2596049192
2658959976
2670494444
2620310188
2621326060
2619237084
2623529675
2629624990
2629626030
2628552878
2632960182
2620312774
2621372358
2638144078
3711836686
3727565326
3727038254
1583683630
1592006710
1593251846
1591106566
1582679046
492101655
471114007
341221831
350127235
352226435
343903363
289004689
322773169
926752929
893330336
1958683300
1958150892
1955860077
1418992159
1436297758
1448872478
1448798750
383428126
379232778
515543818
1052475401
1056553992
976857144
975943800
1042978952
1042975896
1059766440
741097640
740622760
744624808
1822586536
2091014828
2092038700
2089843252
2089840132
2089869831
2089988626
2092340002
2042530850
2075691042
2062059554
2049480722
2116741186
1043000451
908731523
573177985
573243559
560732070
553395886
549267135
549266059
817701519
816128735
816116285
279229957
329296389
308328471
1394645047
1394776069
4079401220
4079402756
4084105732
4092494356
2986066660
2969060004
2960667364
2960664293
2960795335
2491102674
3564909666
3563851874
3565031494
1434333254
1476276294
1203638534
1207568134
1165696518
1144552022
1159261182
1192798654
1188604062
1186577550
1589215374
1319665806
1185514429
3333067500
3320488548
3559645732
3559776800
3559880544
3492699488
3498011872
1358916785
1944022147
1927114115
1381846403
1377781139
1379745953
1916563616
1920753892
1920233716
1911832660
1962148148
1962215196
1425419805
1559637518
1555442206
1488398894
1490365998
1490304542
1507070478
466887434
466887450
467088139
423957275
423890219
419707179
419703147
453454027
440810699
449189066
449249482
448856314
180375786
180380138
180380138
163705290
147050955
146903547
146839019
1220589801
1216461033
1233369305
3683039624
3687759244
3687748236
3688530572
3724182172
3715801781
3711607527
3745048295
3728240354
3728231650
3727576131
4134420545
4138619073
4139446464
1996152960
1971234176
1954455424
1962903939
889030898
904763490
661428258
639936550
1849031702
1849091078
1849057286
1849045046
1765151782
1748438822
4168419878
4175235622
4170787367
3097049636
3097040500
2627212988
2629318300
2629314188
2364016284
2355748268
2355813804
2221661359
2489945262
2491253982
2491326798
2424218374
3497960206
3493650974
3493614142
3493805630
1346255630
1413363918
1413355662
1467893917
381307020
381277324
381206668
374898892
370782312
1444520232
1985585960
1985717032
1994043145
1975163659
1958386458
2095746346
2087289898
2083045626
2099826938
2133348522
1848332458
1848278186
3999955370
4025109082
4021013003
3987461643
3987464715
3970474506
3975733786
3963150890
3963212330
3961144107
1820017705
1828211752
1845232680
1851535368
1780228104
708780040
708707707
728630890
699010666
699013722
1000880714
984103626
447229642
1522038730
1253634522
1253695962
1253744890
1270522042
1236967578
1224380569
1224405160
1215951272
1214896040
1210703592
1480195688
1496870472
1530426889
1530402571
1513690890
1249531674
1257922362
1252674858
1252543802
1256750346
3421009226
3421225290
3383448410
3366671210
3366679402
3388695402
3422118250
3405373738
3403280443
3403211835
3394825243
3411666971
3361429786
3361360730
2289716938
2289766106
2296917754
2296917754
2296919786
2296920043
2296911338
2296911226
2298158410
2298101082
2298031403
2306357547
2306345259
2338917147
2338934539
2322104139
2322097995
2338911611
3379164539
3379294683
3370837467
3370890715
3370751417
3387465145
3412629944
3412695192
3412720024
3412851096
1265301896
1231740312
1231732184
1227535640
187278616
439067928
439006520
440115240
974692392
974692392
973643832
705344521
705338443
688561227
671779915
672843131
674940267
679035243
677925227
677917801
677919849
679033192
679029240
687549144
685386456
681258712
680011464
680026760
680026776
1753801400
1758257832
1758257832
1758257832
1758262008
1775137496
1775129177
1775047226
1774990138
2068657962
2068462890
2051676218
2059995162
1523070986
1523066890
1518876682
1518933002
1518927882
1268318282
1268334683
1236910312
167371240
157919208
153730792
153878252
188480252
169607100
168488892
168471999
168799646
168667550
172800190
181246110
177125534
244235406
243973262
231390350
1154129054
1154128030
1146865854
1146669230
1079564462
1079630254
1107024302
1375457279
1371267069
1408892893
1391058941
1114164217
1114167801
1114241529
1114319321
1131096521
1131101145
1131035325
1139415789
1122635500
1122504444
1122516957
1114143053
1110169871
1110104334
1126881294
1097464126
1089075502
1084943134
1084930895
1084918735
1088981501
1097373933
1109956717
1111005229
1110030397
1382722620
1382722588
1382726684
1395299420
1361810524
4029322620
4029333364
4033527316
4033579540
4041841204
4033407589
4033374949
4029229798
4079565478
4063829926
4063829414
4076410022
1924662438
1923679446
1923691718
1403530446
300445134
300465103
296270317
296257772
301500668
276470860
271234060
1344970812
1345036332
1345036589
1344975406
1349228078
1891405358
1891404414
4036791006
4036795086
4036410078
4109807615
4126582269
4118147156
4285919252
3711267893
3710139431
3710199846
3710269494
3710269462
3647880470
3690599942
3669623302
3401253398
3401056822
3401070126
3401068093
3404217144
3395815736
3391818008
3391756616
1244282184
1244282313
1210722251
1214916554
1214920586
1223393182
1223196590
1223195630
1223195630
1223187311
1223219503
1240071487
3387553087
3379148091
3379138875
3379138843
3379138843
3387537369
3387539385
3387538360
3370752696
3362364312
3358313352
3358280588
1211776972
1211772284
1215964460
1230648620
1511667004
437859612
436757772
437035276
437035516
420262892
402961324
407220924
407221948
1489477308
1489214141
1489476279
1506212847
1497791854
1531321662
1531322142
1531318046
1531255582
449063742
440675646
440677438
440873022
440733790
440717518
440443102
457224638
1530967998
1262589886
1271119774
1271381982
3414686170
3397843450
3398318458
3398318362
3398121754
3398044730
3399093306
3399091257
3405317176
3405251864
3395816712
3391622600
3391757768
1210724233
1210724235
1214918538
1223307162
1223195566
1223195566
1223195630
1223195503
1223220015
1223294271
3387555131
3379164475
3379163451
3379155259
3379156250
3387539227
3387538299
3387538425
3370769400
1223285720
1214898056
1215025032
1215027144
1216083928
1216049128
136047980
169539948
168471900
168472012
168797653
168599991
185381286
156021158
407156150
415612342
411539958
428333399
1502010133
1502019348
1539766036
1531368244
1493685028
1493484068
1476695668
1476439748
2017503940
2017581781
2034400871
2034646895
2068198702
2068192574
2068192542
977615118
977545502
985934142
985938990
986133614
986124414
440733774
440430798
440459486
457225726
188850174
188987742
1254340954
1250408474
1250277434
1250933818
3398155322
3398089786
3398162714
3402222458
3403238266
3405465978
3405384827
3405384827
3404336249
3412659417
3379104985
3362456989
3362461373
3362465465
3370725049
3370659513
3387457179
3387448987
3412647835
3412653531
3412718874
3379295514
3387617034
2297098010
2297162554
3370769211
3387476249
3387542793
3379154184
3379154200
3362344312
3362479464
1215033208
1210836856
1210710008
1211757272
135914200
136045528
151774168
185328636
168538556
168534460
168534173
172733663
181124351
160152669
143309133
144349516
150637900
142249292
141133020
136873212
153653484
456914157
440020477
444542941
444534399
452855407
989803055
1006379566
962339354
961291050
990650730
994861419
961081851
961081819
952742351
952742301
952743325
411696572
411695548
416021404
1506433948
1498037148
1531854732
1271797644
1334776220
1334669740
1335652780
1301083045
1284305799
1284355014
1150071782
1154254630
1142721830
1429507366
1463192838
1446427910
1379314950
1379314950
1920260975
854903791
854870447
855575711
847123599
847118495
842674351
842735807
840442031
861409711
836289453
547152517
549298884
817209924
820359684
820294204
1893770028
1893835548
1902289676
1902306056
1365434904
3496113704
3505849896
3503558201
3499953675
3499953674
3231543098
2499600186
2498594122
2431157706
2431161738
2426967226
2443810218
3534394282
3530207930
2452517518
2452501133
2452566940
2452566188
2469340396
2439325740
2430892060
2426727436
3500467468
3517428239
3550908942
2477163070
2464646126
2473905582
2469723310
2469812358
2469795974
2470325695
3527290765
2524915341
2532651668
2528457396
2526310885
2274685221
2243211567
2510599455
2493820702
2510596670
2514852398
2540538415
2536345151
3073281871
3173942735
3174995150
2755636334
2755505966
2755653166
2772362815
2772328975
2805940751
2805740141
2805740271
2772173231
2775319742
2783773854
3886881950
4156365983
4156430479
4156446863
4156452047
3623775439
1476285901
1434391005
1434390653
1417482605
3564967285
3565109013
3565039188
3572973172
3568653924
3702837860
3717239316
3734020612
3734086148
2660413981
2396099119
2517683759
2534428206
2484080170
2417042970
3503631818
3499433098
3499429002
3501657242
3556051115
3526655147
3526750345
3526799753
1379312521
1391960809
1404346925
1369744941
1374006829
1374022173
1399085829
3529771845
3530361300
3525713140
3525737700
2456211700
2455949588
2476839684
3516965380
4037054997
4037059118
3495997998
2971698798
3006580462
3006581998
3007106286
3011401950
3019778062
2986224655
2423139341
3492685084
2418946828
2423137036
2431529740
3500742524
3518566380
3552075245
3550018991
3533229482
2463667626
2451083770
2469966202
2536087866
3577733914
3577733642
3577684506
3579774490
1975977755
1975917851
4119227513
4123520249
4124892361
4116236489
3608775819
3608780682
3608909466
3610874618
3615023834
3614990970
3622380138
3622383978
3618189423
3618308204
3622454364
3581561932
3577400396
3510357196
1345891436
1350085740
1895365693
1885915195
1903746109
1899723837
1933239356
4068139388
4068398044
4074689180
4073509564
4136171180
4136160943
4136422058
4140788394
4132400874
4145538410
3208045626
3178689562
3161969674
3169905674
4243713306
4235392538
3692188186
3692237326
3690992142
3695194630
3699708198
3699854375
3700213861
3700197588
3696994432
3743066240
3726290048
3728377217
3728377729
3731539889
3731568545
1583886305
3681038177
4184684341
3647288613
3680842023
3688968499
3688968470
3689947398
3671090438
3397447446
3397437238
3397564398
3397825006
3397824942
3482235310
3482031517
3482879372
3352866188
3342376332
3341323660
3307900300
3609896332
3576341964
3580871967
3580745022
3614307630
3547100462
1399598382
1399406590
1399537567
1365908381
1365905309
1434132380
1434136964
1434005892
1426002356
1357337060
1357173028
1356899116
1356899116
1357088317
1440984637
1440983583
2003020319
4293114686
4293310783
4159084861
3086388509
3210118413
2669069261
2635477709
2635543255
2635404263
2580816238
2559847470
2560375854
2577210638
2579107087
2579119887
2360940127
2360880783
2359832494
3437780399
3296480687
3308539062
3325236358
1444049031
1375920261
1375903876
1380098292
1380094020
1380028676
3507535636
3490748964
3495135780
3503525420
3503656492
2431960636
2448810556
2465654125
2530624751
2522828014
2521630974
2665420894
2665380942
2677941582
2650415182
2633572590
2633502958
2625110190
3371762094
3371701694
3362271119
3362271181
3358076765
1211690303
1480174878
1482269710
1490662414
1608102919
3738936647
3671762375
3663377861
3659240917
3726161399
3726169575
3726251495
3728356837
3615098341
3622505940
3588825044
3572047812
3572178892
3572113356
3567982556
3300406269
1152967677
1169727983
3319308783
3319369070
3311241254
3340601398
3340748822
3342735366
3342740742
3346670854
3349816070
3316253558
3299595168
3299378080
3303580576
3292038032
3292444548
3560880068
1345761092
1362538244
1379380996
1377275655
1377238806
3596023654
3604472551
3621638887
3621635007
3620595615
3620533701
3620535749
3620658373
3621715189
3615483365
2540553719
3614400983
3614331862
3614331382
3614380534
3614249462
3614250454
3580703831
3580699767
3589090597
3589111093
3573413149
3707631373
3699226397
3715995421
3716126493
3745488669
3747405103
3747374374
3713299750
3705028966
2631287778
2627130338
3164067810
3183779810
3200565201
3058017920
3053889152
4061561472
4063707776
4063703696
4079432368
4046205860
4050395301
4054582447
1907098798
1940720718
1940658186
1907107850
837298186
283719947
275397385
284040969
284034329
275710249
292290985
293339561
828125353
869008827
869008829
865033661
869096893
869091773
863861181
858548733
829221149
828763421
895745311
929281343
392279342
392278318
358723894
341946674
1021419794
1022468562
483628434
1556319635
1547869587
1413660035
1426258371
1460828419
1446119683
1399261475
1407457571
1373978403
1353135891
1088893697
1088828225
1089880449
1080018321
1096664464
1113429392
1112913297
1111799217
1178907123
3604328818
3607098674
3618500386
3719097122
3706513958
1558981159
1508649493
1534339588
1534406404
1532106004
1527906341
2063728677
956301351
956309558
960503878
960524750
968937934
952226267
969143771
969063899
1002617243
994228635
994294171
1061207435
1061207435
1061270922
1061393802
1061328282
927172027
1967359419
1968354779
1978836249
1910678841
1911010601
1911002425
1911525657
1936642361
4151234861
4151218989
4134982447
4135049023
4149598014
4149542686
4149565790
4115024350
3579185614
3562413454
3705550238
3705484734
3705418158
3705426414
4261204975
4126991231
4101808925
4101808909
4101828108
4101892636
1971272444
1971206844
1999248060
1982466968
1982661784
1986789560
1995702457
1066729535
1034948670
1017127198
1021321758
476063262
140585502
1210526014
1266100538
1256020026
3398027290
3398023178
2324211785
2325255384
2411300280
2411299752
2377880236
2377745068
2222556839
2218362534
2216677030
2216656550
2486909798
2502572070
2515150855
2510956612
2544527556
2527848644
2531822748
2524482732
2517417133
2517411239
3054474134
3004076742
4044796486
4032229975
4042719079
4058458469
4050069749
1931950229
4079433879
1915173047
1932919007
1668678094
1638744846
1907151390
1906631182
1911345694
1399707166
1466783294
1458388270
1476343855
3705547046
3432917254
3364759810
3365285122
3369488146
3428044082
3423716626
3474294018
3469120771
3464930112
3397817024
3402625776
2315867872
2400718560
2367162976
2369280288
2381867040
2260237361
2260292611
2207969474
2207969666
2174402722
2174547106
2170354850
3241413795
3274049667
3525736835
3525771011
3525750531
3542918963
4083720999
4084769599
4084762399
4068050749
4074409837
4140473005
3066751661
3058331327
3076138655
2514101183
2516190127
2512069055
2516071870
3589807278
3581676719
3581740279
3564576838
1551310854
1547116550
1278681094
1278287894
1278290966
1148266518
1154627894
1087511298
1106643586
