3622748047
3580802959
3565086671
3565147103
3565017086
3560797678
3564922351
3564971503
3724346751
3724346719
3724367199
3724375391
3724371295
3590186335
3590190591
3590190559
3590312399
3587691487
2505569151
2505433983
2507534655
2541614911
2541745983
2541606719
2549997119
2549997407
3086865791
3086800383
3044855919
3040727423
3040858463
3044996063
3179176695
3179243495
3179050981
3078378869
2541573461
2541704261
2550035525
2550101085
2550002783
2550003071
2541616639
2541739487
2508185055
2508117455
2508183519
2516570591
2516374501
2516349927
2491183975
2491250535
2491410279
2491410295
2508060439
2541614359
2541739271
2524957957
2524961813
2524960053
2524837157
2659016997
2659017015
2675913047
2642285431
2642351079
2625574886
2633975542
2499763926
2495215326
2512185295
2512185311
2549933551
2541536493
2537407741
2535412957
2501801437
2485024253
2491377005
3036511599
2499763583
2516549071
3581832655
3581865927
3581859399
3716142673
3724366833
3724309473
3724046691
3749208163
3749212259
3660530002
1529770306
2066638594
2036780594
2028326691
2029313317
2027218221
2014635324
2030363416
2030428680
1762054664
1749468728
3905341032
3901019880
3901019881
3905218505
3896829897
4165468121
3137789945
3125206489
3133591001
3133654525
3135029757
3135030233
3126649339
3126714863
3143623150
3143553518
3143521662
3110034815
3105848703
3093200221
3095295309
3103674701
2851946847
2849784190
2883346798
2858181994
2866670954
2866667386
2883452218
2874735931
2874734363
2876887817
2877014537
2883306265
2883179305
2883347755
2874959147
3142415723
3142473066
3117303274
3117380058
3116904907
3100127690
4165476826
4165674218
4182389866
3653897322
3654945866
3655021642
3653838026
3653854426
3654087130
3654087050
3654087051
3654150043
3645618109
3645609917
3641284541
3674970077
3679106909
3688535868
4221285180
4221088540
4225546012
4217222956
4213147180
3911093820
3910590013
3910590269
3942971245
3942969833
3930382841
3947360601
3913707865
1774539129
1757434233
3905025129
3905158185
3905157241
3896735833
3913481544
3930258760
3930228552
3938681432
4006642232
4006642232
4005602872
2948638504
2949097257
2907158315
2902831931
2902774555
2902836025
2836841321
2836808553
2843105128
2851542889
2847219705
2916367835
2949920202
2949985690
2950051258
2916487594
2915373498
2915316106
2898551178
2894521531
2894521581
2760336477
3032771917
3041164621
3009249245
2992558063
2992525231
2740864446
2749219006
2782720191
3030180015
3030376687
3034366038
4112265478
4112262406
4148036903
4248708390
2100176166
2112757014
2108034375
1572212167
1570052487
1573137287
1606807447
1598465991
1590002631
1586799453
3733234477
3733235492
3464800036
2391074596
2395435812
2269524772
2232812324
2220754277
2231240181
2227047877
2227064195
2241613202
2275167718
2253923814
2249926142
2266641918
2233087486
2222599646
2231004638
2224750495
2241380239
2279387021
2262605709
2254210693
2265290453
2231674615
2215094006
2215040710
2484534982
2488729078
2515926243
2528431265
2526344320
2530567556
2185503620
2199652276
2168260004
2155754668
2158897388
2175678700
2209089645
2196244543
2196252686
2196251662
2196644110
2175672590
3303936814
3295429422
3295462190
3295524622
3295460686
3296504268
3292313996
3560737180
3575487388
1428069068
1562291916
1595844188
2115888692
2115974708
2115909156
2115647269
2119831591
1994063910
2006515766
882573326
345636879
345638091
81271995
215492777
215493033
215488957
77207951
80371599
72243086
67421070
68207510
118591895
106082741
385000916
385000704
1995608832
1986310960
1986310692
4150568484
4112883237
4096170535
4096698942
4096748094
3158196094
4101903854
4126802350
4122673582
4105769407
4105707965
4105707629
4109904940
4101568572
4097357900
4097550540
4113475980
1982761868
1982236300
1982235276
1981891229
1981887209
1981817579
1986012138
1994400234
1990209706
1419838634
3568502923
3304200393
3302107208
3304282124
3304127772
3299145533
3349467677
3316511262
3316511286
3433870118
2360127846
2355921126
2352776354
2352991382
2403261574
3460230599
3460230597
3472818116
3472642020
3338422244
3331645924
3348406636
3352600876
3579084836
3574631460
3558054164
3557993216
3557992976
4093819408
4111701504
3071447552
3071443649
3057042099
3191145378
3195281826
3203671202
3216260262
3216979094
3216913606
3216974926
2650285342
2650285374
2608360762
2574842907
3111709771
3111758921
3170479560
3162093020
2625214172
2625222364
2621158108
2637886205
2637878245
3212498407
3212760294
3221079270
3220557030
3220688087
3220633031
3212244295
3212310343
3212306231
3174430519
3174429495
3174397751
3161814823
3161945959
3161937781
3187021781
3052868549
4160033093
4160041237
4143280447
4143280447
4143281470
3061152826
3061700666
2523781162
2541606970
2541616394
2541549322
3042493130
3051000570
3046814634
3046814127
3046814189
3048783341
3044587749
3073947861
3074141253
3074073669
3074355397
4148064727
4148048887
4114486181
4114548389
4100785829
4109180853
4106043285
4106043271
4106169735
4105531271
3568592839
3572819927
3589662679
2541090167
2524804471
2524738935
2524804599
2523887095
2548979191
2550126583
2550134741
2516449109
2508060501
2507536213
2507536149
2641753909
3178624821
3212179317
3212179317
3195402085
2658981221
2675823989
3212694805
3179281717
3162373429
3170745653
3170876693
3187653653
3187643413
3220804663
3195654179
3191460211
3191493330
3191472802
3207201442
3173717682
3161003958
4109180342
4104986038
4104457606
4105440390
3572769990
1416652023
4096816247
4101039223
4101104917
4109545221
4126318085
3623258628
3597110784
2519057921
2519552529
2519667251
2533167974
2511868902
2629304742
2629579942
3703321826
3439146194
3429774401
3291888640
1144470784
1144350976
1192356627
1175628546
1175645442
1177997570
1178059010
1177403410
1123599138
1083953506
1082908898
1082672321
1086866608
1074287792
1074453648
1074462608
1096727184
1199479440
1182636672
1181006400
1449442560
1457828880
1457827872
1449435168
1983160352
1983292448
1983284272
2122237409
2122237347
2118074787
2134839698
2101096850
1950098854
1950230438
1952319158
1958682294
1958026998
1957967478
4121194006
3584355846
3622104838
3623218439
3623337031
3623351509
3621769453
3613245933
3613245805
3615454012
3581895548
3581765244
3581748828
3581882333
3590266877
3564965375
3562880511
3562814942
3562812878
3571210190
3573274558
3569349567
3516920765
3516707245
3554457068
3556549716
3544155156
4079850532
4046435364
2972688693
2976817430
2960057622
3027946774
3023638006
3021803430
3038711718
3076392870
3063349927
3065451396
3065852876
2528929612
2549935932
2507992892
2503864124
2503933725
2507069278
2549073262
2548942190
2548352494
2539931086
2540127694
2541114766
2507548606
2507482543
2549429693
2515867069
2515868927
3589635199
3589635359
3581705487
3580654863
3580748045
3613782909
3623350764
3623350764
3612733948
3579115000
3579166200
3579296120
2505554233
2683803963
2683608863
2541025054
2537353758
2503823934
2621313662
2625532910
2633913838
2627618214
2627491223
2644272519
2648467397
2642175573
2503833141
2486925093
2485870373
3563801911
3513408791
3548050439
4068144135
1918615559
1917358157
1917625421
1913496668
1913560140
1930336460
1897843165
1880936429
1885134829
1885099951
1893487279
1973228479
1977495999
1977492927
2111776183
1577008631
3721871350
3723837238
3723837206
3723785990
3723781894
3722834694
3589788435
3589788465
3583300388
3615794144
3599022000
3599741364
3603927461
3528294565
3524101301
3541009597
3507412189
3491657989
3493738757
3492743943
1345071911
1357655846
1353528102
1370166118
1470759382
1454047702
1454915926
1450766711
1178117431
1178119447
1178315015
1195030790
3342514198
3608988710
3613180966
3582976342
3717132598
3717112373
3718162020
3718229604
3722227312
3715927888
3711290452
3677736180
3677414628
3675480305
2031251539
2030190899
2067821095
2072044087
4219663879
4219665927
3750230727
3754277575
3712989847
3708788357
3712993181
2638791597
3185099247
3220955631
3220894831
3212833919
3212635159
3212833878
2675889527
2642330999
3179168759
3187491797
4127028053
4118110997
4118246197
4118229301
4101321021
4101321021
1953969181
1953897501
1887378461
1346182525
1344108877
1365015885
1373425119
1406977503
1474151903
1465766239
1467994455
1467929559
1457452023
1457513431
1456948167
1591100375
3755890663
3720341863
3703368037
3705448757
3705448756
3697059900
4183598108
4284064780
4269445132
4269441061
4269465719
4269719622
2117877862
2134642790
1964843110
2082346486
2086608630
2094471798
2090277462
1016547911
1016973893
1033677381
1073057095
1047888967
1043431510
1043386486
974156022
2046832870
2063675622
2034377638
4186048166
4185983702
4253055702
4286639814
4286637774
3749896783
3615683148
3621111628
3612659564
3611093356
3592222828
3592341612
3592342852
3613315524
3578586048
3561878211
3561636546
3557426882
2623413970
2631810978
2646422946
2678863266
2662143362
2663191938
2394697138
2396811171
2405199845
2373738468
2306695004
2306670364
2313743645
2313743677
2582502701
2565725487
2566774575
2558517119
2575294175
2575171551
2573074399
2573066207
2606063101
2572647805
2606202205
2608299325
2616687933
2616556861
2616548701
2608160093
2337635677
2337764733
2337797629
2304245245
2303065565
2303065437
2304114012
2312502621
2304245117
2304245117
2304769407
2573204862
2606628862
2606628862
2573074430
2573074398
2572549598
2572672350
2555895158
2555903350
2572647766
2572647766
2572639575
2605800791
2605800791
2613149013
2613173621
2580667765
2580675957
2572285276
2572285276
2572285276
2605151612
2605154173
2588376957
2605145983
2605154175
2605055487
2571501023
2571501023
2579889631
2579889631
2580020701
2571632125
2304245245
2304237053
2304237053
2606628223
2606628735
2573057919
2581446462
2580920127
2580919615
2580911423
2606208309
3138753813
3138755861
3138755861
3137838357
3137797415
3137795431
3209086310
3209085766
3177084870
3172890311
3177086679
4250500581
4250434789
4258878677
4261037252
4261102796
4260979964
4294468972
4286149996
4286272892
4286535004
4294930781
4261245789
3724370781
3573511007
3571389247
3571258174
1415320382
1415328062
1415524634
1417556234
1417549066
360580362
369034507
368841995
367793435
367793435
367792411
99352859
99352859
99352859
99352923
82596219
82596219
82661755
82833883
82833883
82833883
82833883
82833883
82833915
82178555
82293241
99070937
99005400
91665368
74953688
74822648
83137528
82178936
99087224
132576120
116839288
116846969
116912507
116912635
108393979
104101371
120869371
87314939
87380443
98898395
94703963
94703994
128266554
132591930
119943482
120008730
119877914
119804186
124539162
99373434
99438970
124776826
258994555
258994523
258994523
225309017
225309049
233623929
233689467
233828731
233795962
267350394
258961786
254767482
254767451
254669147
225300827
225235323
216846715
208531835
208662907
225440091
233828699
267350363
250573147
250507611
242184539
242053499
241987963
241987963
107762043
107860347
124572027
91025787
91025787
74314235
74314235
74297851
74445275
82833883
82833883
78639579
82833915
82801019
91189627
124678491
120484699
124679003
124744539
132927867
99373435
90984827
91025915
24113627
24048091
15725019
15593979
15593979
15725051
15725049
7336443
7205371
7336411
7270875
15659483
15659483
15725051
7172475
23949691
57635195
40792857
49173273
49271579
49148731
107870011
107804027
107794811
124572155
99406331
82629115
82637307
82669947
99578235
124678427
107901723
107901721
107967257
103641945
103568249
86823801
74240377
74240379
74314107
74412411
91124059
124678491
107901787
242119003
242184571
242020731
258797947
225235451
208458235
208507387
217027035
82817499
82686459
82686459
217035226
229028314
262582746
266777082
258385914
258450426
258257659
224695035
216306427
216306425
217420409
209105787
202809723
202891577
202764601
209043833
234340697
233193816
94785880
132632952
1207234792
1182053864
1182184936
1198962073
1197970831
1206161823
1164218814
1148498350
1144451566
1144185342
1412850046
1349939583
1358354239
1358427949
1373959997
1365538061
287593733
2572565
2511221
23475047
31929205
31789909
31785813
66000213
65942901
28261687
28128567
28063031
78390294
82587654
82776342
74387762
91181362
91189618
91189586
124735954
124769746
124638674
133037522
128974290
128841170
95286643
99414387
91025779
87028083
86962547
86963154
87029714
91084242
91084274
32494066
28176882
28176882
28176882
32502259
32498144
57664496
57537488
57497552
40722384
40722256
57507664
57507600
32341776
99444593
99378033
99447667
99570003
99598675
124768755
124769651
124771699
124779891
120585587
86867315
90994514
74217298
74240850
74306418
70161266
86946674
87011794
87012754
393188754
376413587
1047501235
2121251249
1852815793
1847967728
1847965488
1848095536
3995513376
3995247137
3928072737
3929076513
3933259623
3950038887
3950041959
3950049655
3914463615
3914463615
3914463519
3914459487
3914463615
3916552319
2842774015
2842905087
2942458879
2950847422
2951961270
2951838358
2867883734
2951768023
2918196183
2901479895
2901606866
2893223378
2893229522
2901485810
2901506290
2897467634
2813515986
2794642883
3868357057
3864158656
3858768320
3875545568
2752786913
2752841189
2767653221
2763410295
2762394439
2812721735
2795940423
2795876871
3874784007
4130652967
3073651047
3023315047
3023381607
2755008615
2758150374
2762344918
2812726214
2795952839
2796004047
3065295823
3065295327
3056902383
3040141423
3023323247
3023441007
2754771055
2758994303
2763258719
2897459789
2930949709
2928779845
2933166917
2920579413
2920591461
2922750437
2922833389
2922577391
2939342831
2943602654
2918436702
3992051534
3992055582
3975278366
3967020831
3983802175
3983662463
3983658495
4017179901
2943442109
2943450300
2910026940
2775743900
2775744220
2784181980
2767290100
2784067188
2779807284
2711641652
2715844181
2716102357
2741270228
2741258164
2750697364
2717207956
2717351316
2717220277
2749717749
2749750517
2749758583
2749885463
2749820183
2741430551
2741481239
2741354295
2741995318
2708390678
2708402454
2708336694
2707705894
2758017062
2753826854
2754028598
2753964150
2758162678
2762344854
2762345350
2812693134
2795857806
3065275271
3069473157
3056890300
2989842860
3006751148
2976344036
2967863269
2695233279
2699411023
2716186126
2741278478
2741089038
2742129439
2742129453
2775638317
2754634029
2754688039
2754747431
2754743334
2757889062
2762082646
2914405854
2931260814
3200218502
3197982087
3202089365
3189511077
3188990885
3205833645
3044484031
3052893183
3851941854
3885087694
3885017439
3885017435
3889211673
3876699401
3845227785
3845619993
3828785465
3828523305
3828535341
3845308461
3979592813
4017341549
4017276157
4000503005
4008902111
4008968063
4025614143
4025546303
4017157695
3983598111
3979469599
3979605887
3983755247
3983626223
2908835823
2950893309
2950893276
2883786444
2883663436
2883593036
2850038556
2833326396
2829137192
2830173481
2830179387
3903859722
3901760522
3901760522
4169217098
4190310490
4190311626
2067994058
2068002778
2068133723
2068133723
2068150025
2034627865
1766178073
1766178585
1774567257
1766112841
1799732809
1778892633
3926235001
3926168937
3926176105
3926241785
3926307817
3926307823
3943093231
3944138223
3981952495
3983887614
3982576894
3982589150
3982714047
2908906941
2908886972
2908888988
2782994076
2782936764
2767203036
2763075292
2763075276
2779983564
2779868892
2712692477
2750437119
2742046399
2742308799
2742308863
2750766558
2817813982
2816830814
2816816926
2951157534
2909221662
2909085982
2909089854
2825195566
2833581118
3907193886
3908179982
4174522382
4173539342
2025925646
2026332174
2043039758
2034683983
2034745439
2034552957
2042945916
2026237308
2026368860
2017983096
2017843800
2017845065
2030554955
2064533259
2068727578
2035237694
2035110702
2018255150
2026119455
2026201375
2026205487
2034754927
2034679263
1766236046
1766300558
1774565790
1774565790
3955539390
3997472670
3993342606
3993408143
3859206815
3859207087
2786423215
2790542575
2817805423
2780285039
2813778015
2796809486
2796807951
2800939535
2807218783
2769375975
2752521126
2752520615
2752525479
2756910247
2761063591
2777873653
2811690309
2797055236
2796857092
2792665612
2805256732
2771743293
2755080767
2755082030
2752846126
2757036390
2761361638
2761378006
2778200262
2794955974
2794889414
2794893511
2790764756
2922684900
2922682340
2922743780
2788663268
2805383012
2809390956
2775639900
2771447628
2769415773
2752708589
2773666796
2773731820
2943471100
2943475148
2943479116
2943610172
2952003372
3992047405
3975204629
3966823685
3962629381
3962826021
3962756389
3983723813
3983722805
4015184209
4015184849
4015250385
4015058929
4015062519
2941312487
2941373943
2941508983
2943614839
2918448951
2916212535
2907756343
2907727638
2909890358
2910020982
3916914166
3916893686
3925149878
3925678230
3925817558
3925748935
3904777409
3904775233
3904778305
3904778560
3902742848
3923584848
3956090481
3939317329
1791456961
4207408839
4207277767
4207271638
4199415766
4198890910
4249214366
4232567966
4232567958
4232533142
4240789686
4240797926
4241973734
4237783526
4258485751
4291952085
4283562453
4266916821
4267147216
4267005652
4132704964
4132778580
3612815908
3614847541
3589739029
3581351701
1442133301
1475624229
1442086245
1473576277
1473555917
1472507343
1472496839
1464177910
1430761718
1564975206
1545068646
1544970342
1544975714
1547062899
1551257171
1559677505
1572326912
1605426944
3757094160
4268798992
4130451504
4128288864
4131434592
4265727344
4265795040
4266033121
4267122659
3730126834
3728029170
3598127586
3613852658
3622699986
3584950850
3585017410
3568047731
1425813025
1149005333
1148021508
1156565760
1152240401
1152245603
1153230178
3304907234
3577528738
1362985362
1396094851
1396113281
1383530113
1383521921
1391787937
1391766947
1911858403
1885639922
4028994642
1881515058
1881515810
1885840930
1667675682
3793917442
1646450178
1646511618
1713425698
1717614627
1721825317
1721818149
1738734597
1734505541
1730307141
1730561261
1713505517
1718814693
1718687445
1727080157
2012296957
1974681341
1957903957
1957902917
1957785157
1420918357
1437628405
1441821685
1433428661
1416656821
1416787893
3564305813
3562261909
3564240017
3572610259
3588334678
3617694998
4154500902
4142183974
4133787174
4146372134
3073373750
3077502470
3077461767
3077457175
3077334245
3077399781
3045020919
3178716375
3187146183
4258790726
4258660182
4292149046
4285847094
4282185270
3174527830
3178652502
2633398135
2633439029
2631210292
2630956304
2630907152
2622518576
3721720864
3720672560
3755457841
3734418739
3739129282
3732833474
3745498242
1430111378
1413443746
1413427362
1413427362
1413420211
1416500721
1961254513
1978129968
1973812752
2007346688
1994761472
1986368512
1982170112
1982301296
1982330081
1982332385
1986389991
1986361319
1743017975
3857467349
4125970901
4109202420
4109197940
4105003632
4109198128
4243395409
4235006277
3693942087
3715053415
3756932839
3736026869
3735895749
3740024524
3740016332
3740014556
3333191101
3351012543
3483722942
3454497982
1298583742
1277411734
1143198166
1143206230
1411637510
1415832855
1424092501
1424092149
1440840692
1466130356
1465980852
1449214868
1450394501
1457770997
1474351463
1474359591
1432413478
1415619862
1415755030
1415748630
1415826454
1415826482
1948495154
1952621874
1952879922
1952941074
1969538050
1998906434
1982195026
1982265330
1987495666
1995886322
4139241202
4139048674
4139054694
4141148023
4132758599
4128764999
4128658519
4128658807
4132851047
4157953383
4254360931
4254425415
4237815879
4237807685
4241866869
4235580513
4231527696
4231461633
4231454209
4235583089
4252296933
4294207461
4143272951
4134928775
4132897159
4149490103
4149224615
4157681133
4120075773
4119945053
4124081749
4115721813
3578848837
3581014597
3581334359
4151759223
4160148791
4160144407
4152280323
4151825683
4151826227
4150785846
4151703334
4252296550
4252296678
4233389542
4233592246
4233518999
4234086279
4234090453
4250731861
4286121269
4269368631
4276708663
4277790007
4273530135
4277987095
3755796309
3755795829
3747542357
3713947077
2640201205
2623366645
2631759351
2631220663
2631368102
2631359398
3721464758
3746766742
3732094918
3732084678
3731953654
3740280806
3605012966
1474302438
1474363797
1440743812
1088434560
1089495424
1148248464
1148252576
1144038884
1144108388
1143127348
1143118103
1076075270
1088531206
1101110038
1403099702
1386452790
1390580007
1383235828
1383252164
1378939012
1393582244
1360028836
1343382948
1347581941
282267383
279972406
279972406
283273750
300051974
56780551
56840455
52445239
52453415
19931191
1455350
5644262
8867494
25644694
58875526
42100422
47375046
41067335
48472373
48275492
39887916
57715756
1160816700
1074960405
1074976839
1074973126
1095847382
1103298966
1136792470
1182937782
1183982262
1200759539
1200820849
1173377569
1148215588
1148218660
1148221492
1148344324
3295824132
3304474884
3304999172
3319684868
3348845380
3334030279
3334030326
3334030306
3354944482
3344492514
3340300258
3340491714
3474632578
3456806786
3456806786
3457058689
3460728449
3486942912
3486680768
2412807776
2404427616
2668684641
2670751077
2651986247
2664827350
2664835558
2677354406
2677282790
2677281278
2643481054
2649805263
3715158349
3559978284
3560033316
1411566612
1345510464
1345481796
1345463492
271713476
271779028
52826436
36057604
40240644
333712948
300162660
14973669
16050855
66383286
1115088006
1110888582
1110868422
1110868790
1390842406
1386586662
1386521126
1403298087
3617890340
3601104932
3592717348
3728524516
3728606368
3728610448
1564354449
1551773347
1555500786
1555500738
1554456130
1554060866
1286630994
1221652258
1262529826
1246210307
1514584323
1515097169
1514964064
1514975456
1510531296
1510727813
1510634886
3741994646
3692710566
3705359014
3700959910
3701222022
3701223046
3432331143
3432256929
3434090912
3320840416
3344961888
3311608128
3311542593
3311542533
3311611157
3312466215
3224377391
3224377407
3245500431
3254185231
3283518731
3281814299
3281552377
3281552300
3351807916
3612116396
3607924140
3573976549
3573988693
3558253831
3558254338
3564545794
3698712866
3694424354
3694403618
3711832115
2503869457
2541356368
3753512304
3753578480
3736669904
3734511296
3466100417
3470325715
3462259606
3458180022
3742802406
3711337974
3644231110
3690367430
3690244343
3673468133
3658801268
1511395652
1514012956
1496711980
1551237677
1554386479
1554254375
1555315510
1286875398
217344262
192195847
175616257
175538177
175014097
170557649
187363569
153789681
153791713
201042913
448507617
1521202881
1252624321
1315471745
3458830769
3475759521
3559465889
3563599525
3568905893
3568905893
3569101735
3300670375
3300657558
3228831170
3223800834
3223776258
3223692562
3240404242
3278349570
3269899586
3266741698
3334374594
3336406258
3327964386
2251677794
2267377762
2485481827
2489673315
2498199137
2493980384
3701479156
3705680580
3697287748
3441426708
3441504573
1277239357
1550003516
1558325564
417540924
410123052
422615356
439388173
439387343
439517326
438468750
975343766
980594918
982687974
981508327
985981100
2067817640
2130800040
2097560232
2084969128
2093353656
2094271113
3700697738
3700696794
3719300058
3719299962
3718386218
3449954858
3451003422
1286632210
1286628131
1219551520
1215557936
1209237792
1209109808
1477543984
403875840
420653056
456566848
440305857
438862977
975995025
975536369
1042727137
2116473057
2116511585
2129948385
4273237729
4290131585
4290130561
4294849153
4257154691
2646148771
2646097575
2646354598
2646354862
2650540942
3710131087
3710335887
3743559119
1596075206
1566712902
1570840662
497037334
497098758
484569094
207654950
207663462
225485159
225489279
1297135613
1305590525
1305721525
1305721781
1576270229
1567783351
1567807671
1433588951
1441972295
1436995591
1470480405
400875557
392486948
388296740
354865188
338087940
339144972
337111821
337115661
343333407
368495135
115788302
115789318
115785990
132612103
502763573
343400481
343729185
271379489
275688465
292455489
305054915
304955522
1378631826
1378828962
1382961826
1371480738
1351885542
277095135
1350840845
1350850108
1352055084
1893115948
1953998892
1429514268
371238924
371237901
505577485
505577677
505598151
505565559
1042477671
1051911911
1051780775
1068558231
2109040006
1551250822
473301894
472318630
472068774
484516463
1553998381
480256552
480257560
531640072
259008792
219228216
139540492
147855375
147868686
146849854
138653790
168996934
236106054
238457282
103711106
36667794
36409490
36696210
3109042
7152802
15564192
11393696
12041888
279232160
300197872
1378132993
1445233666
1445241890
1462019106
1428284706
1411528214
1566717442
1575096854
3433235062
3381663462
3381671910
3381669366
3381668295
3385923911
3411245397
3394465109
1246918469
1257403213
1257460573
3404755309
3394269677
1242591469
1241527533
1207968869
1212245249
1216542481
1216525872
1216593440
1221639712
1280621344
1544927600
1580644800
1581169792
3727592576
3593372800
3593372816
3593376176
3728569056
3711705696
4231799328
4236059169
4239139363
4171507490
3634633010
3634694146
3634497538
1265829954
1242772546
1242701830
1242771470
1246826782
181674282
181677354
176957737
193751848
159935464
159963848
159963016
198755209
188449195
188395947
188457386
188326314
186442650
199091150
197587934
147235310
147161455
146837807
142719285
415349012
407353620
403093812
419937332
437686276
437686276
437698628
439746701
439747767
456530087
422984358
418720430
951331502
967843470
464523982
447742542
179372558
183755054
181461285
177250596
180393248
172277024
168078368
168082464
437165056
420385792
403616832
941262016
943359441
2016052657
2016051635
1747616163
1764741282
1764061350
3895735462
3895732646
3895798702
3898030750
1758800542
1754540702
2025074334
2041849487
2075472847
1521824718
1525948678
1517560118
1517577510
1249243430
1257612054
1253417734
1253356049
3402937904
3393493792
3389298976
3389425712
2315688176
2584123600
2605095104
2676923520
2644414849
2644411299
2629599906
2633814690
2621200034
2621191842
2553226898
3089968866
3089894946
3089370402
4167317522
3630442498
3639027715
3638978560
3638749440
3654392064
4215315264
3124805200
3128997424
3129058868
3129192981
3129184822
3120615974
3121616486
3138653934
3107327470
4181073086
4227284126
2073300190
2022708429
1484858373
1489234944
1476635648
1476639744
1493281808
1526770720
1510127361
1510381123
1510381250
3659433666
3661350642
4197045986
4201182434
3152568550
3114819822
3098240221
3099258056
3099228616
3103275436
2551720876
2551719852
2558141100
2629448357
3703440038
3702784934
3706979810
3694419058
1480456194
1497294850
1530850306
1514073089
440288256
437714960
437715056
436539744
441197157
466363109
462169839
428637918
428636878
428665550
156019166
1527744606
1527744542
1531954206
1540280350
1541312798
1503560287
1490981629
1481962236
1476715180
1476716204
1476718508
1481112044
2026306028
2072500716
4219787724
2059926989
1606864335
1598474126
1564922806
1564898214
1560769446
1560761254
1561711030
1599467991
1598416151
3595938069
3595877173
4141136693
4143426060
4143877645
4160652812
4152264268
3040772852
3024077540
3024057060
3157730020
3161797221
3161731431
3186896934
3220443190
3199546390
4275381270
3671335958
3670486038
3670411294
3670476831
1522808861
1531193628
1497640204
1480925452
1481007436
1489433037
1489408397
1489277357
1489281453
1480896429
1476705005
1494219485
1494121037
1494104587
1598949899
1590560027
1589969147
1589973179
1589915835
532996267
532997295
532982959
515946943
516005119
524473423
524481551
486949903
471270431
471276863
475404575
483793439
482744839
495336023
495218421
465888957
449094045
440709309
436515045
436514853
503624741
504151073
504342563
487245843
336202753
336203009
67776064
210380496
210380465
211419779
261964418
245158786
1317844386
1322034594
1179430886
1464642278
1439206126
3318516446
3318582991
1297055437
1297036869
1225602837
1260331044
3411943460
3671466020
3667288068
3688296452
3653611844
3645151196
1476697836
1480895149
1489284015
1489267182
1480931838
1493573086
1527121214
1514538302
1522938367
449196437
449061253
440725893
440709557
436511148
994354604
994359741
994417661
722909773
792115727
791063055
791054863
1764150798
1763853886
1747060527
1751200815
1777345583
1806704685
714158109
714092701
713057412
717286532
704703636
1744878772
1812110740
1824693908
1820495524
1821412912
1693494784
3831541249
4099975698
4100094498
4100070178
3156347170
3156609314
3106277682
3127773954
2595100418
2595094786
2594967827
2594971936
2595758884
2583176044
2551728088
3624618408
3624630440
3628656808
3628656841
1498085839
1259272142
1243529550
1511883038
1511362670
1515053158
1523572966
1539727575
424027333
138811588
134613444
134552548
407120484
415574637
465911421
448795341
448811727
448852702
180396910
180396398
197173294
155299886
138653758
1220672570
1220671547
1216805851
1216797323
1216797325
1222035085
1280623241
1299497864
1333101016
1316458840
1316467496
1316267816
1312157480
1312223032
1312119065
1333545242
1308364154
1287458682
1287533418
1285497662
1285321014
3437019446
3437228071
3430850677
3430851648
3443427520
1312721344
1182632337
1190956467
1325174946
1325195426
1316233634
1312170422
1245066646
1242959830
1247746918
467413799
463219237
429668893
429661724
257221465
169190361
168141711
168079806
436510894
449093798
1518646438
1518845046
3733370902
3713447943
3694574343
2621344279
2620312071
2620018182
2625244678
2566590002
2566397474
2561418531
2561418279
2561422373
2578187316
3653045252
3688172544
1259678720
1259678992
1225026868
419491604
956346117
687910725
687971159
725851127
709073397
717338837
717338773
704756885
704885909
705147025
705147027
688304291
671543459
671482770
676726466
946277890
954546738
2028218914
2024024610
1488203315
1488258563
1486164481
1267020033
1250254848
1255665664
1247265024
1255572308
3398864468
3398863604
3415710460
3381983981
3373591279
3625250794
3642545098
3644621130
4192108906
4186878254
4174291759
4182745655
4178485767
4178567687
4178338399
4178067055
4178066030
4182514030
1774979118
1808730138
1808731210
2059743307
2059739211
977674443
977694971
977625323
994337003
960769515
952385529
953122649
953056585
969831753
458118217
458212425
458225115
457553403
432387515
432313755
407147931
138778043
147240363
147235263
143044751
143053199
1220985271
1229362599
1498856934
1528216918
1513528583
1584828167
1584629527
1584435991
1450238229
1448108341
1448097069
1460741423
1414669606
1146225446
1079378738
14090546
9703702
8658950
8686614
9209907
1099864323
1120844035
1176410435
1176405442
3459023746
3727463042
3727602323
3660477363
3677233570
3647939746
3640143011
3635947681
3634116769
3638373765
3688329093
3679954628
3738679236
3738277124
3729826852
3725634597
2635132709
2639461937
2629991971
2630227555
2630161123
2626945442
2644263074
2677883058
2682208402
3747566722
3474943106
3474455938
3474321362
3474255734
3746917910
3757537030
3753891590
3752711959
3752851253
3685447477
3655943989
3647489380
3644345828
3642346980
3642750324
2064638212
2069553412
2069607180
2077799228
2069406508
2068358956
2047405416
2047369193
2047549417
2064530425
2068725721
2043551577
2039353097
2039285513
2076980505
2076713272
2051551544
977818424
977892121
994666329
961083385
944365529
952729051
952857947
415921497
432722265
1506529659
1498018283
1497952763
1481176474
1481244058
1489598874
1485404666
1485388282
1502558523
1536040249
1535513881
1514537753
436667192
436273980
452997421
419439917
419439935
415268190
952333662
415495518
415626750
944094718
960871934
960871902
994425310
994556382
977780191
977780191
994555357
994490333
956741373
956741373
939917053
944111597
944111597
952589823
952597983
969227613
1002782013
986086701
986078525
977755421
977558797
977599773
994901373
961410429
693106557
676329341
676198381
944535527
961378295
961380343
995065334
995048950
986660350
986659294
986528206
1003321823
466450783
466582813
466547981
466546957
458199325
466401149
1540142957
1540145133
2043658237
2043591581
2043591327
4191066783
4182744734
4182744734
4211971774
4279080622
3205347246
3209672110
3217986734
3079640239
3066924287
3058027983
3058094031
3071729239
3071733366
3038144038
3042407990
3077920534
3086308639
3086316863
3069476149
3069476149
3084352852
3075890260
3042368592
3025597520
2489307472
2491404752
2491372496
2487112641
2503882627
2541624210
2541570466
3069462950
3067369702
3084156406
3084117318
3084116238
2515591454
2645618990
2649814318
2649810222
2641587998
2641559318
2624773414
3170094439
3170223333
3170227397
3187012804
3176506564
3206522324
3206456820
3206479332
3206536676
3210730980
3187660260
3185432564
3177018964
3177018900
3176611348
3178708533
3178512167
3186887975
3182693414
3182693398
2679518214
2683708422
2681611542
2648117878
2647458422
2647413719
2643223007
2642993565
2644043197
2648280493
2650376621
2642254269
2503842717
2503973773
2503917517
2537481677
2520703309
3594481981
3598659629
3615437095
3565105430
1417556230
1350448918
1082003250
1082068770
1090325810
14488834
14627074
14614787
33489155
100614467
99599699
99603955
133035507
133035505
124580343
57446903
40734871
40744375
40891831
40893879
40762775
56981399
23557559
31793591
15016343
7143895
7278965
7287601
7284515
7153251
32321107
32317251
32327491
32359379
28168659
28176755
32370993
32502065
53343521
53341472
57535760
57660672
65913089
61718801
61722933
65925413
65921317
1139794229
1131341589
1131333461
1113966557
1113872316
1189368732
1185173980
1185174009
1185181801
1206136873
1193549865
1193620795
1160672522
1164865802
74248474
74240362
1147978218
1143849466
1164956106
1173270986
1169076683
1169142234
1156428282
1156363498
1156429050
3589258490
3580800254
3614359038
4130182142
3056439902
3056570958
3056513559
2788078135
2788094503
2804867623
2771149669
2758547301
2758546917
2766996956
2700019148
2700023244
2699899340
2699896284
2695705836
2712106237
3820442841
4076299465
4067943880
4063753544
4063597384
3799356280
3824464744
2717168488
2717161321
2717357931
2750855018
2742466394
2721559370
2738221918
2738189167
2704765935
2687898605
2692092909
2699499501
2695183853
2700361180
2700426444
2700557516
2985759949
4059501661
4126486599
4109705286
3572838774
3572969958
3572900326
3572969958
3572830422
3589735559
1466303623
1181095111
1180898503
1189164247
1189098742
1172317686
1156917094
1157048038
1157052134
1155990230
1089274562
1089208898
1089012291
1172918801
99316529
99345200
132768048
1198122256
124384528
124376369
120571187
120542487
124613975
65885527
32261463
32327027
15553393
7172961
7164721
3109649
19919633
19853585
24047891
24106259
24106323
23975187
23983411
23983411
19780913
19780977
23982417
23982417
32363345
28300145
28275569
66024307
65892723
65917299
57528691
57537009
53326289
53326737
40735120
40866196
40875156
49124500
49124500
1122866332
1122874556
1122874604
1114416620
1113974248
1114072472
1122328536
1118117625
1118051050
1118059370
1390685994
1390687018
1382314794
1445262106
908571194
925803050
925672426
925674954
925665418
908966074
925743355
355334271
338574349
271463428
276702512
285155872
1086128672
1086194224
1084146176
1084133952
1352569536
3516498560
3533275795
3537477282
4065894050
4061698722
3793336998
3793272510
3793534638
3862740906
3861704170
3861703786
3877921850
4016383034
4016447546
1868705851
1877094443
1877160057
1874010361
1873944731
1871847839
1870862239
2139166351
2105618055
2105634503
1418952469
1423392529
3572840208
3563337489
3563336497
3304002353
3303949075
3304997378
3305030210
3321874242
3321728978
3621624306
3604855139
3598498931
3598488641
3594294465
3594367189
3594514660
4267566565
4267501541
4267533989
4267648741
3193312893
3193308733
2658403903
2667319870
2679907870
3753846286
3722393102
3453818678
3453556006
3453685798
3453681686
3453685763
3436785665
3436736528
3428379956
3428494144
3296377664
3321531329
1173998993
3354973603
3329781923
3325620387
3325685921
3323654305
3327844753
3355108291
3317405251
3317210658
3304630818
3292047906
3292068386
3426344498
3426375170
3430572803
3388674321
3383296305
3387499568
2347461680
2339109936
3396072560
3397103696
3403186384
3398992368
3415839185
3684212979
3654853862
3644386534
3644343526
3644457174
3644457294
1530532686
1534726731
1540887163
1603813227
1603824619
1607068667
1607187403
1607310219
1566348683
1562149257
1561625035
1544978651
1545003503
1545003503
1549164903
1549154167
1557530423
1557595447
1557468535
1576867287
1610440151
1593146783
1593147295
1593278110
1324834446
3463792286
3461366782
3461632878
3453231406
3436454190
3633799471
3633733949
3365398324
3365398324
3365795349
3361588789
3372861027
3406350179
3389550439
1510501750
1514679638
1523133767
1524317271
1524309109
1524309093
1532576885
1494864981
1478094924
1495249228
1493676124
1493278844
1530963192
1514183144
2059438568
2055313897
2055379435
4202864107
4202869931
4274163883
4244816063
4229316751
4229300373
4229313716
2081828260
2083860196
2096447200
2092250816
2092377792
2092245699
4257051330
4254388978
4292138726
4283760358
4266966774
3189095110
3189094982
3193306894
3201626430
3203420478
3199225918
2682261821
2682327340
3747808556
3714253868
3714384956
3695117340
3699258396
3430556932
3438963972
3304810756
3304717079
3302619494
3319527782
3353040374
3338223830
3472425286
3489267782
3453952102
1289494881
1289496928
1289226720
1289702384
1331089344
1309840320
1580380864
1309840320
1308668848
1308665248
1442885600
1442880416
1442971568
3577902977
3565352835
3565340114
3566650722
2494877026
2499587858
2508041986
2537532930
3610740242
3612857906
3747077926
2673171750
2639297575
2572182647
2571134023
2571134295
3645076855
3653384023
3653383763
3720557171
3720426225
1572869108
1438716308
1430335900
1430336668
1430337724
1430460584
352393400
352393624
385939912
386966856
393511688
380539656
380477736
514629928
514634792
510494764
507422764
505080029
1578789006
1580870798
1564087470
2083127470
1948910014
1954218686
347939503
347890405
883221077
346333703
1419813382
1415614758
1411420206
1411423278
1428199695
1462958863
1445100045
1449531919
1457916686
380568862
380108846
384331818
510255402
528146698
473621262
406553934
406367342
404285550
403232878
940068078
956843246
969589214
965407438
2039145182
2040062638
2025382895
2029577580
1482224708
1478390852
1476801604
1476396388
1547710308
1556156005
1602295415
1589786311
1321351110
247860678
239930822
264785398
1288443383
1289122773
1222046412
1221780060
1213260332
1208017448
1228992056
1262520877
1270917935
1266858799
3380854142
3481374926
3482632398
3483353230
3487219886
3479068846
3441370542
3441363335
3441310597
3424611237
1296854949
1170499477
1204151173
1200079749
1167573893
1172292581
1146939237
3290228263
3290230566
3426151686
3475438598
3471756294
3333409814
3467480114
3467492386
2394727459
2413601057
2405008208
2656731856
2658833104
2658853616
2658857649
2675658675
2641955235
2642155682
2554083494
2553559206
3646299550
3654434702
3682744271
3682660045
3682658044
3686836220
3678447596
3674256364
3674313469
3657531998
3724591630
3724863238
3737642278
3734434854
3734426854
3617572015
3583822989
3579410572
3692718220
3709487500
3745434028
4282370988
4269663980
4269597209
4264354575
4264354063
2133647647
2104386351
2020489775
2020489775
2020424199
2020547079
2029927237
2025201140
1485832436
1501565124
1539367045
1509994645
1509994727
1526767726
1526766654
1526970398
1497544990
3654482718
3717397006
3717389918
3717383770
2680210042
2613109370
2613109371
2613175147
2613178731
2571169899
2554351739
2554548443
2554484187
2554527739
2554519291
2579750651
2579627723
3653334987
3653329225
3645976664
3646099560
3713204328
3696427368
3695256952
3695390168
3695344600
1279449497
1279392155
1279326350
1297134734
1330823374
1181929934
1189245789
1189245500
1185034796
1185100332
1189098028
1181754904
1311862296
1309800747
1326496042
1561368634
1561364555
1549241545
1549239689
1549054600
3711021705
3677524619
3660763854
3673322222
3667092462
2593137902
2593137774
2609909870
2572222542
2572288078
2302829902
3678463851
3653298028
3653301612
3653300556
3636719948
3359822604
3359822348
3355690516
3355532852
3355606596
3624299335
3708275174
3747404966
3739018390
3739112582
1256079750
1258176902
1258176950
1257731558
1324641381
1593060452
1590963252
517235828
508944564
504742068
504885380
471261319
471785606
471778710
1549778662
1553460774
1555361318
1419832870
3567313446
3568357926
3706950439
3704791341
3703746844
3636706572
4190222620
4223907868
4278425628
4262955036
4262828060
4262907980
4264972364
4281729229
4113957359
4101386926
2494898918
2629117670
2494905974
2495364726
2495362686
2243699150
2281181390
2262368394
2262398105
2262433208
2264530872
2256075672
2251868872
2267585096
2267789832
2267721240
2238358328
2242568984
2242638600
2242507291
2242437738
2179523182
2154319470
3223865958
3224071158
3224005074
3291097282
1143612610
1143611586
1143865538
1294860482
1311663218
1311499298
1316594722
1589228595
1587064849
1587066128
1536734496
1217965344
3363351840
3359143968
3357161521
3357162802
3357160930
3411936162
3401450114
3669934722
3668542082
2661853106
2661853600
2674436512
2636679648
3156773700
3173693956
3190466052
3190481408
3190448688
3190493729
3202875682
3198681190
3182169318
4239132918
4243462274
4234553474
4231407746
1547112658
1546911858
1412431878
1415774470
1424106005
279063140
279063268
296757924
313551540
315681668
315712901
307478925
308724143
308720622
1399235374
1365549871
1344579375
1948298039
1952553783
4108491047
4104304935
4255288087
4277243655
3193152262
3188892614
3188904870
3054911911
3860137383
3864335783
3889440149
3856409020
3856474556
4099879869
4034859775
1886324351
1902382863
1910782735
1906321739
1939880265
1386297801
1440882633
1424361033
1417019995
1417568826
1424548650
1420357930
1420341290
1420329002
3702041626
3706300702
3694897422
3644504334
3678316814
3665210638
3740708879
3740450847
3738419263
3755196461
3712217125
3712049188
3690999844
3707773989
3640665117
3640800525
3687200333
3684568653
3684502223
3650640607
3382241946
3453873802
3445487242
3443315338
3426009786
3696542635
3696608235
3704087017
3703891244
3703893292
3712351516
3745971468
3729184028
3724985116
3590832701
3590705725
3590713981
1459905277
1415321309
1549537277
1557797295
3705284838
3701106934
3701139654
1570696390
1591710918
1593278470
1324777734
250785810
114401313
386981920
335568928
335568992
335761600
335959472
337051571
1375128194
1387252354
1387108994
1388101315
1385998195
3533480227
3533496611
3549192485
3521052967
2497590054
2489263718
2489265766
2231241446
2230979270
2243627718
2381855558
2381850950
2407017847
2407010583
2398830854
2394608414
2327568702
2325586222
2325521774
2329189743
2333380463
2400292735
3439578957
3691243465
3556861896
1413623800
1438785000
1438719400
1472273576
1379941564
1107308764
1107325124
1107620032
1124384992
1364165472
1351263985
1351270035
1351270018
3231362946
3298471298
3321808002
3306964194
2403087394
2403083298
2368548642
2364419622
2360286774
3366788626
3366796806
3366731010
3371977779
3356806257
3373790272
3374228736
3642663680
1528734288
1531945568
1531753312
1510778304
1510776017
1510779123
1510926546
3658381538
3662568930
3670935526
2593784806
2610628294
2562340422
2562680391
2361259637
2361194085
2631725665
2631709537
2631701873
2623319137
2640153697
2669594707
2669602883
2652514370
2384346178
2669546690
2669021170
2641773154
2646000162
2643952179
3751065105
3734283792
2659493408
2651121440
2651111905
2651197651
3709743250
3692966034
3699246258
3702459570
3702462934
1556036566
1418996549
1418996228
1439984180
1455742772
1447527708
1443336476
1443209492
1577427252
1577361509
1443148007
1443660966
1447873718
1473173894
1569618370
3448400834
3448401906
3448383331
3452445027
3378000177
3378196737
3361353985
3361353985
3361346817
3428523825
3428535137
3428436960
3436837876
3453594516
2346301828
2331542916
2331541956
2331611636
2394534373
2394530278
2411243494
2650337254
2641940390
2640891558
2641086130
2642080386
2516214402
2508087943
2508019445
2502691808
2535725536
2535794912
3596758224
3596756160
3597807809
3597742147
3339743347
3440469282
3440538930
3436344882
3432338994
3432338962
3432371730
3449149203
3486881043
3661862165
2588065029
2588056901
2587924853
2596322661
2587929956
2604711284
2600574324
2567034324
2550388693
2554492661
2563142371
2580939746
2648507250
2681999682
2616992018
2617057318
3657252135
3657238823
3632073501
3359447821
1226649101
1209607961
1209541903
1213740303
1222165735
1217954023
1218158743
1218158997
3365642677
3382354309
3405422981
3405428101
3397027205
3464152981
3471524597
3463979749
3464241965
3460065067
3460099370
3460163898
3481254154
3479152910
3487477582
3386291919
3386278541
3453977292
3487138556
3478750188
3441160677
3443221733
3711642855
3711646886
3715706262
3721995654
3717932934
3717886870
3751690710
3757949302
3757883430
3757871158
3724337215
3724337197
3713328172
3423939880
1276526108
1276516940
1280707276
1289095812
1283460772
1287656869
1279271093
1291870341
1326628997
1309835463
1309843717
1314104597
1341238068
1341237797
1337174582
3484924438
3484716886
3484729830
3489448174
3481227518
3481165910
3447087158
3388874791
3369869607
3361482023
3361483030
3361684238
3378141967
3394947855
3403209503
3405378831
3405349197
3405283788
3403186668
3411583916
3377177517
3377111957
3410665349
3678964133
3687360677
3747129569
3747281041
3713719425
3693016193
3693015187
3693007026
3696673170
3562455426
3570787218
4107379426
4126389990
4158885623
4116744908
4112579148
4079020572
4078987820
4079230504
4045681944
4058775592
4054319144
4054454328
4054478876
3534414876
3539729468
3529022516
3523786068
1376306500
1380500941
1380451774
1380586926
1372201390
1356472486
1348141238
1350107318
1343762902
1079517654
1086861254
1082968582
1083087366
1351531078
1351592518
1372367447
3545083460
3592323908
3592331732
3592331732
3592397172
1914499428
1914437733
1935474927
1933454575
1937647727
1971206379
1970997499
1977158091
1440247115
1423500559
1423475471
1423802655
3571290415
3566043943
3566043687
4103045667
3163535203
3167593889
2639062433
2668487827
2651796867
2651723139
2651457459
2655651491
2663974567
3197638630
2679641358
2678617358
2678908174
2649533726
2649599546
2641280570
2637598234
2635370015
3204753021
3204768348
4278703052
4245082620
4250325356
4233494892
4099343740
4093984092
4094961997
1951870319
1951806830
1976959246
1471480078
1473577226
1473581322
1432098586
1163672363
1163688746
1180498730
1323145514
3470629130
3470565706
3401433546
3400434586
3417215898
3366892462
2293167022
2296709038
2285173679
2350185389
3474320269
3456559500
3729157252
1589916820
1178874004
1157902512
1141256368
1142034560
1142031056
1077019233
1081089585
1087429123
1083222530
1167108866
1202825986
1203222275
1203737351
3489497367
3487138087
3478757671
3741904166
3742230886
3676240246
3658898246
3663089478
3671282374
3670041302
3670074230
3670057317
3670061348
3670062116
3670064180
3661739076
3657675860
3657674964
3657691349
3641110725
3628487127
3629533158
3640086246
3639959286
3639951350
3629137406
3629137374
3645908942
3646040014
3653371646
3653240558
3653247598
3653247614
3644875358
3644880479
3653301855
3686924031
3686920159
3678470111
3678470095
3674298335
3674297855
2604750335
2604889579
2613212543
2609020254
2575523166
2579594526
2579592478
2311188782
2579624238
2579615790
2579743022
2579747135
2579755341
2571232589
2572483932
2568343004
2567358940
2567371229
2567433437
2571632093
2571558365
2613507421
2613507933
2613442429
2606036861
2606004095
2606052735
2606052846
2605131246
2580952046
2576749551
2559775743
2559595487
2563790813
2571139037
2298605565
2298670585
2571304409
3645103565
3644980687
3644909055
3644957039
3703804269
3703804188
3695415564
4232163596
4232295708
4228029756
3154286908
3171080476
3171047757
2634225119
2667721726
2671903406
2680357550
2541945534
2508264126
2508202687
2541807005
2541790364
3615538332
3604192460
3591814476
3593899788
3594436380
4130254140
4264535341
4264419391
4264390686
4281208846
4247126046
2086797822
1559365110
1553139190
1551900131
1551904225
1556098400
1287662896
1279407888
1153569552
1153569472
1082262144
1082262144
9634433
26298035
30461602
50437794
33666722
33666706
34706050
53514834
321168930
304393762
304392738
304458546
304527635
304519191
841403397
912687108
912687108
912687172
653430908
634630188
616608813
1681964077
1677765677
1677765677
1677831463
1677911335
1677911909
1677903845
1707526117
1703396849
1737998801
1742729665
1734336705
1734332869
1729582581
1865899493
1836408805
1835360255
1826963423
1826960799
1828009375
1827677599
1827743166
1827878846
754155198
754024094
768732894
798025438
1859183951
1859183695
1718744141
1718871125
657646965
656594423
627296119
627558183
1702221094
1744164150
1734726678
1701078034
1701143602
1701799203
1701709603
1979647539
2009006801
2009006737
1975456384
1960649360
1960649392
1960129200
1960120981
1959085717
2094353103
2111109726
2129979678
2120542270
2120525886
2116332570
1868616715
1767948315
1769062457
1802752045
1785913389
1783816245
710074373
705843201
705840145
725835043
725712163
692141347
700784403
700792579
700788483
700788019
701250855
701251367
701247255
701251095
701333045
697138741
697105973
734854981
734854469
726465877
726464871
688781799
688848359
693034999
693082015
700887455
734441887
734302399
725938366
721740990
1795620286
1766251519
1775160061
1775159933
2043664988
4190961228
4221100876
4221170124
4292460989
4260938158
4235773870
4235971502
1819986862
1837030326
1868560790
1851024518
1848926343
1848975495
792076469
758260901
740498853
744693412
753028852
748799700
748729924
765502981
803251989
778089751
773897495
773896215
774027318
774019382
1851955254
1852213287
1852165175
1852695573
1853875221
1866454037
792712245
758830133
628771877
662392165
669601269
669599221
636319669
1710057397
1694361495
1692268439
1692270229
1691213525
1691343445
1691343365
3831496197
3831328261
3833423377
3833423395
3841815079
3841737319
3839640039
3990372599
3990376663
4024063175
4007328839
4007323999
4007393663
4007197054
4007193726
4007259230
3998999774
4015780046
3977932999
4229583063
4234035687
4234037223
4242491127
4242495191
4259149398
4259145302
4292669270
4292734838
4275961702
4007518183
4007525879
1858925781
1850536141
1846407324
1863307420
1830711485
1830696109
1813389231
1819741863
1828003510
1827765894
1823567494
1823532759
1823531733
1840308821
1878111029
1861465397
1852029973
1847695381
1847834647
1848096823
1848047670
1849084982
1853342998
1853867287
1862260005
1853740325
1853478181
1870263349
1870386197
1870381333
1870221685
1803121653
1778086909
1777025789
1760249597
1760124893
1760132057
1761176539
1761475578
1761466714
1759280987
1750888027
1767728699
3948770873
3932123693
3940381228
3940382268
3939264284
3956106581
3922195829
3922195837
3922196477
3922057183
1808070111
1799677406
1782965502
1778709742
1795486958
1829240046
1816583391
1816579295
1826016479
1842859487
1842738654
1834316750
1834447822
1834447822
1817670398
3973535470
4241823478
4242357974
4242370422
4254952807
4288509300
4278015428
1862128068
1853215172
1849160156
1849095676
1863773660
1830219740
1813241821
1817237503
1817245679
1817244014
1825632622
3989889406
4023509310
4023608638
3981606718
3981598526
4015217431
4017183031
1878350133
1878347093
1794590021
1793020229
2061496663
2052710743
2052710871
2069488855
2071719382
2036071926
2036064246
2044319463
1776088807
1776086895
1776086398
3915230495
3965697031
3965623303
3965093141
3965175061
3965187860
3960993364
3960993380
3961345764
3961341668
3982251748
3990683637
4024302069
4020230613
4007655495
4007521351
3999065159
3995066486
3999187046
4001284206
4025827431
3992278119
3965154503
3965091271
3965091783
3965148903
3973406375
3973404342
3990189702
3990185862
3990181815
3992278447
3992219055
3983830455
4017581447
4017495431
1869811094
1869682102
1869619622
1735467455
1743983583
1743918045
636687196
636498460
636494620
619718428
619767576
619752985
615561787
632396603
668047626
642812234
638618698
638815242
638747659
640857115
640853039
640853037
640933933
775413805
792195117
790085677
794248237
796345725
796870143
796722623
796729271
796729015
738147991
738015927
700267191
700398295
1774136007
1771399751
1775595335
1767171331
1767236867
1774691635
1808110883
1808055587
1799662899
1795468339
1795669107
1795607667
1795605607
1799865703
1866980727
1866817015
1866823127
1834448375
1834436535
1842825143
1828538295
1828583327
1826615183
3974098573
3973447381
3831322365
3831318140
3967619612
3975947036
3992789304
3992925480
