2671018
7188926
7188926
27915706
27885050
44661114
44662138
44727562
44711179
44707656
65670984
24662008
5787640
1595320
578472
17355176
17363369
17363434
17428970
17494506
30060922
25866618
59355434
1133031722
1116254506
1116251434
1116317754
3268126746
3276466186
3305793546
3289004042
3427405066
3436840714
3432649242
3365614138
3365409322
2293764651
2297975595
2296935273
2305316713
2305384297
2305382763
2305386875
2305386875
2305519579
2313908187
2313807771
2313803195
2313799099
2305412537
2305411515
2305411515
2305546747
2305550715
2305550619
2305420555
2305422619
2305413435
2305413499
2305422699
2305416683
2305411563
2305415675
2305415547
2305423707
2305554715
2305555787
2313944395
2305422683
2305410411
2305412459
2305416683
2305551867
2305551867
2305554907
2305399257
2305399257
2305403353
2305535449
2305539545
2338948443
2338947419
2338971995
2339103099
2348540267
2348475753
2304497001
2304493017
2306590665
2305542089
2305411017
3379164617
3379160265
3412716761
3412622425
3379121241
3379256329
3379176713
3379177241
3379242779
3379107611
3379041051
3379041051
3379106682
3387627130
3387627130
3383303770
3387432538
3379068794
3379132282
3379159931
3387548505
3383485401
3387548633
3387539945
3412706793
3408513513
3408525675
3408521594
3408619866
3412815114
3387647242
3383480586
3383477050
3383489387
3387524073
3379135465
3379139576
3379147160
3379147160
3379163576
3379164600
3375069688
3375069656
3376052584
3376048489
3376114954
3413669130
3413693706
3421081930
3421090170
3421090282
3387658731
3370881192
3370881208
3370754456
1214904248
1277939384
1277906604
1277827756
1277831836
1278880397
1329261454
3460218246
3328152774
3329537110
3334246710
3334308406
3601564215
3601379876
3601375788
3592988204
3056109100
3190329132
3190459756
2922024424
2888470472
2892664395
2888474187
2888539659
2821242411
2892557865
2900944488
2900948968
2892526504
2892522424
2888328105
2892527021
2766687661
2767014077
2767149247
2767091855
2766563471
2741398926
2724619662
2724618638
2724610446
2724549054
2732860846
2732862958
2799971694
2816810266
2791783690
2792172554
2800233530
2796106794
2796109866
2812919866
2812846169
2812911944
3085541960
3039396424
3039413848
3022609960
3022731816
3022727976
3026925689
3035184202
4108926026
3572173914
2515143706
2548698122
2531978250
3601572874
3601441802
3601441034
3735589387
3735585336
3739783720
3660165416
3660153896
2586412072
3123350568
3123353704
3140139849
3093990987
2833944139
2833878537
2825426457
2825451112
2892556008
2900911784
2900895657
2892502955
2758293434
2758288810
2758294698
2766671018
3030912191
3047754893
3047842956
3081430156
3069878344
3061491465
3073023499
3073031738
3173640746
3173542442
3177716522
3177712938
3152610346
3148546090
3131772954
2594906186
2594775243
2598909147
2607291563
3479903401
3446283449
3454680200
3320460680
3320411528
3320414092
3244908444
1131118492
1126920124
1126852540
1126855679
1093297118
1097687518
1097617790
1089261678
1097651310
1097391149
1131142157
1131083789
1114372111
1181350175
1181482271
1340765966
1303015950
1286230543
1219101212
1218971180
1215040044
1210853932
1210853948
1261907468
1242964748
169239309
1245790494
1254150446
1254141230
1254144878
1250007386
1250008346
1250268218
3397881914
3398340666
3398340666
3398169658
3402167354
3394849818
3376041018
3376045354
3380248362
3388637050
3388501322
3422057802
3420983371
3412590681
3412787289
3379171673
3379181177
3370789481
3370744425
3370711801
3370711689
3454580360
3454571144
3488125832
3353908152
3353993896
1199137448
1161377448
1094327948
1094585036
1126046236
36977445
36972853
36976901
41300996
41299968
40243200
40243200
36044816
36045872
57609520
124590384
124591920
124591664
91045425
99450417
91062065
91216659
225430290
225413458
225025490
208246258
141144498
141144498
149664147
1223406481
1219211921
1219211920
1219212980
1219231484
3366579816
3366514216
3370692392
3639127336
3630740776
3626547000
3626541656
3626541640
4181308104
4179215064
4178297576
4182504424
4224705897
4224574843
4291687770
4284335450
4150118234
4085106650
4085075866
4067250074
4067233210
1919753386
1382356154
1382355098
1390743690
1403326618
1369845898
1358311562
1081499818
1081368814
1077701870
1081669886
1375271038
1408941134
1454023758
1458217037
1592369276
1592303656
1583931688
1600710440
1550581288
2020269608
4167753256
4167800360
4167610920
4167606824
3915952680
3949498936
4218991128
4219008537
4265180795
3728284266
3732474730
3597207594
1458112554
1122568250
1122704398
1122635782
65671174
33165314
8007682
8003586
8020034
24827075
58428626
40601746
40605874
40482994
41531570
58325234
24738034
5847091
7944243
7945521
16458288
33235504
66790096
66806416
65782400
23824017
6916753
15567507
15571634
11377330
10862514
14989234
1089790946
1107092454
1138534374
3281891302
3264854502
3264986614
3264912854
3264845270
3271078399
2464719357
2456330620
2456396136
2519576872
3073282600
3022950952
3022967320
2955301384
3760460312
3760468520
3760469800
3831766056
3856927785
3991145498
4024765450
3949792330
4214033610
2070748378
4226358506
4188615802
4188631050
4222210058
3685462042
3685457962
3668680746
2594939434
2599133723
2590614040
2586423928
2586415720
3123286632
3123417192
3123368168
3127558376
3089809864
3089784520
4230635208
4230630088
3966290664
3974692840
2762532328
2762536443
3836527050
3840688986
3844895338
3844944490
3877974650
1731015434
1731014730
1735200890
1705981162
1638743210
1638743178
1907170442
866983050
330159242
334336138
61845898
61780378
1135522234
1135534506
1135534506
1139696106
1131307502
1131030014
1131097342
1130970366
1139349726
1105860814
1105878222
1202379982
3349795935
3353927789
1206444396
1172874092
1290318380
1290383916
1282381356
1282399800
1210441276
1210382892
1478553132
1478553132
1478555436
1496380185
1532080394
1522635034
1522767162
3670251834
3670120506
3670063130
3670321210
3670391866
3662607386
3662549002
3662286858
3393860922
3402241834
3420063274
3418031658
3401123594
3404207370
3404222730
3395875163
3395875193
3396071769
3379220809
3362440521
3362409803
3362331131
3362269611
3425184187
1282096539
1156191112
1151931016
1151865528
1152914088
1081620136
1077436072
1077731004
1900252
1371716
5625604
30856453
66512129
41346049
37123073
37637121
37686289
37622801
40767761
40763667
49230610
66019890
32334386
32364082
82693650
82823954
78367506
78371603
99220241
124315953
103343392
103342368
103346208
241860624
241864960
258650437
149599060
149653084
145460824
145463896
1223277144
1223211640
1223224936
1491658344
1483536232
2019849064
2020893480
2014651193
939860795
956375866
989929786
994258970
977473562
985858106
985728090
1053049946
927255770
391433370
326470794
326470794
309169290
309302682
48731578
48615850
44422058
1118753690
1119802250
1123738106
1123721706
1123591274
1119403118
1119468622
1186640974
1189781583
1315610716
1315631128
1311404056
1563111480
472518696
405411368
405413416
409865784
418317848
417604104
417604104
410264089
408180283
197418554
180710250
176515434
177027418
245111115
245108041
116983128
40566908
36372604
36307028
36311232
53113281
53100993
53202387
57264562
57268658
57276850
57277874
32111026
32106930
15329714
15325682
11131378
11262290
28047730
27895139
32023009
23699953
2863489
2785665
7046529
15435152
11126704
11130609
1088972387
1088974374
1097361958
1097362222
3225180458
3225213226
3252214042
3248002314
3264971018
3332014858
3334177402
3334054889
3337134568
3328750056
3328741800
3593180648
3576334040
3559575048
3559579144
3559566856
4096566808
4029462056
4096579112
3027027816
3035416507
3052193434
3186378426
3178038954
3173847978
2670408954
2674603066
2611686442
2611686458
2611635210
2611733514
2594938890
3672870921
3668607256
3672740216
3672678888
3660091512
3660169336
3660234856
3744088424
3693756232
3693750856
4234808008
4238953176
4238933752
4238927608
4104946424
3031204600
3035402923
3077346986
3194336938
3190286250
3194447290
3194302874
3211002042
3178692858
2633896170
2631803002
2631541882
2631410778
3734512714
3466162378
3466313929
3468284104
3471438072
3463049464
3458855416
1311429080
1546277576
1546278408
1546276360
1546258952
1483475480
1013738024
1009543721
1009549098
740576634
627314074
660669594
643891354
644952250
641802426
574824618
574824618
868360426
868376810
864477434
864469210
851739866
851745978
843877546
843876538
839764154
302971034
302676122
307919258
326777818
284831450
284913371
279707209
279688729
279553560
334013992
317239084
308841772
304647213
36358207
36329494
36321286
37365778
41560370
62524210
26872339
28982785
96085504
99230208
23745024
23757312
23823104
19628481
23823313
74023827
82412275
82416371
208246325
1277804092
1277803064
1496902184
1534650920
1543043624
1536708408
2042103800
2025329592
2025337771
1559765418
3698861226
3709363370
3726173370
1443488906
1447665802
1456054410
1385869450
1386131850
1390322106
1384116394
1396523242
1362035947
3496875259
3496359131
3521518715
3521584235
3521382714
3521395466
3248777802
3232098906
1084751386
1106171419
1190105609
1181254457
1315472680
1315480616
1315482668
1311353916
1311439884
237689868
221121796
204344772
204409746
209525666
217852834
77081506
77081490
77213570
79300290
11142082
11207491
11027281
32043280
23834896
23826688
23823120
23691824
23634464
86550053
69971469
204131855
204196379
136956475
417914665
1505295656
2109242856
2142797224
2147024296
2138629544
1463412665
1463411642
1448735162
1457385898
1389228202
1386193066
1386127530
1386127530
1392435354
1382928603
1378730201
1378767099
1378759771
1344681050
1080433946
1088822026
1084693018
3232004666
3232000570
3232033338
3232546362
3282866714
3606020923
1450148664
1449760056
1583922232
1583922220
1579727916
1579875356
506092556
522849284
489294036
422185696
225123043
262740706
262679154
263727618
245902850
111879682
128583426
61554946
65650962
65634610
32080178
23691574
74158366
82556730
82427707
216644153
208255544
476690968
405315128
405315112
947435048
1014543976
746125032
745078440
623460008
1999191721
1983462843
1920679082
853222570
849289386
849174666
848261258
848228538
315547818
307683499
320226713
288781709
287731660
287518717
287320553
291519343
299907966
283343694
283310926
283360522
283227450
1357165610
1373943098
1923396922
1923456571
1924111928
1995414072
1986902584
1982643000
1445451832
1445349436
371591228
388368404
388372500
393554034
133640162
129380002
129369746
96339586
96405186
78464578
1152224514
1101632530
1101770770
1101766706
3249123379
3316158496
3303584096
3563632356
2485893820
2485820044
2485820060
4096498360
4096515768
4029444776
4029428392
4045681385
3814990314
3814990058
4058266858
4058331354
4126550218
3568707786
3585480906
3584965834
3584827594
3349958874
3333210346
3333013738
3334201578
3334071530
2263379178
2255019259
2271987163
2238354905
2221576664
2229965784
2498335480
2498278136
2498275064
3035148024
3027025528
3022822952
2771226152
2704121384
2703537704
2703549992
2703357480
2736899627
2736867179
2791376250
2791378298
2791377946
2799769626
3068606490
3068602394
3199150106
2662280218
2666140698
3739877386
3672768522
3421114378
1240076298
1235883019
1269374072
1252547688
1248385128
1244200040
1244396616
187348168
153809099
153867466
137053386
137043162
1214978298
1223375210
1219181162
1219181162
1286090458
3433571978
3433567882
3433566874
3299357371
3303568057
3303667384
3303667384
3295215528
3291279276
3291278252
1144318884
1198893988
1115139060
1123281236
1114897744
1110635584
35836096
36098240
36065472
52834512
2494609
6427089
6423509
14877303
14698031
14738986
14724650
14724650
333494842
316705082
316966970
384141338
1449626635
1986896904
1982636088
4130058280
3861549112
3978990104
3962213912
2888482360
2892663336
2892597800
2888628776
2888625704
2888627752
2888585768
2754368232
2758546344
2759590328
2766996924
2783513788
2783526076
2712353973
2712370359
2746119318
2746115214
2750308814
2741381086
2737256158
2736996302
3810601438
3810535662
4091549934
4087549182
4053927114
4054987978
3518112842
3572706314
3304074266
3299093806
3315940650
3349493034
3349951770
3333165130
3337356378
3337356539
3328724201
3328801976
3328797848
1198224776
1298822024
1282110104
1282372344
1278079608
1278013976
472184344
472184376
472163896
488941339
522560282
535017226
1588049674
1589092107
1588961048
1320524664
1190517752
1189956024
1114443160
1114572168
1122632073
1122632090
1114251770
1131290750
1097736214
1080955906
1080972290
7263298
15660098
1089467602
1097856466
1131410834
1123808722
1123798994
1123667922
1123606499
1122561953
1139338661
1105784228
1089207732
1089197460
1080676788
1076425637
1076687855
1076687726
3223642926
3227903774
3236425482
3236298522
3299146538
3349474090
3332696938
3333286907
3333216667
3337407897
3330065560
1110294680
1110434040
1110335576
1110335516
1109798940
1126576444
1076246068
2496053
6430213
6424065
14812673
14681601
14693941
98842149
124018471
1176885558
1176934662
1193711618
1198427138
3488251971
3450372565
3433599988
3433607908
2359993076
2359993076
2632619764
2632818412
2624372460
3156519532
3173296744
2904865320
2905906729
2939467353
2938414667
2942611995
2775437866
2775433770
2771239531
2771244907
2704144249
2737656793
2741981657
2741981657
2808943033
2808418746
2808419770
2808421818
2783393946
2783393946
2917611674
3182373002
3165595786
3165469834
2628719770
2628653194
2629709962
2377523339
2377507257
2410996713
2398204905
3463682027
3459485547
3459353387
3325077819
3596675417
1449159113
1449208968
1377975480
1361185960
1344406936
1344407432
270669448
807483032
811623080
820044520
551592808
551588136
568366904
1642182169
1902231066
1898036762
1898053146
1361124922
1398873898
3554876458
3550944298
3617983530
3617983498
3350670410
3317134410
3321353546
2247545690
2264855354
2264785706
2264720170
2263678779
3337472377
3329083640
3261974712
3262052760
3228490632
3228487304
1344685704
1344684680
1344542376
1344546472
270544808
807415272
811609192
819999787
815870010
283193354
283209738
283210762
283203850
10574138
10688890
27408858
27404682
60976521
48451976
39965064
52478424
52478440
52469097
39889257
48347513
48339325
48469341
48410959
1105375502
1088852238
1080526654
1080351278
1076165166
1076652586
1080588858
1135246026
1386895240
1386922376
1386987912
1382580648
3525870056
3542659688
1361879577
1898816027
1885712922
1894102570
1894627883
4042242603
4042234665
4050622745
4079716361
4129983563
3593389130
3597590538
3605942282
3601727514
2532188202
2549031214
2372804910
2364421934
2360215326
2292844046
2293761566
2293769770
2292723242
2313690651
2313686795
2305298251
2305381723
2305389947
2305521019
2305521531
2305382265
2305378169
2305382265
2305413977
2305553225
2305423193
2305421179
2305421163
2305423739
2305423707
2305423689
2338975049
2338977113
2338967897
3412705624
3412836728
3412840824
3412849128
3408510376
3374950840
1281993112
1282124168
1147906440
1147902348
1076462988
2720140
19628436
53121460
53125252
53403776
288253057
288625826
286266530
297795750
293602150
294060606
26612238
28714510
10776078
15002158
16562734
1086097958
1155108679
1473939407
1591390605
3740967300
4278100436
4278104404
4269506612
4265181220
4281905188
4248428580
4231749925
4231528743
4230554918
3161132838
4260043638
4289403606
4272822982
4273872582
3736942278
3738965702
1583100406
1582112870
1582243878
1581588534
1296310295
1279537157
1279721476
1279655940
1279656244
1287984740
3431282276
3431413277
3431425551
3448005198
3448042074
3481584506
3481649643
3470053865
3461666280
3457471912
3457998232
3460160904
1195301256
1161747864
1144913304
1149007832
1157395449
1156854399
1157046887
1156981543
1146512163
1196876051
1180102977
1180155968
1178567744
3326053456
3324480592
3462830544
3472342512
3434459120
2360653797
2360653807
2360652206
2362745262
2354374062
2371118510
2366979566
2367045630
2640199678
2573151806
2617208598
2612651798
2612589838
2600006926
2616763662
2608440334
2570845198
2570767374
2570766398
2569751594
2603119658
2607308843
2607292473
2615873880
2582251096
2565541592
2565544648
2565421768
2296920667
2288533114
2288596586
2298155626
2314933098
2314761050
2314789706
2348347338
2347281354
2330565067
2330692043
2322254027
2322271307
2334852171
2334852186
2305438058
2297045610
2297045546
2292790907
2292717145
2296911432
2296962652
2296961660
2296953452
2313730684
2296953468
2297035388
2297159276
2297069164
2297069540
2313907687
2347326694
2347257062
2330545382
2330545398
2330709206
2322320838
2339036614
2339028358
2339087750
2368320910
2401875358
2402008463
2406198669
2406072204
2406062988
2406194060
2406199196
2238377884
2238377884
2238440860
2221602204
2221585820
2221585852
2221585852
2221446652
2372441469
2670237501
2653480763
2653644603
3727370010
3664389914
3689624874
3689485610
3655926826
3655925787
3647550730
3375899914
1261991178
1243214874
1246618682
1254941722
1254945802
1254872075
1254804489
1247464760
1243274552
1243348248
1242166552
172814680
172876120
172945753
189428187
151655931
134942202
134945275
147549177
411823800
411825816
411603592
415793848
403210920
403482280
403484076
403483820
403025084
403109077
403075270
403067350
943850470
943918822
969170662
968911574
1002499911
985904965
985829701
985829700
977637460
994357348
990176364
956622956
956791085
994458159
2077112878
2060328510
2060125726
2059928078
2059948558
2059985726
2059985198
2059985966
2059992126
2060188730
2051996730
1515117626
1510890522
3662633994
3679141130
3649772826
3632993594
3632862506
3649647914
3381203242
2341995802
2346190091
2348293467
2339970427
2306543467
2306494329
2306494297
2314960201
2347265353
2338880985
2338868699
2339986939
2306506747
2306486011
2312842971
2295869146
2295873146
2298027643
2298175099
2314827643
2314762073
2347292633
2330576345
2322324953
2323249401
2323183865
2317900027
2301327707
2289728331
2289757771
2298144331
2298077819
2297991787
2313716713
2347272185
2338954681
2339092925
2338953661
2305546687
2305482175
2288694719
2355798431
2355798413
2364256653
2381026716
2246811068
2540288444
2540288444
3592985052
3593063768
3593426696
3593347864
3744342824
2133205544
2137391912
2070741800
2079073593
1005335817
996934923
992739594
958726410
942018827
947265803
425074955
457450779
440675627
440691515
172293915
172285707
172344587
172474635
440828171
440828233
457618761
407283017
407287241
407275483
407339931
407225018
402977450
402973354
407168938
944039850
432400298
462288826
1603032474
1602778522
1334410490
1200307258
1167735866
1155138618
1090192442
3233482026
3233485355
3250131497
3250067048
3254257400
3245885080
3239626457
3239696347
3221985242
3226186746
3234444282
3230241786
3230241785
3230249976
3235492792
3571168920
3562781336
3560684184
3560680088
3559571080
4113217224
4147044808
4147044632
3882795320
3873948472
4008669752
4000278072
3999623720
3999558184
3949226552
3957612056
3957588504
3924034393
3925082427
3925160235
1769021482
1811095594
1811030058
1808933946
1807819802
734016522
734004234
725615626
725697610
725730506
725714075
734377112
768976024
1842722696
1700106888
1700103832
3876947608
3809842872
3809984168
2725752488
2725684968
2721555176
2720367352
2737685208
2737685224
2708460520
2691690856
2700072297
2700074041
2700073019
2699950394
2699950426
2691563354
2691692122
2687464154
2687325147
2691518971
2691514875
2700039419
2716761338
2712037626
2816927962
2800151770
2800217290
3865506890
3865506826
3999691802
1848013866
1847735354
1847731210
975318026
975318043
980630843
989019707
720582155
714306059
731103755
697549323
680624969
685101385
676455497
671186009
671168633
671164521
671296363
683880043
679485035
679491194
696542794
730130122
730130378
985967770
973404346
973928634
973994154
974026922
986340794
1535792794
1535788698
1535854234
1536706426
1543011610
3412622362
3374922778
3379248174
3370790190
3370792766
3383428670
3383247403
2309538345
2292765304
2296952536
2296954568
2297010888
2288618184
2284362328
2284386936
2301226856
2334842920
2590695528
2599088232
2599145592
2599022808
2615736280
2615794408
2573978280
2557135544
2552945307
2554191514
2554132414
3625771454
3625836734
4165922974
4174286982
4187665541
4204442820
4200313028
4198007252
4198035940
4198032236
4197999148
3913179672
3900589624
3904261673
2897500715
2897508906
2828299114
2832484698
2841595338
3109971786
3206422858
3210621434
3219079402
3216588970
3216629930
3082412203
3082350729
3086762120
2524726408
2470382840
2474514472
2440968232
2440964393
2424188701
2967459359
2963116570
2978775578
3012330282
2995553066
2995553130
2987165658
2987245210
3054500506
3071154874
3037600443
3021879963
3025808025
3031960472
3166190728
2629317784
2645045400
2678595736
2393383080
2393383081
3467129070
3446194222
3425271870
3425341454
3425346830
3710560526
3727272206
3660097549
3661146124
3659054092
3659247628
3709489167
3694788878
3698983546
2562328170
2561160810
2611484266
2594702090
2594714378
2330485066
3404259657
3395876185
3391642841
3408611529
3408545995
3409591434
3422170266
1270424731
1270359449
1240995225
1224410872
1215956728
1215174232
1215181336
1215046200
1216094760
140255784
148644716
143401324
143417832
147641320
135123944
134595448
134567704
134703880
134637832
138574088
264391945
247612681
382877963
309772555
309248283
309113131
845984107
578590057
593336297
593467369
576623241
595571337
561820297
556577467
539767531
539833898
539966762
556677162
598621226
581854234
581754890
850165771
845971579
842895467
840938603
906999915
1041086571
1041217771
974044378
974057610
975073418
959852682
1010184618
1014375082
1018634922
1018503866
479539882
478417577
478438056
478471912
532982040
503683336
504793352
372672520
909543432
908568587
908959754
908886026
1043235018
1059750042
942338218
942284966
942285795
942610163
946799347
1013383905
1017320117
1017328277
2090937989
1552951943
1602251191
1585506478
1585491118
1317114058
1317195786
1317146634
3464630570
3486922538
3319664170
3302624810
3304721930
3300449803
1437134344
1441311576
1466478056
1462285480
1596502200
1596514456
1597595800
1595617448
1460281769
1426994091
1439630059
1418134107
1149710923
3431294538
3448563274
3483152218
3487415643
3395129179
3395260233
3397369353
3412974088
3446491656
1282214488
1546063544
1411519400
1411584185
1411449017
338690219
365953194
360718570
343941177
348207160
269711656
272099640
2615561
19908874
36406538
40599818
39748042
38765002
38319082
1116250986
1183364906
1201258090
1201389259
3350900361
3488263817
3442126489
3442200473
3375030153
3647626648
1575628280
1575628264
1575691384
1567563864
489099320
489885736
204673320
202461496
134271292
406888740
406893841
407090433
407090180
419663108
453149956
437700420
437700164
441905732
450290268
449110636
449110632
1002758888
2076485624
2076551160
2076557240
2110103448
1975881624
1976864664
4051535512
4084172440
4084175513
4067422875
4134466234
4134433514
4285412330
4251399978
4230430522
4230428938
2019784970
1751378970
1759618090
3908083738
3918639114
3934367818
3938689498
3926107050
3925975721
3993036460
3992991452
2902602476
2902602732
3162636652
3031892078
3049063518
2543598686
2458658894
2458658894
2194409546
2186164314
2261657674
2278435913
2245928136
3311153608
3313238920
3308864184
3340391096
1174958760
1195926184
1204342697
1150011818
1145760170
203057322
205154458
71265674
339596682
336904586
318816666
851698107
852746747
852617210
309388586
309394730
308344106
304208954
41147402
41405450
50318346
1123798074
1185674538
1185603867
1185604360
1286234632
3433710152
3366605560
3366654568
3366789672
3370919465
3371970090
3361484586
3357289770
3374070794
3407698954
3390655754
3394850058
3403239178
3399057226
3399054954
3401085802
3417854314
2343158234
2343162106
2343289066
3421081835
3404312809
3396055288
3396052184
3396058328
3391879368
3391867080
3391834184
3391768921
3408543578
3358204426
3370856970
3366654474
1220215418
3367588715
3382206825
3419956584
3407412584
3374029272
3376062408
1228578504
1227591368
1231587016
3437790968
3446259369
3446257321
3425286075
3429470618
3429601690
3437932714
3454709994
3450515946
3454706171
3446334463
3425265533
3425402740
3295304532
3295287568
3295354640
3290961680
1277695744
1278935824
1211773744
1215963952
1215968016
159322625
192873985
170723153
170728816
174930992
183852080
452293648
450158640
1518379360
1518380900
1518380780
1518386923
1522571946
1522571946
3670145450
3670276266
3666007290
3666006218
3397570762
3401765114
3393376746
3393569262
3393512445
3418679196
3418648472
3376774104
3355843528
3355839304
3355840328
3428193096
3436516104
3432276328
2358567272
2357523944
2361695720
2378668456
2371328936
2404880026
2387969674
2387919514
2385527530
3409133930
3643940906
3642105914
3637911566
3634241550
3634257932
3650712028
1507381672
1496892328
1496892344
1496901560
1496886712
1480175032
1484437736
2087368713
2083428617
2083294473
2082778937
4251231803
4251431451
4259742219
4293313370
4294361454
4277551470
4277477414
4277407766
4269027639
4269023535
4283769645
4283904557
4116583961
3579710985
3581889097
3581467081
3564682649
1425575065
1420330123
3584786575
3585773983
3623530927
3613057447
3592053239
3592094167
3608871286
3579458422
3564775030
3564776022
3565103686
3565108166
4109228471
4059872677
4071928220
4069831308
4072977036
3796144888
3792998952
3795093032
3794061608
3810916395
3815123050
3781572858
3777370250
3777372298
1634075034
1945502634
1671828458
1906783002
1907122955
1907156744
1894558328
1345165928
1882163944
1899400920
4078405320
4082602825
4092961035
3555041306
3554976810
3622102058
2540105002
2507071290
2507067166
2516502046
2646464095
2646397757
3086520637
3078133053
3072898365
3056188477
3057302589
3061496957
3204119645
3204185308
3195565308
3189257580
4246221628
4231672348
4236120637
3970302511
3970171502
3969922030
3970986414
4241552542
2097206414
2130764942
2097179790
1023618191
1006775535
1011236079
886443503
901713661
398266053
1455171204
1459414724
1457317828
1180480788
3346963980
3312901644
3303460365
3231927871
3299898942
3299898926
3314565422
2274676778
2274685994
2253685822
2249690126
2518584399
2517482700
3591155916
3590881420
3591041212
3607814588
3557450636
3561644744
3570028120
3566848555
3503856170
4034444138
4030511466
4046428234
4148069578
4152262794
4133453962
4133351594
4129038506
4280231082
3172869294
3157931246
3027899694
3031040574
3031040542
3047715343
3081298508
2544411212
2531828348
2519238380
2519303932
2520682188
2537475656
2537484041
2541541695
2541545515
2507991099
2508192797
2541671692
2549797644
2549863244
2549871484
2507862893
2507064189
2490353143
2490363383
2490366199
3035613303
3036536055
3036476631
3044860373
3078414805
3059602165
3059446439
3059430055
2524649191
2541295334
2541232118
2516131158
2515102790
3052137494
3052141591
3043677191
3043923013
3043995973
4117602804
4252885989
4284475109
3206502005
3189069687
3193192231
3195809062
3221032038
3186445566
3169803743
3170786703
3170566092
4244369356
4261279740
4286379500
4265402476
4265406508
4265402412
4269563943
4278149222
4294865382
3724433382
3697167990
3699265110
3565047494
3564003014
3564003014
3572367222
3572356982
3590182262
3623743831
3086868565
3086807325
3078411581
3174888748
3174891308
3040870188
3038770985
3050951993
3050852697
3080221144
3080401368
3218674088
3210215848
3210282409
3189734905
2669641691
3613327178
3613326858
3623812618
3623788042
3623731002
3590120747
3581735209
3564687416
3564851256
3564785788
3562688892
3562688877
3571406821
3570163687
3570162406
3587037878
3595558814
3596547470
3592352142
3596611983
3595956367
3604275439
3621119087
3581273135
3581232175
3581232191
3581358347
3614908745
3623302089
3623819001
3621586665
3621523115
3620540091
3578617562
2505893658
3573343498
3573342474
3568164874
3585073178
3586126895
2516567405
2641741293
2673139197
2669017037
2669139909
2669073223
2673341303
2673210230
2681725270
2513892694
2515989631
2516581501
2491370749
2503822589
2501729525
2505930229
3579650557
3588170237
2547856383
2547873662
2547351358
2541214494
2474102543
2473948943
2448745247
2448745053
2511844056
2493436633
2497496745
2489080809
2503756139
2503886890
2507028506
2540645386
2540511242
2536448010
2641244442
3723379690
3718173354
3718029993
3716982408
3750538888
3746336712
3726479352
3728183292
4264992252
4262897004
4262912365
4128391486
3074574142
3075878718
3042324286
3042383734
3034383223
3034403837
3029987996
3029983896
3029922456
3033063096
3025722281
2975369387
2975770859
2977885386
3007193162
4079890506
4079890506
4150665450
3588629995
3584442091
3567717067
3569097422
3564927694
3560752862
3560477263
3589841423
3601441549
3601563932
2666243381
2657726245
2653552423
2670212646
2636781094
2638086686
2640191774
2643202558
3213644974
3213681837
3213722780
3213395852
2676524680
2672330376
2534968968
3610824344
3609876905
3610142895
3576573102
4113441934
4118687878
4107690118
3583369351
3583500773
3583436580
3585529364
3571959296
3563365888
3563382576
3559189793
4096113953
4096171297
4097740593
4085157505
1920896641
1920913025
1916651137
1914455953
1914467491
1979998370
3863290022
3788898550
4042735638
4109660182
4108641542
4104650502
4105104903
4105104917
4257214004
3183275812
3216823588
3221013796
3212625189
3208496503
3206006087
3210147143
4282836471
4291163623
4282896853
3206443460
3206419788
2669544764
2636058412
2640125484
2627548716
2646422076
2629644812
2627478024
2493260312
2493252392
2497465640
2623392040
2619316603
2636036698
2640230986
3210521418
4267486554
4130898026
3057225962
3191517422
3191501006
3190436038
3190431878
4264240038
4285084326
4238934694
4238934695
3702195844
3702005380
3702274692
3698092684
3426544268
3443518092
3476483020
3732334671
3740716046
3741172830
3464286327
3481038957
3426509036
3699073260
3707392428
3703183276
3703178988
3703131884
3439089276
3321631325
1165767247
1161045534
1429542698
1429609770
1463171354
1463172362
389379339
376758539
372556041
304906553
325878569
829203241
904700777
904695785
938249195
938249131
1988008378
1988009098
1983554762
2134614218
3979972810
3966472666
3974797306
3974805226
2909384426
2938693338
2922018510
3056210654
3060466414
3068658414
3064730602
3064476139
3064488184
3064521976
3064515800
3064514760
3010189512
3039489224
3022710360
3022676536
3022651928
3022914073
2485980682
2498505258
2511087914
2544633898
2544831498
2544844874
2444214478
3501097102
3505295503
3496390796
4029000884
3493238948
3544094900
1379834004
1378802884
1396494404
1396457493
4047265831
4030612263
4032747046
4036940326
4106146338
4105884166
4122722822
2511979014
2675562359
2671311215
2671307247
3191400943
3191536107
2935667163
2931459403
4004020555
4004020297
4008222825
3190350056
3208372456
3157917912
3158180028
3158180584
3170763496
3166635752
3166439000
3164356104
3164088840
2631490312
2631457576
2625497897
3179253597
3179255501
3210580877
3066859919
2798428590
2798428334
2790039719
2785858727
2786772119
2788836549
2787779649
3861841184
3866036001
3869836839
3869840150
3869848326
4160234758
3027840262
3021678903
2618956069
2623150356
2631613188
2631416580
2644053780
2678019956
2677916660
2677855188
2677322213
2647958435
2635368098
2483408610
2483481234
2483432066
2500210322
2539466146
2522688674
2524578962
2256143490
2189036738
2189036610
3282769938
3249109250
3232296450
3299403334
3299406589
3303539436
3425174504
3425173992
3425374312
3429575720
3437848616
3429394696
3425225480
3441998600
3441994056
3442011464
3442012488
3455762696
2377793848
2377802556
2411336484
2410156836
2393383717
2330525987
2305425699
2298102067
2298401239
2298475911
3428629398
3423902631
3423898287
3424094895
3474374286
1577494158
1577559950
1589944559
1590469870
1591518318
3730617455
4135556143
1988002847
2000323855
1731890463
1731903247
1730850078
1735044142
1731984630
1715024022
657989766
658055302
624832687
628491181
1689322156
1689322236
1689269772
1956703756
4104169996
4104169988
4125141509
4121016837
3048388101
3048378901
3168191031
2618761782
2618761750
2551651922
3625720290
3632011490
3635939490
3685288082
3668587714
3400151106
3400200194
3400175618
3404308770
2326307618
2326310695
2326313252
2326305068
2347341932
2373508588
2352726524
2356855736
2631594664
2627400360
2627326632
2409420463
2407333806
2403129582
2402568302
2369132670
2352364550
3428197446
3432391750
3432386902
3432448983
3436995285
2388448116
2384368964
3459943684
3728247892
3732445292
3740834156
3753491437
3719997914
3719998650
2641933482
2669203690
2669199598
2669199454
2635776830
3164267055
3166365228
3166202380
3169352204
2624113356
2636696508
2674511276
2682962092
2683977869
2681889165
2640237501
2640273391
2640075759
2642209582
2675206974
2658625806
2658544974
2658607310
2675781790
4284428462
3218952359
3218949284
3218990484
4294950788
4286549636
4281304772
4012676676
3979125252
1831133716
1814356772
1818652717
1818628139
3831889962
3831696442
4100073482
4117899274
4292016666
2123815626
2123882123
4271163083
4273767115
3605824281
2540671016
2540626984
2537481260
3040802060
3042899716
3051287044
3046093364
3213664996
3196887783
3197936294
3059532206
3057434814
3057217722
3040572602
3022683322
3026876602
3035261322
3035261898
3035131595
3051941579
3085559499
3085694921
3077166543
3056129359
3056326015
3056493887
3056498463
3077445150
3085698590
4160501566
4126943087
4126750719
4124648925
4124664221
4292432284
4292366524
4292432124
4284084477
4284211257
4250641433
4250582025
4236220441
4232026393
3963599128
3966754584
3967631896
3967554136
3982234329
4246016698
4233434026
4233377706
4241755562
4241762698
4236519834
3699648666
3717561418
3751248906
3736502282
2528084251
2532090155
2523701549
2536288812
2490278444
3565069028
4095517348
4095266484
4097395620
4097763748
4097730732
4151208092
4134436044
4133901773
4129641805
1982076783
1986274798
1995777518
1992041710
1992047854
2013070766
1979057562
1425417178
1559630558
1559565022
1555063630
1557193054
3704661294
3448808494
3482694974
3331830554
3600716298
3602547211
3606742536
3756689976
2649463144
2632493288
2624104680
2619903048
2636955720
2636828872
2671403517
3208521199
3221097966
3221175726
2684170142
2679908238
2646369246
2646471390
3217027679
3082588781
3082589676
3085741292
3077413084
3073349788
3039821212
2973660828
2956857996
4030599820
4034790111
4042003182
2699845486
2699880494
2691475518
2700064798
3790519310
3824062734
3807281935
3798631181
2787681069
2787683629
2787678509
2787887407
2792278379
2792280011
2792244171
2808878027
2805203963
2770605035
2775982507
2768122283
3032286382
3032224958
3032233118
3032231118
4110167310
3560914190
3577691919
3576639245
3614254856
3615437064
3623751944
3619373848
3617145576
3617158888
3571250857
3573350058
3698626282
2620759146
3162483754
3179260970
3086724110
3069880143
3061491405
3190458061
3190473373
3190448821
3207275431
3186106606
3165126766
3165126762
3181906987
3202951195
2653497353
2519541768
2519612424
3594387720
3593872136
3514184456
1358299672
3501594168
3501604665
3501676857
3501513003
3495206379
3508307355
3524170635
3524244107
4060648090
4073232042
4085816746
4056595882
4039812267
3026117803
3024020635
3022874059
3039569375
3056346479
3056545071
3061194543
3065382189
2460945676
2460748812
2443968780
2158698804
2162827804
2229981708
2499461641
2495124026
2493037098
2497218858
2505607530
2535168730
2520431243
2520426121
2519384713
3056157321
3056161707
3081269418
3047710890
3047707822
3047845070
4125780046
4113197070
3509217294
1361722638
1933190415
1931096861
1901986620
1901994780
836645656
835523384
818676536
818683673
818699033
827120411
827169082
1900976457
1935378888
1668843912
1651017096
3865686712
3866866424
3866800744
3998921320
3999183466
2921263982
2921095406
2923176166
2906325222
3089764534
4176098502
4172949958
4240058823
4239993220
4239927684
4101515652
3577244036
3594452868
4135506564
4135502468
4141204100
4131713701
1987371757
1995202861
1940676651
1907097643
1911358523
1903114299
1932408890
1932408858
1915631626
1919830218
1929301194
1929154762
1919713354
1911324682
1891468073
1891279400
1891280424
1891229244
1891167772
1882746428
1882723628
1899644013
1916433510
1645902966
1646001350
1645018310
1649188038
1644989638
1930267782
1896797574
1884186502
4040042166
3498976998
3566024422
3565749862
2493068838
2492998422
2492997894
2627330830
2627465998
2627441439
2631438121
2639825768
2501413576
2671422088
2654640776
2653589176
2657784472
3204031385
3203965353
3203965417
4269379629
4269456445
4268402693
1848551431
1848551479
1848556583
775341111
775341063
706139143
705061911
721552422
692258166
742589918
1816333726
2084903838
2085952190
4237630126
4237631166
4237756093
4237678237
3700728460
3702826652
2624884396
2486672292
2486610852
4231440884
4246121936
4279675905
3994463237
1846983687
1849621511
1849359394
1852752930
4000236594
4008624182
4001218614
3996930070
4013714470
4015647526
4019907109
4019898964
3988408004
3988324996
4260889220
4235723708
4234744296
4100591848
3027108955
3027044410
3026987306
3026463274
4126091866
4125961930
4155273930
3567829578
3567829578
3567944299
3569001001
3573133100
4101548332
4281968724
4265322740
4264209604
4264210628
4264460421
4264461205
4268675815
4142854694
4142756390
4142671398
4135331686
4135068918
4135199886
4082769039
1885015199
1885015199
1893337487
815405711
817568350
548945470
548941358
553149994
557375802
591114255
589004815
554483727
554483823
806143151
806208942
810459054
818854566
1888398006
1888332422
1888266886
1938590342
1921418886
4074152646
4067861063
4062569253
4062507309
4063547688
4135346472
3883689272
1685944584
1681881352
1681808152
1685768729
1710934793
1710802185
1711063051
1735184395
1731653689
1730076905
4111392936
4123878568
3850925481
3884481961
3884478393
3888768681
4082812584
4084975289
4084847305
4051227337
4047033161
4030722393
4030620713
4101846075
4101768218
1962279978
1957041450
2095458106
2112228874
1600473614
1596258830
2116332302
1987356999
2121631173
2120122500
2115936644
2114823044
2131681921
891163265
875955875
812058274
820264610
547368358
547368102
547368110
565191822
932392075
931148955
932246603
934329610
899975450
400866090
937802554
912505662
1046916382
2121179150
2122227719
2103087156
4165513440
4161511568
4161442944
4161455520
4162477728
4185530016
4192864992
3219786339
3198700066
3198962466
4272711730
4142425094
4130005190
4131086470
4265308310
4263121078
4229571998
4233824174
3699062510
3573158462
3567997470
3567842830
3567840527
3567826973
3584604205
3584657444
3573189632
3564807168
3560620032
3560620500
3560588164
1362772613
1933230725
1937425045
1945761437
1944649373
4160289513
4156078825
3854080489
3837311209
3992513657
2926111816
3190670793
3190473689
3194671787
2935681962
2931422122
2935542746
4026065918
4001031550
4001033502
1849288990
1849227310
1849228334
1849293886
775937054
773782558
773774350
772688910
788941838
755457503
759643631
625414127
634719983
617942783
613751519
549796559
549726919
549726935
549792375
545729143
545590903
545525367
546049623
546049607
567070295
567074791
600684007
600684022
600683998
659338639
642563487
655137215
789027327
793180671
759626221
751217021
1019653468
2017895748
2017960389
2013372917
4232099749
4248872615
4286693047
4270194326
4270317190
4270218886
4152778150
4157562023
3076181157
2976566485
3010198732
3010047180
2993202500
2993202500
3005919508
3073028900
3040387876
3043534375
3043604030
3077164862
3077524782
3077530926
3211662382
3179152414
3162375502
4244506070
4244447222
4242288374
4242288598
4233914182
4228662598
4228699206
4182615047
4224101639
4207324935
4198997511
4199321141
4199339557
4207534629
4203373429
4203434351
4208460015
4202168559
4214755579
3895076041
3899292889
3974822168
3970604856
3971649032
3975712264
3961032200
4246253080
4246253096
4278910568
3193587304
3067823981
3063546861
3063559143
3063554438
2532843670
2541232294
2491024546
2489977986
2489982338
2499442562
2499377110
2495145766
2629625126
2629625142
2628564247
2628576055
2624385575
2620146237
2637038171
2671380121
2518292921
2522491065
2665162905
2660857992
2528701576
2532892808
2549650312
3614081801
3580592443
3588808747
3580387371
3580369963
3576367146
3609872426
3593095483
3597322507
3605580170
1458075018
1390952586
1114194058
1110053050
1077813418
1082007998
1090397087
16648845
1357761212
1349294780
1881975388
1881975564
1634511628
1651279372
1651343900
3794768412
3794178588
3794129453
3794039343
3793756975
2803904558
2766143594
2762150142
3031573758
3031837854
3029756047
2492852367
2496960653
2501675213
2535373005
2520427724
2520425740
3060433692
3060433468
3068891685
3068695093
3085476647
3035160871
3026764839
3026799847
3027196151
3028170965
3026070981
2975737285
3009290629
4068282805
4076405159
3538617262
3551199934
3518504638
3504085918
1348230094
1344068366
3493767431
3493260557
3542541068
3529946892
3529938444
2464585260
2459221548
2458168876
2458165804
2458165868
2458178283
2462860202
2455503274
2470252714
2508076202
2508076202
2499163370
2499093594
3572769802
3562286090
3558746379
1411279113
1410230553
1431230778
1465309210
1578628106
3725979658
3725885514
3724837338
3594830762
3599033002
3599229610
3716574905
3699796664
3700370088
3696040376
3692759256
1547319304
1547576328
1547640840
1026891800
1026895913
1024799019
1023435071
956356367
687929119
692170615
700690263
700689750
734117214
792837326
788651102
788648319
788779503
788698093
658674345
667128744
667000760
1740937624
1992604056
4140153224
4131895704
4132407705
4073377161
4085908425
4052353641
4053410347
4105904683
1962418730
1952982826
1881685310
1882733630
1880889359
1896626253
1896163532
860293516
1405570716
1401374364
1401943708
1368253087
1368236734
1368171182
1401729966
1133281710
3268260074
3260805226
3275415578
1093296138
1076505610
1076504843
1080703259
1089091897
1084889353
1084951881
1101530569
1131151497
1128071305
1091977627
1091977643
1096767402
1105029038
1138714366
1121968718
1121833502
1121747758
1119408941
1119413036
1186522924
3337152296
3345725224
3341465448
3443238632
2675484312
2660803208
2659758731
2526655194
2530850538
2453245546
2453506666
2452527994
2469325258
2972641482
4034848970
3766389977
3772681245
3791619132
3791488028
3782520844
3778322444
1631035420
1630978084
1612055525
1612591783
1612513959
1616649910
1625037490
1620908706
1623136946
816717714
833492354
330052034
44851522
40730930
40669478
56926502
57980199
58178871
41331991
1123461383
1123465479
1138727703
1104994149
1088222181
1079829493
1079763413
1079689649
1081786545
1098543281
1132143760
1132408208
1132421040
1132416929
1140672177
1122268883
1122297542
1122363350
3530012534
3530005814
3538271542
3538205990
3538724655
3534529085
3534533181
3555512857
3521909369
3513333481
4029226415
4030287023
4049194159
4049196191
4091076751
4074283471
4066092879
1920640541
1919651389
1915276821
1915234909
1915435775
1916672175
1937639599
1677659309
1677659293
603862157
838739085
837756877
837566207
837566303
820799838
829225022
829274158
594525246
577739838
577543198
577027103
572897311
572954655
572950591
578209903
578144494
576051454
576092638
576093150
852917247
852982783
869563389
838101469
813001165
813071309
813620061
812632685
871160365
854387519
854391071
846003231
841798783
843018494
847131134
830345678
284033358
351145742
485428766
484784702
484715055
413411885
413478461
413409821
414458373
416604695
138719775
138711838
138714734
138713838
138787566
424590150
424581959
458133317
457999733
457503588
457499500
440914548
440922724
436433525
453194325
419500661
402657637
406860901
411069537
411204689
142793921
142787777
146904512
138655360
151164544
1241681536
1241681808
1245941168
1254202800
1249961376
1249960368
1250156948
1250087415
1251463654
3402682854
3406877158
3406860774
1326690758
1325573574
1329704390
1598073062
1598093542
1459722482
1459788994
1459786946
1461108802
1366737107
1400340979
1946137059
1946133491
1943835383
4090282599
4081894949
4081901101
4082035244
4083084076
4152126317
4151066589
3622569935
3622568846
3723362702
3724415398
3707643110
3707710566
1493051414
1224615942
1287523334
1307133190
1273532677
1249419525
1245225252
1517855076
1582867940
1599646948
1599649956
1561894053
1562033287
1547334790
1430126726
3577610678
1433797606
1609368166
1605113383
1605119541
1587816964
1592011532
1583802636
1596366084
1529251076
3648422212
3631580148
4166300388
4165247716
4182024932
4215579364
3125061357
2856697829
2923936231
2925451750
2942224870
2944322022
2910767606
2910801398
2910606806
2906149318
2906218566
2910511158
2914693159
2913698852
2896727044
2913511428
2909579268
2905454692
2938556388
2939342564
2939290348
2937193180
2807177949
2784240382
2763268462
2767978618
2766929978
3035241530
4110034970
4240074762
4240435466
4257196042
4290619466
2122091723
2117894281
4264853688
4130861224
4130758888
4147519724
4113965420
3022404132
3026528804
2498046500
2629115452
2629108252
2646344204
2411476557
2392598526
2396843498
2404683242
2366932138
2366800010
2366808270
3640828110
3623985534
3623923006
3623922454
4160858887
4232232711
4257658117
3176562724
3042935076
3074020212
3074085588
2805651132
2803523245
3844037295
3848018606
3883669934
3875014814
3870887070
3871020222
4142796958
4133892302
4129431630
3609338118
3564245542
3568452134
3700475446
3700469254
3734023686
3599805700
3599875076
3595738164
3593899108
3592867236
3744350132
3694014364
3699257244
2092838845
1553466798
1557926382
1549533694
1544835926
1544872727
1549051415
1557507605
1552984597
1572907589
1589746245
1581420227
1447221187
1444038051
1444098211
1460867234
1429405846
1412825494
1411782038
1952870342
1956891478
1956682022
4104174886
4104165158
4104173085
3047203340
3186795020
3205669388
3205690884
3205645924
3207876076
3203157229
3215740143
3215809758
3183371486
3187565647
2638110735
2635780363
2535122699
3076255593
3084479977
3084406248
3084505016
3076179592
3041587849
3041518217
3024638667
2483553898
2484632874
2485741610
2506713130
2548791562
2527753482
2527838286
2528694526
2528698607
2532884653
2541306044
2487091332
2218671236
2218666884
3560860405
3565120229
3571740407
3303306823
3295102470
3311916806
3345347858
3353732402
3354387490
3337613346
2527822114
2527691623
2544407413
2548610804
3086594012
3078203836
3073947820
3057170604
2788727980
2788721868
3861823693
3861823983
3861274927
3865453359
3999597119
3999536655
3999606287
4008078879
4008074815
4009217343
4009018430
3990152318
3973374159
3965121743
4229350607
4229319765
4229304161
4229170785
3159369249
3163562529
3163755125
3163952837
2543195843
2528970626
2528904338
2528904354
2264663206
2281452726
2247894198
2239505598
2239376542
2239393166
3346693006
3345709774
3346758351
3346890309
3313268276
3296486176
3296485664
3296588080
3430281504
3430195489
3426197793
2369164547
2385938753
2390657985
2394917841
2394790883
2325544801
2325505893
2614895461
2631410671
2631468015
2633631151
2633698727
2641890471
3745057927
3459935622
3459935622
3459966854
3726369430
3730367142
3757679526
3719999958
3720055838
3723003950
3714639918
3714836542
3744095550
3731510590
3756671807
2678735421
2679833149
3719836205
3707254393
3694923640
3694927224
3558747641
1411263705
1413970121
1959062984
4119113112
4119045560
3577779624
3573580728
3557077704
4093936200
4093870616
4110599720
4156716329
4136789035
4271006762
4270984234
4277275850
3729943754
3725781402
3742559914
3741486746
4248866442
4164988618
4165005128
4160945416
4162251068
3094785836
3161364028
3186541108
3120415252
3116155444
3147620908
3112755759
3096003306
3092778926
3157789118
4230482110
4230625454
4235082922
2097021082
2144731274
2127962250
1581442378
1577298218
1578150187
2119219503
2001767439
2002096143
1968615439
2103345486
4250829278
4250568110
4246400942
2669292454
2673549238
2665224086
2679912111
2511681261
2511673068
2494826197
2499026757
2499044373
2549474341
2528568359
2527507478
2531689734
3085276775
3043268325
3022294756
3023343252
3021004485
3019926223
3019909886
3036887398
3074563174
3067229286
3063029782
4270858246
4287635463
4287635484
3180814360
3187139592
3157707032
3157691192
3155597928
3155536633
4232363723
4232360586
3158614666
3158614667
3155464619
3172308139
3179187435
3221130365
3221158988
3202801932
3060719884
3077436284
2808988652
2808927724
3882733036
3891121133
3892305231
3873416206
1717346318
1712644126
1664405534
1664372746
1630670874
556929066
544343850
1689390827
1687228059
1686182537
1686379149
1954814607
4102388367
4106545855
4106538695
4106732231
4119245382
4152796023
4137132387
4136935457
3067387921
4144295939
4144353299
3574951971
4095610915
4097704291
1954416195
1961757251
1974405827
1974209255
2007775910
1995190182
1995207119
2122301903
2120122829
1054707964
1053597804
1070375980
759475244
1678220344
1678150729
1694925914
1728492782
1711781038
1711772830
1711713678
3859201951
3880161005
3855453932
3855451708
3848262156
3846140431
3963363862
3962315558
3962315042
3974967330
2897018914
3166504019
3164416069
3164416068
3180325060
3197020484
2660153860
2661190148
2661060100
2661057068
2652676908
2518434089
2518614121
2535330027
3026071786
3030258090
3032352186
3032239514
3034381194
2484910986
2535365578
4128152522
4128156427
4267289865
4007244092
4009406524
4001034284
3996668280
1731801801
1681531529
1681526458
1680542378
1692928938
1621887146
1621887130
1623000202
815030474
815063051
829731131
812093737
812052777
811782441
1881298185
1885493513
1886570776
1909705256
1909516840
1943300616
1936991752
1916011208
845812393
1940534187
1941581994
1905860778
1905026218
1900865722
1930213514
1929878666
1913099658
910655626
918986891
915595483
938631467
879894827
878842155
1948414761
1411543595
1415737882
1416646158
1548810766
1564519174
1598073142
1581750310
1590070294
1989050434
4137320641
4137324736
4143620288
4131041520
4130972896
3040439648
3023777632
3023776544
2956470820
2969112100
2965048924
2962818684
3028825836
2491950812
2508728009
2542323658
2546501626
2244591338
2219683582
2219681494
3293427398
3557667522
3557614418
3691876403
3691938867
3693001795
3711872065
3728649281
3731786817
1450148289
1449640659
1986486887
1983193702
4147390446
4145294830
4115933614
4124518574
4122347674
4155966859
4155786123
3623142025
3623129785
4158497449
4158433001
4158435177
4141656365
4141660461
4141717805
3864890653
3864954140
3862860061
3862863935
3862884398
3861856494
1680736430
1680212110
1680213134
1680285086
1684486830
1689533103
1689283308
1689315884
1689316876
1710286092
1695835212
1729458381
1728454894
1728459182
1741030062
3850766062
4053208698
4053015050
4053023242
3616815626
3616811530
3619106571
3619042072
3350594360
3617342248
3520906232
3519857384
3226321576
1171112616
1171082969
1145911802
1141844202
1141319914
201794810
335937738
335741002
335609930
335758138
365090330
377679370
109226506
243509834
247508986
239116794
234922458
251969978
89408426
90113002
98461419
345959163
345959369
345422285
349480447
1548788090
1561374746
1594986506
1309844762
1308814650
3460458794
3464641838
3464632110
2391933742
2391868202
2375291706
3448767275
3436188520
3438281576
3429897080
1282479480
1144076664
1144355192
1077279224
1094162904
304519624
305051080
304972234
317493418
1449963690
1449963691
1449693353
1601810600
1600058536
1565402552
1573791672
2110666425
2089685690
2089693866
1959535275
1960600491
1952245147
1964565899
890809480
857450696
825932888
825994361
813413435
1887342905
1904116025
1937670456
1920894232
1920771608
1914240536
1380566588
1389052524
3603645028
3616149857
3570016353
3562545251
3564844147
3564774595
3573163971
1421477570
1371144898
1119552386
1118307734
1122501798
1395145902
1344809134
1345874078
1343782346
274220874
281559822
282706446
1358623247
1350214167
1349165879
1344978726
3497560934
3589835751
3606813317
3605699205
3601792711
3601761989
3601191588
3600839332
3605013220
4129305573
4281340271
3710988326
3710987302
3708823558
3704629254
1551902726
3431151622
1284642854
1284651303
1303447829
1340346116
1324615172
1320441796
1320282004
1324394404
1584432548
2133888164
2081524900
1812105636
1812179332
1811982724
1841338668
3875780668
3860047932
3862146068
2804079653
2770482467
2753693218
2900756066
2896627314
3165591058
3165396498
3165403650
3215206658
2665637890
2657282050
2653085122
2658326146
2664482482
4274013858
4286603943
4240454308
4232188332
4231135468
4230348824
4180541448
2033067272
2033002760
959195913
958933786
942156058
946407434
954913802
950976523
950960331
2025296041
2039783593
2076484797
2135274687
1577231527
3724721334
4265776534
4282552966
4292006614
4294100710
4294364774
3219443238
3202673958
3203765269
2927407108
3996950532
3996950548
