333373125
299880133
282955719
1893505479
1884076151
1884072038
1884141670
1884208230
1885273206
4032789590
4032650486
4031593702
4039974374
4039973606
4035779174
2425174630
2443001399
2476490261
2476490245
2212249348
2170305796
2149523268
2152617684
2161047220
2156769956
2425139876
2425139892
2429327284
3494679972
3490028967
3490094510
4028037550
1880517054
1899375070
1630939470
589769038
593848591
586546445
586470685
586450205
586978333
578597951
574403647
574592063
574526527
572441663
572441719
576617719
559824055
543104182
542973330
543104914
819863186
815667890
817830578
817642162
817639058
279719619
279717571
296646339
330196545
313452097
317587009
325868401
325876065
309082465
309270897
309206465
317593541
317667285
309082085
309082085
309073893
862739941
862739831
862739839
862780735
862780735
862846269
862844221
862975293
871355197
837784381
300783420
283942684
283941660
1088805692
1105722172
1105656636
1140223804
3351143708
3349111071
3483329822
3483364654
3449417518
3382225710
2306378534
2306442534
3380248838
3657076998
3631783942
3627589653
3627582565
3627785457
2551888065
2551867457
2551851077
2551855220
2606374884
3673818868
3669689028
3668509324
3669496492
3669513900
3667457709
3663247275
3659314602
3659502810
3659441354
3658392654
3675038734
4165248030
4232556566
4232483078
4233544194
4236165682
4101949031
3027828455
3027823347
3078204099
3061563331
3068891073
3060384069
3056124245
3056103781
3056083237
3077120804
4125823780
4104848932
4104849156
4110100224
3573097728
3573101588
3573109844
1425792068
1475067072
1450155200
1450020288
1445955537
1915729873
1916642259
1916642291
1920901603
1920905699
1652486387
3812488434
3810391266
3776771298
3776767462
3779982822
1640876022
1640880086
1674442710
1673852374
1665531095
1665498325
1665629269
1665629284
1715960932
1715957044
1724345604
1724346133
1992785459
1992806195
1994310914
1927201026
1918881795
1935503383
1901948981
1616737381
1616760165
1625149036
1616764540
1616762460
1612575325
1612571229
1615651583
1615389675
1632116155
1628178842
587991194
588135866
575550890
1654531050
1673405402
1623028298
1620964942
1620885006
3767315262
3771501374
3821832526
3796866382
3797848398
2719396174
2721489255
2788533095
2788483943
2736051759
2702558767
2706726447
2706734719
2782146303
2782146559
2782141439
2782202335
2807368158
3075807326
3084204054
3046586422
2509650998
2509650950
2241274886
2241078534
2241082694
2241119702
2245297623
2272559509
2239005077
2239205820
2239148476
2238096796
2238688668
2234301372
2503838652
2503907836
3040786780
3074337052
3061229836
3061296412
3070210364
2994705212
2990522996
2988381172
2990355365
3007199141
2955820453
2968390069
4038007175
4038011271
3502058887
3501993415
3501993175
1353977319
1370754407
1123294583
1110719799
1110714166
1379231030
303424854
320136646
855942550
822388126
826587039
835039935
818254527
818397951
818397791
811026219
810646827
271607851
1361180731
1400027162
1391638539
3537026059
3537016075
3600126473
4136936041
4153713385
4137591513
4136537753
4140665768
4132210856
3055323368
3057435688
3072749576
3844497416
3844498184
1701192232
1677146731
1674849018
1673800602
1665411242
557976746
541459594
541458570
550899850
550773162
550822587
567579343
601654223
584880509
586986559
578597949
574405693
843037759
842971199
826211647
809434943
813629023
1895759487
1893719677
1893523220
4040981780
4040981780
4032718100
4043188052
1375614716
1402935036
1939676895
1941266174
1924450030
1937019246
1630842926
1613803546
1613869066
1613864970
1611965450
1611963675
1611960105
1612156457
1628884523
1662418747
1645612395
1649675499
1658133739
1654070379
1656108107
580264011
584523787
583475546
584004078
852427262
835650438
1892619142
1355756182
1418666678
1418540722
1418493618
1418517203
1418693184
1469942272
1457303040
1446815504
1446883344
1447006224
1379831860
1379844404
1360938852
1347386981
1355627111
1351432823
1888422775
1892491126
1893475702
1348281718
1348432215
1347409735
1347262423
1900840949
1934399461
4065107429
4065107429
4082089189
4090412277
4090410197
4090425749
4090425767
4056835046
4049499110
4032787430
4034753510
4034754422
4032640278
4032574726
4032591111
1885207831
1893723413
1895759173
1904139717
1937755589
1920847303
1920847063
1920849127
1920857191
1920820279
843015191
847213623
847172903
922678565
855568689
855625729
847204353
322924611
289370323
272568803
275711907
284102307
284106387
280960707
279910083
279777859
279720467
283927075
283959859
1374545683
1408075586
1458409426
1458409090
1450020482
1450040962
3329038998
3463257079
3471391077
2398693668
2662870316
2662867260
2327322892
2327376156
2325254956
2325262956
2325258989
2339935919
2369359535
2369441455
2637844159
2639924878
2639801998
2639802014
2635867562
2638038186
2503983338
3577724938
3614351370
3622805514
3601441802
3601456138
3605777434
3614067002
3576322858
2640972331
2624224891
2632673115
2628318153
2645087177
2649281432
2649273240
2674430904
2674497448
2540345256
2540371433
2540367337
2540367353
2506882441
3580624265
3614135689
3614118299
3614118331
3614061035
3597283627
3614060859
3622383899
3588776217
3588877593
1424735032
1424603928
1961400584
2087225608
2104003656
2133427208
2116650008
2116780088
2116988968
2117001257
2116689963
2116689962
4265214250
4269474666
4290449134
3703183983
2629442077
2629507596
2226731532
2224565772
2224562700
2224611892
2224612132
2226692837
2247657127
2205715110
2205780646
2184809142
2184813238
2456533495
2456401975
2464790535
2456402950
3525946423
4062964838
1915380902
1915368582
858659974
808325006
820973197
816651917
816660125
817708725
817704613
816606895
816639743
820817631
569161295
560895501
1617330701
1617330717
1617269293
1613018925
1613014823
1613227823
1613129534
1882076462
4033746222
4043179310
4060024062
1908018639
1941585295
1929061773
1928865165
1928877453
1928947101
1943741885
1400841661
1400717245
310124461
310123949
310121917
310186381
318197917
855109807
1927782631
1403429366
1369878790
1357226246
341878070
337685798
337702182
1411775782
1412366118
1550776103
1554958113
1554891025
1554559233
1567138821
1562946629
1597766087
1597692311
1583238070
1591086758
3600090855
3600028407
3604222967
3604231143
3595837813
3596050775
3598087431
1198934279
1173768454
1156544774
1156405510
1156385042
1173167411
1198286112
1181606192
1315877136
1584305424
1580107008
1598000128
1568506944
1555924080
1553773665
1553835234
1548578274
1544301282
1544305250
1545538082
1545472546
1610422834
514664706
246295554
246291459
246287363
246090755
250305537
241818947
258591187
258710003
258718706
258587634
258578930
258578930
258586867
258717939
258734195
254507123
254486643
220805219
220805475
208353891
216743523
212549235
212424401
229234369
233411265
216642449
208380816
208254352
74288528
74291633
7182769
7322545
24095153
293579953
322806961
322823313
322949265
1933557937
1900007905
1902110693
1910302437
1905059557
1909249791
4039956175
4031698638
4048486094
4048518870
4090322406
3620699622
3600774374
3602736375
3602867413
3607061957
3615450564
3615479104
3615479104
3580876113
3580884337
3580753779
3571840883
3588617715
3589666291
3589666291
3581408723
3581401043
3581270007
3581270007
3581278198
3581769590
3580851574
3580720407
3589100599
3589108797
3572333917
3572464989
3572485596
3589260797
3590125053
3623675871
3623675871
3623679982
3615319918
3615450414
3615454486
3615478806
3613904918
3622301718
3622236183
3588683015
3581924693
3581923157
3581927381
3579805392
3579657968
3579592288
1199324960
1207779121
1207909649
1191132435
1190999314
108991762
108990482
108990482
108991490
134091779
133106691
124733441
124766545
124778865
91093361
91093489
91093491
225040883
225139154
225139154
225147858
267090931
266992371
266992371
128580339
132905937
132757969
132759025
90815987
74038707
74431923
74429875
74421683
82687411
1156429203
1152365971
1152365969
1174386097
1165864353
3309087137
3577735633
3577731537
3581791075
3590089507
3590090531
3590074163
3564991763
3581801747
3581800753
3615469873
4135490832
4135491328
1988005376
1450151424
1446874640
1446895153
1981054259
1981027426
4129047650
4133277798
3869037798
3852047846
3971660742
3971656390
3975912134
3967388102
3967391847
3963136103
2889411622
2939972646
2923328806
2926999091
2924891667
2933263875
2933202435
2933141265
4287917345
4287911265
4277536193
4268622721
4264428419
3727364499
3731632295
1605120166
1571042478
3701938383
1554397391
1559652423
1291311431
1289021927
1280616883
1280828803
1283376001
3699295105
3706634929
3723489952
3756909536
1592651552
1601010448
1567385857
1546415377
1546412323
1546084642
1546535202
1547649042
1551750226
486534339
394188931
377473153
372231297
506447233
1584350897
1593652897
1459367587
1459432115
1459432082
1459104418
1459103394
1454911926
1404633222
1404780679
1408868599
1383637093
1446620468
1446690580
1983617812
1920502580
1928891684
1912374325
1903871063
1882854550
1882857654
1883124134
1887371686
1979455398
2008287142
2008295110
1471424262
1474619142
1163977478
90224390
98600246
27563314
1101434163
1103005729
1440451744
1432005776
1427809408
1463452032
1429176704
1429180820
1366284084
1366292260
1886156581
1911318053
1911350821
1928258413
1919780861
1919731085
1915014285
1916062859
1916180622
1928771838
1924590830
1906828526
4042220750
4033861006
4033529534
4109014765
2766919268
2766724660
2758333956
2775098933
2775098918
2783487526
2758342182
2754135590
2905136934
2927396966
2934737125
2863630420
4000749572
3996624900
3996559364
3996560420
1849093924
1865862708
1731087877
1731135173
1718421157
3865842087
3874238887
3886821798
3836621191
3836622726
3769507462
4038003334
4037876470
4037835366
2965137942
2969332486
2977787654
3011367703
3002975029
2998911860
2998846292
3015693252
3019696116
2977759204
2977725285
2973587813
4047494183
4051686455
4085249047
4085084175
4049428687
1935500429
1644964013
1644697773
1645021613
1649282703
1657144975
1921389262
1939223070
1907651118
1911874110
1892983326
1884595774
4056197086
3552889310
3536112094
3528280542
2454604158
2546870574
2547920190
2545885470
2545766686
2545799453
2545799196
2545733756
2549927020
3560753260
3560753980
3560888860
3560860172
4097730061
4096750174
4113351406
4151104494
4142444718
4142436526
4155016351
4121677005
4125806028
3716078860
3716083468
3716083484
3730702108
3730701628
3739090236
4273853485
3736649790
3736715294
3681108030
3643359278
3643408510
3676966990
3660193994
3731498458
3757648555
1605909163
1572428474
1555823246
1420413838
1420346830
1416155254
1411969126
3509100774
3543835618
3527058082
1937420930
1912260226
1904201346
1349372562
1895652257
1895578016
1901865124
1935420580
3797689772
4074135980
4069945788
4086649804
4055155469
4041536269
4029015837
4029539900
4029541932
4033731116
4037921324
4054829884
3082734540
3066006927
2531059102
2518476014
2654749934
2671658094
2671643694
2674539550
2682924046
3735758086
3735627014
3735630102
3736666423
3740864821
3472430420
3464044500
3464060629
3476774613
3443193557
3447386829
3705320077
3701060492
3703092636
3707284924
3698899372
3694705124
4248345060
4282031612
4131042508
1983570141
1988055167
1983737983
1981755515
1967075371
1950235945
1886259753
548342329
548211225
548153865
549202699
553398539
559677770
559891354
558813866
566948522
558425770
558385834
558418586
592043003
600505643
600470825
568010009
569910541
561521949
830158127
827985710
1951076134
1422461462
1422465538
3565705810
3431520882
3700005714
3716923218
3733698002
3666523281
3666521216
2593107328
3666652592
3657731744
3657731744
3675426464
3641886452
4177716804
2063754753
2118145042
2126570530
2122376226
2122575890
2009255942
1967579206
872838350
806243806
807291391
828328943
836585966
937171450
2010936794
1977377226
1968988634
1952150010
1960571883
1959383721
2089342636
2089410220
2089414380
2106126076
2144922972
2136665117
3747271743
3743106102
3692774454
1547375666
1547320626
1551515186
1559969330
1555570226
1603812883
1318663937
1188692224
1197080832
1148965681
1148974625
1147907697
1148164675
1475316675
1453820355
1453693011
1454741537
1456847905
1981066273
1980017699
1980097571
1980169238
1996934150
622251350
567789942
551410022
547215719
547215733
551410004
559806556
589134972
639466988
639462892
639107053
643291895
651680470
601873094
635427526
618527558
618495326
626883822
635272366
1742566575
1734161581
1702826397
1685520781
1685541516
1685550748
1693677212
1689482908
4105271004
4105234008
4109430328
4107561529
4149504570
4132723514
4132788282
4076689450
4076690474
4076666890
3539861514
3539861578
3539865834
3556643246
2449278895
2430343847
2161457846
3229956767
3229956767
3229686415
3229637277
3230726845
3278940589
3257968893
1110485117
1110616093
1378007100
1378007068
304261148
304265244
304273420
304531468
287721676
270944461
270928349
270995391
275193582
283473646
1353053814
1352971862
1890891318
1890887478
1890887487
4038506269
4042692364
4042694428
2431901244
2490399276
2486188588
2486185516
2484545132
2488673004
3028693677
3045413534
3045382046
2542056894
2538904766
2517929118
2518064590
3592336846
4263421262
4265533790
4286443823
4252853551
4236080431
2021332263
2021596471
2021596439
1753029909
1753169205
1753036085
701767957
692330757
960832261
960566033
943723297
943732577
943734627
952113763
952310291
411179521
411180545
427966209
465704705
180492033
180420881
176165233
176185713
180416851
180417011
197177827
138457571
138453479
138459127
138524535
134412119
134411591
151180615
155337031
163791183
146822525
146830717
138509663
138542431
155450719
155375439
163743567
163808079
163677023
163615351
155300471
155296487
184788711
453420726
453492406
453369750
440784310
440882582
189206934
155517334
163582455
146878565
147005476
146940980
146881584
146811936
146809904
146989312
146981121
138838337
156664147
156730867
192382451
192382451
192382387
188061073
439727504
438150320
438150304
1512025504
1512025760
1515701936
3663054577
3663012579
3671335526
3670286886
2592351014
2592347182
2609122350
2340699230
2340758750
2340823294
2341339358
3385786574
3368878287
3427545497
3423413672
1276997032
1277132728
1142946696
1461645192
1444855688
840867720
840926792
576489016
586982953
578598699
578593067
574402602
574455866
1629405290
1612579050
1611542698
1611542698
1682835118
1687047854
1686822590
1703671374
1704501775
2008589069
4151943692
4147684904
4130924136
4131122856
3862583976
3866774185
3799518635
3808167099
1659633819
1726742667
1735274697
2012094524
1978278188
1974149932
1957196300
1961419276
1953017352
1969793595
2011728682
1723369578
1721481470
1725674590
1713025038
1713025038
1729802254
1696243758
1700455470
634051622
550193199
541658159
541658141
537465868
537473100
537867260
541987564
617546408
630002360
932134556
898394765
362588814
1421642374
1421642118
1556059526
1560196486
1560191430
1551802711
1568579943
3728729395
4265595927
4265329685
4265188389
4275674148
4271412260
4002989388
4007192524
4267238120
4263048873
4279989935
4246353599
4233772734
4107935678
4107994535
4105700535
4105711767
3590066375
1375547589
1367154821
1349985685
1349922183
1350449543
1350455173
1358417813
1374001077
1944367453
1994699021
1994690573
1986311213
1982114863
1998892079
1948695599
1948709927
1953386791
1953382711
2088649013
2088591733
2138926581
2122198421
2122189189
2130579333
2130642821
2130445205
2147251191
2096915191
2092360303
2092343853
1844487973
1859173669
1850780677
1845535749
1845534725
2114179143
2130854390
2097288166
2098594478
2111242926
2109014762
2108949114
2108954122
2109026058
1974806795
1962240331
1425398729
1425820057
1356615064
1910263192
1910261144
1910313400
1937715624
1937727912
1937760681
1903600233
1902555695
1885639215
1885643318
1885646103
874821655
1949276183
1965987845
2116978693
2116733957
2120926277
2120896727
2121208022
1986990486
1971130806
1954297766
1960060582
1418995366
1418016494
3565490926
3566473951
3583246925
3551810380
3556046204
3279212012
3241987580
1077728732
1077859789
1144967629
1144943565
1149134301
1426058733
1424883181
1425014229
1442837957
1434448325
1467863373
1450561885
1446498367
1450603567
1450605867
1450666283
1450568507
1584704283
2147270427
2113701657
2113700633
1845330745
1837019945
1837015849
1832760105
1832243519
1832341791
1863790974
1863792106
1711680938
1724262826
1720060346
1720064907
647764939
580654411
872173899
859631723
1937694827
1902043370
1900863738
1891945961
1891945448
1350949612
1351088764
3519507068
3552978444
3552977420
3351650828
3332244092
3331138541
3263980007
3263971814
3268198630
3259625694
3272253518
3289030670
3290080526
1413131534
1412074766
1412140302
1411943690
1416397946
1476166890
2130629866
2122247674
2118025178
2118024922
2118020794
2119820970
2128143258
2111587210
2094846347
2111758779
4259226025
4292846057
4292125037
4266950925
4262766349
4147488269
4147576333
4150722077
4117122941
4058924527
4058775727
4034662586
4034667658
4034798730
1961786778
1961840106
1957461354
1961684346
1978459471
1969513679
1969513677
1966469277
1966494141
1970688421
1970688421
1970697205
2012439125
2011554327
2011489847
2011457319
2003068711
2003072295
1969697071
1961234735
1961754941
1962737949
1960658253
1969212873
1969151945
1440734153
1474149049
1474084523
1610391227
1610405787
1602016159
3711824863
4248793471
4236140911
4244006767
4239814639
4256640767
2146903695
2119438990
2115240590
2114200570
2114277482
2119647275
2142620715
1975306265
1961682953
1416407305
1412217161
1430113737
1429553547
1366704526
1366688158
1400250814
1391863286
1391748406
1391748406
1387058487
1387053364
1386983732
1407951124
1357619524
1350205892
1348125076
1343209908
1410191780
3557094317
3573934061
3612540493
3599952399
4136757775
4155830058
4160007466
4118066474
4117070138
4113401162
4148069450
3883836538
1719575595
1851626555
1712690203
1712640011
1714810907
1714843691
1983778927
4131258863
4152231919
4127135487
4106166015
4106165983
4106165967
4106043087
3569116879
3569154047
3590124015
3590120949
3623744981
3623867893
3613251061
3596473845
3611158005
3611288917
4114609493
4118794581
4118761845
3581891063
3581743607
3590140407
3590140391
3573494247
1417614695
1417617239
1417625350
1426005774
1560141582
1608842558
1592042766
3731657998
3732705550
3732709694
3739066735
3739132269
4292776312
4250830296
4236101112
4097570284
4097791468
4097791341
4101845359
4101779775
4101780799
4101846879
4118754943
4127078013
4160706269
4160574157
4158444491
4158439899
4158427515
4158427434
4124881210
4108186683
4102022201
4101762105
4097568056
4231691544
4248723208
4152249864
4143926857
4139075195
4139086570
4141113770
1985245354
1984184490
1443127466
1459953850
3691389082
3695586703
3703725004
3700607516
3702573612
3702581804
3707006492
3757319948
3757454092
3484811724
3451257253
3720085927
3757834662
3743159206
3590607774
3590648206
3594822090
1455923466
1456909594
1467480346
1429068058
1362025242
1362025226
1345245002
1350419914
1358746074
1357763034
1349509626
1367302523
1367171371
1367163195
1365066041
1946048313
2013199161
1996401209
1996466985
1995221305
1986837835
1914995915
1915011210
1931919498
1899384986
1880502698
1893081770
1888887470
1888821950
1888756383
1356080095
1372861257
1406419209
1391805705
1391944985
1391979833
1459087673
1467349305
1416940827
1416938779
1416938331
1417003994
1417147354
1425535934
1425404334
1157060006
1157513654
1165910471
1199448519
1182150927
1182073101
1181024569
1449618729
1449617704
1449650489
1449457929
1449446729
1450477019
1467777531
1434223594
1432327146
1969140714
1432265642
1465886634
2002630571
2004850105
2004792713
1971168665
1971107289
4150039033
4152333177
4160664377
4160660251
4160725823
4152156527
4286379375
4152149487
4118629887
4118695326
4127096222
4160646542
4160640478
4160706046
3623743998
4160615263
4160615199
4152226589
3581797181
3581763901
3716116797
3716105277
3716088959
3716093055
3716101599
3749656031
3755816927
1608348667
1574785881
1576878923
1425889099
1425893211
1417504123
1417442667
1417500027
1434404187
1434404299
1417532891
1425854971
1425855483
1442640891
1442690009
1459464121
1451206585
1451146649
1584848285
1585437885
1585315001
1585280249
1581084763
1581215803
2116768043
2120999723
2120868655
2146034479
2146022175
2112401695
2096668703
2096672799
2088432667
2088434699
1950272795
1950239003
1971309371
2004671035
1996283515
1727854299
1727837147
1744606107
1744667067
1736413609
1698689449
1698525611
1697936811
1949636011
1952855467
1961240047
1957045631
1957106950
1957000454
1961190662
1961223954
1952834322
2105014098
2146883410
2127975875
2119587267
2119648723
2121618929
2121545697
2127833060
2077501028
2077503012
2043952660
2043952916
2018850589
2035626781
2035757887
2044687151
2044588847
2044519295
2043473759
2043456351
969718623
961542751
995032607
994981406
994972190
956699422
960890174
969219119
952384559
952383551
952383503
969161743
994374927
726119711
726053151
725979455
692359471
692369199
675591783
1745207015
1745338103
1762114263
1762114279
1795603175
3943086695
3943078509
3943092013
3926248765
3942763805
3942743341
3947297069
3955673455
3951479151
3951546207
3955551823
3947163215
3942969167
3943001583
3943112175
3930523887
1784088815
1792936191
1792944223
1787701343
713893919
713832463
713828367
713811983
713747471
714775567
802851855
746294351
606964959
607095039
607099119
539990255
540015087
540015087
560822767
560823295
595409919
595409791
587021167
587021183
581901143
598678343
599726407
871971143
869890391
869890550
870021590
870276054
872373206
834624502
833485815
833485815
837680085
829290965
830339413
830339444
864024956
864024893
863893813
861796661
861796663
864024855
864017750
830463326
830332254
812506622
812644862
812644862
812644862
552458751
552458751
566098285
570292589
559802749
555609212
555609181
557833309
557833725
544202221
544202223
544071103
611311007
611178911
611187135
611155375
636321711
1743615662
1743599278
1743598270
1711088286
1694442126
1953964686
1962354319
1958158015
1958026943
1958034105
1957964441
1957965513
1425288921
1425024985
1415648587
1415648713
1415593433
1148202493
208676349
217069021
211813844
211812820
211882453
228663797
232858087
234037603
225587571
225588498
208739602
207624467
207632659
207714579
165771541
175209749
175264007
171069703
171131143
187715877
137422117
141622565
147963189
148093253
416464196
416455940
2043909396
2077472021
1792193797
1783796999
1783864599
3927021862
3994073382
3994134822
2920463662
2922549550
2922561838
2788409646
2787590638
2808562158
2783925230
2918142718
2897049342
2897049599
2834137053
2834069852
2825680968
2825746520
3916331352
3949882712
3949884760
3932902728
3933827417
1803100537
1767449465
1767450617
1767452635
1774795743
1808350173
1808613341
1791832029
1787787229
1787819357
1787270525
1787074013
1791272141
1795466383
1795466399
1795600559
1762578599
1762579879
1766770095
1775226799
1808649183
1808591183
1809705231
1800923407
1802959127
1769393463
1769391415
1769456959
1762776367
1762710895
1767234919
1767365991
1809304951
1809304887
1809186581
1801219909
1797023559
1864198103
3978175207
3981837991
3990292391
3985969079
3985967543
3985996183
3984943495
3884280199
3888475527
3880218006
3880207798
3888596406
3889645047
3872882167
3872750935
3872750871
3872879637
1727493125
1719100421
1719100693
1719565629
1719618877
1988053277
920602893
920602653
912083005
914193469
914187293
910128157
914249021
779572509
804738319
1039617295
1029000479
1012223327
742751583
742746495
675768943
683899503
683793143
679598711
746650455
767879495
793046087
772074583
705162343
709295463
709283174
994987478
961481926
944707782
945232374
945228774
948243174
411376230
1484864102
1484860022
1484795415
1484795413
1216360021
1220570741
1212218996
184593012
436251508
436255100
436254940
436254940
436320477
436385943
436402310
436353174
1493309590
1476532662
1212287670
1216481970
3363965618
3363834514
3363842706
2290100850
2290100770
2290105122
2291153698
2364562210
2364727074
2364706642
2364638163
2364572593
2381349796
2641396652
2640413624
3173093016
2904791640
2904799752
2904730136
2904730168
2904729144
3978470168
4012020504
4012032296
4012033384
4016294249
4024551787
4024555579
4024559883
4016172299
3982747403
3982680955
3982672619
3848520427
3857040107
2783233019
2783238139
2758147963
2758209403
2900785979
2900852027
3974438171
3965992283
3966051534
3966184598
1818639542
1826751654
1822621874
1822621875
1823682707
1823613319
1838293447
1871801797
1988159940
918595972
373340596
369146300
302070156
1375928716
1376911756
1389494701
1387406254
1453532070
396432358
362816262
31469826
2126086
2158870
2355471
270709001
270704136
874756632
878750248
904964665
936425993
658542091
658539274
553698106
538198826
538907434
605958955
891171627
2002657067
1994332507
1453267019
3600636106
3334240458
3334240394
3349434762
3349631882
3350622874
2256937658
2256953770
2256822698
2256822698
2185544878
2199700606
2200863758
2200875022
3270419465
3270485000
3261902024
3525872856
1379437720
1379566744
1916449976
1916706984
842956968
843023576
557775944
540989448
539912200
539896089
539964731
544174907
552456763
552452635
548381243
548191787
549227051
568101163
558667899
554539227
554341515
554357129
588911033
1662652841
1645875625
1650401708
1658660013
580199837
580069325
579872267
596652554
548413962
548430346
551641354
807628858
807403546
808715274
807144506
810486635
814615273
277486297
277494473
344538831
344522382
348694174
358523294
375300494
377131406
511345054
519815679
517558637
509092200
509093864
353905640
341437352
887085992
815106441
814778763
867208330
850625738
854757578
842178618
841080874
842014779
842141739
856830761
273815081
277088811
1350830618
1149254154
1149254154
1149303306
1149285962
3296834126
3313673038
3330449790
3330449509
3330519140
3327164644
2249294052
2184348116
2182267861
2449920743
2449760934
2479108846
3519808090
3519808026
3582792313
3582863064
3582864008
3588172696
1432099240
1396459688
1379715224
1379910792
305590408
305569992
305569816
842440744
858169384
807856440
807848473
812042809
544197179
544067131
544002587
545051387
593281451
575455403
575426731
576524459
576073887
576090271
576114873
584503545
584507401
601203977
601139481
601200937
654284841
653895705
645441547
641242187
639287435
639254667
639250603
641343913
561652393
553264829
549062303
548079295
547885822
547889722
552084251
808202523
807731481
539300409
539317816
544332344
552651320
563120712
579898057
579898251
583249034
583181450
641835226
655392794
657948730
656863275
640032809
1982213165
2117471279
2136344870
2106986070
3632400070
3632473798
3632276062
3363840558
3363840558
3364106794
3364094522
3380884234
3385603338
3368831257
3427289144
3423160376
3423295560
3372955912
3372883208
3372881675
3372885578
3372957306
3360431850
3365146602
3383756266
3382919642
3382866382
2343727582
2345820646
2336350566
2336337266
2403576130
2411833827
2260769185
3334576560
3267468688
3267466384
3267399856
1112637600
1091666080
1077117104
1343389856
269653088
808625204
808709380
808709900
556984847
577956367
645033487
653413902
647054907
584078891
584335913
575948584
593350520
593428328
593407400
593472681
601654411
603750538
592740490
591892634
587641002
587641258
587568554
591829354
600225833
603105336
593602568
1663346696
1713681416
1713803273
1848037433
1848001003
1781924778
1802699434
1843599018
1827877566
1827873434
1823549082
1821388474
1687169786
1687186122
1703995849
1703995592
1699801288
1729205448
1662156936
1645396152
1645400488
1649599400
1656992488
1656848920
1649510153
1664331017
1629726985
3760433433
3764558633
3772959273
3773976089
3765502667
3830710923
1679033019
1695810219
1679037354
1685533099
1626680427
1621370923
547620891
548341769
565012489
598533129
577540105
573341705
574455865
572424553
571376617
588025705
558205545
567188203
1636219642
1703258570
1741991306
1714720906
1848934538
4012282298
4012036522
3979535275
3983696811
3975242409
3975227033
3989847705
3989908105
3989908379
3989912507
3989838267
3991935387
1844458635
1710448779
1710383263
1710477503
1710354591
1701896589
1701897693
1700965863
1709350247
1709361446
1642121478
1629513734
1629513798
1663204710
1667386854
3806463974
3806528406
3802337926
3802342279
3802343415
3802208229
3823114069
4091555589
4083181317
4091737397
4091729189
4087596341
4087370757
4159007748
4125584660
4125506852
4243459876
4236053044
4236054044
4168431165
2021073471
1482761007
1491087662
2045890846
2077274378
2059710731
2059709721
2055518265
2055584088
2051914072
4195199961
4178312923
4162455179
4162461322
2084179646
1815482286
1823542702
1689257134
1706037383
1739796615
1737547917
911253677
923836652
923859180
856914156
856832237
842148269
846346925
850527917
917701261
917570253
915481181
368124447
485687823
484648463
484517386
480335418
480367915
484553771
485532715
424721435
423665099
457219977
1514184345
1514379193
1510118329
1510126553
1577567001
3709780761
3695071001
3564005912
3702418204
3702286636
3703373164
3703367164
3751645596
3739136477
3739136471
2656997846
2522845286
2518455335
2517928999
2534853959
2484476487
2484481735
2620798647
3170185902
3166446510
3166449838
3181904046
2510815406
2515026059
2502677705
2234445256
2267998536
2519623944
3593365880
3605997912
3619102152
3585557961
3568779738
3568648682
3571532010
1348493742
1344300462
1361280414
1394761094
1379018118
1379033478
1379066262
1400025206
1403228206
1906343979
1889567787
1889577273
1889647385
4041652793
4033255995
4045835803
4147021323
4147806987
4152082779
4150916203
4159235183
4151042301
3077464397
3044958541
3044954973
3045028735
3053417279
4110250814
4110235450
4059920154
4060053274
4051532571
4152129849
4152130024
4135373048
4135570584
4133340313
4131700889
4127506827
4127511002
4127650794
4149142126
4123976302
4107200486
4103073734
4241414599
4241423815
3705533895
3588060629
3579789821
3581821437
3581887997
3581433341
4101533181
4101991932
4118805981
4118796253
3581794141
3615290143
3614200606
3614208798
3614257438
3614385470
3622714734
3589939182
3619360702
2543538079
2526672797
2532897208
2524492184
2520297624
3597246552
3614154812
3563760956
2490034492
2490038588
2486065964
2486045548
2641299196
2650616476
3719631581
3719639775
3703386718
3706991150
3697545518
3693372462
3693377598
3694647326
3711358991
3711350799
3745425678
3755916622
3734929870
2543616190
3080487086
3045896366
3050086830
3041694127
3071250085
2786508452
2786586324
2788552196
2787503620
2787991076
2771351076
2758746660
2758677021
3035509517
3031179577
3031183401
3032219689
2495349817
2497447945
2483824841
2484017291
3557181595
3569764491
3699563659
3432035466
3432022154
3436224939
3440419819
2366808683
2501030457
2540876297
2545001307
2545198458
3082071402
3084697067
3072102379
3055519275
3057287689
2989142537
2989220376
2988991017
4062732843
3815261530
3849865466
3847801002
3856324778
3887773882
3886724298
3891175498
4134334474
4130140170
4146979882
4147047470
4113460582
4101926758
3036611154
3031974467
3032007281
3047740128
3082396400
3065619136
3061379776
3057172976
3207120096
3207296224
3039440100
3026856149
3833276511
3849923391
3883612734
3891927566
3891990046
4159197982
4160286746
4135120922
4133019674
4140359727
4140363885
2999697764
2999633892
3045773028
3029007060
3164236484
2633640580
2633697925
2624065199
2625373871
2507937454
2524198590
3606325166
3606324458
3622843627
3587187739
3578814473
3574652936
3338706952
3338907912
3322130441
3351367769
3347071227
3297051802
3297117626
3297641898
3431346090
3436608171
3437714107
3412982409
3391926217
3459033037
3459089357
1311552461
1311531961
1312318379
1333404333
1337602733
1304303549
3451783101
3321630191
3313264943
3311971387
3312040987
3320558603
3316355085
3316285709
3249176893
3249111535
3320354219
3308817323
3577318315
3575286714
3575304074
3575568270
3514819406
1912140319
1911083546
1936224826
1932011054
1932012847
1932016685
1395268668
1365904584
1357513864
1370096776
1354368396
1352451772
1351939820
1350623981
1350599670
1350603118
1355919406
1343397934
1460854830
1443029262
1443013902
1464249094
1430690342
3578563110
3561536022
3561524742
3578298966
3596255942
3592065734
3728376710
3190460594
3203050723
3198924833
3199834144
4273518688
4260949220
4101529796
4097446028
4096655516
1949171884
2083455405
1818497709
1822690985
766843641
632564425
1066674888
1070869192
524561097
520572875
486950858
474366922
474407691
138928957
138731820
139256108
139235628
214730028
211651828
1217378452
1217374613
1234098614
1250352038
1246166438
3389146614
3389128710
3390423046
3470041142
3468009766
3753878309
3720131116
2646385420
2377956620
2375850012
2370603116
2366588972
2366507052
2349729084
2216559372
2514371085
2509849183
2543350522
2408109034
2391328938
2388183210
2386249978
2402957450
2368350346
2368350154
2406097610
2411389594
3753419433
2679677608
2650317496
2624094716
2620034556
3559562104
4096436792
4096371256
4147952408
4131163912
3862875400
3862873112
3795833896
3799801961
3808167161
3808231577
3808235673
3799650733
1937388205
4042941117
4040848013
4036585103
1887987343
1892212414
1892474798
4032626086
4034718822
4100779062
4100254726
4100320263
4100384023
4117165879
4159096663
4158904003
4133680835
4133680833
4150445777
4150347511
4150293863
4116735271
4116718630
4116718646
4100008982
4100074498
4108467218
3571662130
3719380274
3719509298
3752989954
3757179650
3471966978
3463578370
3489075987
3753333555
3753203489
3753238309
3685808484
3690002916
3675318509
3675311325
3657690319
3657589966
3674367454
3678544366
3649450606
3649450623
3649450508
3650056712
3650929208
3646738984
3709664808
3691903736
3691903928
3697076393
3709663417
3709098123
3742695563
3591569547
3591520393
3604107625
3753009963
3719455275
3702550062
3701533230
3705715503
3627387182
3627469070
3625372942
1494406414
2064834575
2048061502
973160510
973104494
973088239
721448431
725843455
725775871
700675583
700478943
700478927
700544975
692156383
692158463
692402175
692402175
692549119
700903919
679662079
683774415
683717071
675328398
675328414
675452047
675462287
671275471
671291903
688077177
704788761
708976393
717357849
714277657
714081049
713040699
713057067
729867051
700757867
675584363
675584347
688240715
688371785
721861705
726053977
726061529
726127097
692441577
675795881
675804843
675675819
675674810
675674810
692550553
2068216712
2051497416
2051346696
3661959432
3666162488
3666158120
3414516264
2307391020
2307250925
2307701742
2307688942
2345438438
2345500918
2665447622
2657005702
2652807318
2671770790
2637842855
2621311877
2620271237
4230359700
4230352564
4230420117
4259328709
4288684742
1587552846
1587553854
1591749926
1600141350
1432623142
1432684647
1441156164
1440902340
343008452
355726836
355653060
387110212
387110149
391302407
391171366
928040998
890259494
890333222
894691702
894683478
902024790
935581190
927130118
928178694
391307782
399758119
395346223
360747053
880852008
880842808
348305432
339916825
268605513
1343391945
1360434377
1393996171
1379303835
1383498475
1928770282
1922479982
4070354734
4091325742
3889999150
1742640190
1843303470
1842802734
1834381373
1813327900
1745104916
2013279268
2013402405
4160882278
4173467238
4253224678
4286602886
4269846150
4269846150
4269850247
4269913780
3867382444
2793509292
2768273580
2687795436
2686817372
2686905468
2686872684
2686872684
3765321516
3769503276
3786280524
2712419916
2695375372
2963810860
2980646439
2980578854
3014152774
2997543502
2465125070
2457650942
2455539182
3000797422
3000801518
3003116751
2994660557
2976833741
2960048605
2960017085
2968391356
2955688620
2955160300
2955165676
2973113836
3019255864
2981589016
2963664904
2963583753
4037322250
4037848618
4029188714
4045949610
4080617898
4128966826
4128906410
4133102778
4151992462
2003722446
1978557774
1978656542
1977993022
1977992486
2095564070
2088060198
2083788038
2016683270
2014788895
1477909820
1509302060
1521884972
3669434172
3399431948
3399292684
3398222281
3380912570
3364136362
3364197802
3481771178
3737619886
3590819247
3591800261
1444324804
1444324548
1446438084
2000037028
926298277
857866422
836895118
836962206
833687198
820001502
819997434
819997419
815804009
815870489
815792905
280019721
284205337
275816488
270573608
270580009
812751145
819170107
831687179
914787018
382109322
507691658
504550042
437449707
454254955
457269547
423649323
968893499
427834635
428087563
428153115
432487722
432416046
432435487
407290655
407147357
1480897405
2017764333
2017764325
2035138533
2068824055
2052045815
2051980230
1510906454
1510922786
1510891043
1510872609
2064519985
2030965072
2034630864
2026307792
2022061184
1486230912
1486227072
1492583040
1500578468
424686245
457191342
1002449130
998250602
1065556090
1065564186
1070808090
1045635082
911339530
504397898
503349371
520134697
1023452457
1023645997
742570301
742635837
759269663
1027706126
1061324046
2059572558
2047014222
2047223166
2047094118
2064396134
2077112302
2072654574
2040136427
2040005321
2042110664
1488511960
1484297704
1547212012
1547214056
1547213000
1410967688
353101960
906673368
910861752
852423625
849269195
1386004746
312229930
290980906
270150698
270150970
807020091
819602987
814228009
814248488
814273112
810062536
872978312
872980361
873070473
873057177
874138521
891166617
930489753
930226621
921903257
917713289
915566987
919725467
911257514
642822058
642891242
653439242
602059018
1625325834
1612808970
1613145914
1613229866
1613114154
1629894955
1660295401
1654000808
1652964776
1653552568
1654405016
576460424
572262024
571738009
571748778
573907050
577904682
564273198
815931658
815932170
815883786
815828522
815840810
814787882
613465114
616799242
605199371
605142027
890539049
891276584
588956952
656036728
2002416360
2009756328
2106258088
2107159449
2107157977
4260931961
4251494683
4281055499
4280991499
4285175306
4286235146
4286530074
3749646890
3715965743
3707512173
2499624164
2493450484
2493450436
2497448132
2155616596
2155822912
2213425664
2192445952
3333358080
3332637219
3336831778
3329499426
3327406114
3469148226
3464642754
3481456770
3426939314
3422795702
3422654358
1275117511
1275112908
1593877836
1447277832
1447204105
1443012363
1392687418
1900259630
1883543598
1883539502
1909359626
1909100554
1934270474
4060803199
4060737903
4060660607
4127838191
4127869934
4131924974
4140313306
4140318346
3599442570
3599377049
3616154296
3583648664
1421410700
1425539208
1148715144
1144530168
1144532072
69806123
69876506
69863946
70130186
74194442
216794634
213123627
211047209
211149608
1304470376
1304474600
1329628136
1338081964
1602720444
1585881756
1585948332
1590017965
2143586734
2135341310
2098637014
2100738294
2083702998
2083669190
2083657158
1009910738
743580401
751973104
686954064
682694160
699416081
732966449
716189491
716191026
716403986
984765698
982635794
986772787
978380071
989914406
956347686
960664678
2034406646
1774362014
1807915934
4274035359
4274043549
4274043533
4139957965
4131550797
4127330841
4061397545
4092854314
4122214442
4122738730
4122739755
1906050079
1930185743
1929727181
856045708
856041868
822487708
826677901
835075725
835069573
830613125
830485413
864036261
864031917
852511999
854666271
863183903
824320031
824320271
811754269
820138553
816103976
280281640
278184504
282382104
282450712
284683016
284616969
275180809
275178763
275039499
291800059
276207515
284600203
284665227
284464571
301236395
326930603
306110715
37101578
20316426
3610410
7614250
13904430
9776686
11888406
11854662
28804038
49185158
1114542486
1114281394
1114280370
1114354098
3266032083
3283787888
3233521956
3233653036
3233591596
3300699944
3296500264
3292301864
1144888111
1413347838
1411374478
1545594254
1007534238
1036501438
1069994390
2126959494
1591141254
1591124678
2127931174
4275348774
4275348774
4023690542
4024216894
4019043902
4023229997
3217790508
3205158508
3172627140
3172598228
3040542884
3162177700
3166373028
3166311605
4256840838
4290653318
3758041542
3749652822
3730258750
3738517310
3688117790
3422298638
3418104606
3418104106
3418105130
3415766319
3382238476
3382234564
3369834372
3361706896
3358950048
3358950368
3356656624
1208136560
1208133408
1208134454
1476647446
1291975254
1308654278
1308650182
3460769742
3469083022
3465412750
3332310190
2258439406
2258450670
2258438382
3265006703
3265029437
3267158300
3267338508
3267272988
3270418732
3257447716
3241708832
3222964481
3221915971
3221916482
3221981778
3242777186
3284729442
3284692578
2211145586
2244703602
2223723619
2223721585
2357877824
2357885376
2363185984
2356796016
2369378912
2386165473
2384197553
2388194721
2391336101
3481855141
3431525548
3427457196
3423520941
3440363965
3473821183
3591792414
1448485134
1458839822
1475609886
1442057565
1416768396
1148332684
1142295180
1142229663
1157642682
1191191962
1125146842
1123041530
60866922
27637614
10924029
10661860
10596260
1365294564
1394638948
304316468
304250884
321036300
857776152
824217643
555915562
556178219
556174331
1628736410
1627688842
1627833226
1627525770
1947345610
1949442618
1952588330
1956654634
1956653354
1973430314
1973622810
933305354
534786058
492879882
485523722
345018667
348234027
339848490
470001962
469936234
474392778
491178122
373703822
373686415
373690508
373698988
373629676
524296812
473961004
473972236
473967116
406874636
138635589
138508743
156306647
189924550
173146182
173150278
189931798
164700966
142615330
142615074
142622258
142621474
142637858
142703378
163740930
1254249730
1254277378
1254277378
1250017650
1249944935
1249946981
1249946980
1254145380
1245953364
1245877700
1241699781
1241629158
3389059558
3389023206
3410060278
3385026518
3380836310
3380705142
2290153254
2290144550
2290341174
2290324791
2294387061
2379514196
2371191252
2373354436
3312355204
3308166532
3308239268
3341728164
3341728132
1193979268
1177211268
1194148228
1160511924
70004908
69558700
1147629036
1147432445
73460567
90226519
107198279
102994758
102875462
123781462
90304806
90432294
1155720998
1424146215
1419943703
1420004613
1373672453
1365292037
1361162261
1428394005
1428607253
1428603687
1969735207
2003672623
4143753775
4143815199
4142631693
4142500877
4142441501
4134051868
4062765144
4062712296
4079493865
4033487531
2968138410
2963932842
2963803563
2965114013
2432439437
2422031497
2434718792
2472460041
2482944777
3014306075
3081480494
3081350446
3081340718
3085533727
3039412829
3039511293
3039498924
2771329704
3844342440
3844082089
3891267754
1722816666
1723017354
1722951818
1991401674
2011226122
866156554
832602154
832610346
832610346
836808747
874610697
1949532232
1947370968
1946332072
1950526188
1950517869
1958840847
1976863246
2121764358
2120672006
1579639558
1512387350
1512444195
1495413025
1483866400
1492321376
4172401904
4170292720
4169185728
4185959296
4202737344
4202864321
4207052354
4194469426
4195698210
4197723938
3929812002
3950774310
3920365606
3904703551
2025198604
2025201676
1490166276
1212363269
1220551175
1220601414
1216391750
1216388054
1266923990
1250081223
3666262405
3666254980
3666250884
3662578868
3659302052
4196114852
4164604820
4164829828
3962978965
3967156974
1823764006
1823484454
1691363878
1679044358
1728389966
1711743438
1711612078
646713515
1720516777
1720451209
1720192136
1976059992
1959446552
1955264521
2090788875
1555949578
1558470922
1566851530
1600603034
1586938538
1585894058
2122621610
4270105514
4291073465
1996786889
1964279880
1950189768
1882126472
808348040
825633208
590811048
571474616
840106680
852624296
865215468
278929677
1352687885
1084288285
1088457023
1088457535
3236268862
3232209726
3265714958
3265721038
3266233230
3267150782
3267150255
3261915565
3257712805
3274690773
3241070597
3224368389
1076882693
1076326151
1080438535
1080442694
1080433991
73797075
74651123
73479635
73479635
90256707
81868115
81868051
81868083
73475361
73606960
73545472
1147358976
1197722896
1180813616
3328293168
3332484400
3332617984
3466822144
3466822161
3466625570
3466629666
2665526818
2657127970
3195125282
3188828658
2919278802
2919271570
2919468162
4009928066
3959596673
3959613073
3959576193
2886864515
2889091491
2757757154
2761951270
2762160182
2778868486
3064079878
3064145415
3059754501
3193988901
3202405412
3197222948
3213279252
3179732996
3180716813
3159679519
3155444267
3155428906
4246079786
4279646250
4195772442
4204193802
4204189706
4204196938
4278030538
2122088586
2113569210
1962595246
1962546094
1954226102
1949843366
4097327014
4101517222
4105725543
3837523468
3820531212
4072188428
4067994124
2988214788
2988280324
2988346884
2987836948
3007234788
2965258980
2964210348
3031384749
3031200430
3031184046
2485923566
2485926894
2485917935
2473408767
2460887244
2460887172
2460888196
2461934724
3539931269
3531542967
3544003750
3508806886
3508929574
1361457414
1395007750
1378837254
1449681422
376971786
374866475
123210281
211422009
211430153
144320783
146475022
142087246
1211646030
1211678942
1295696030
1341829510
245015941
247115156
247184784
1341906308
1156287876
1156091284
1156103596
1424797676
3563962221
4096040485
4095782452
3827344900
2753864197
2888147478
2921706018
2921755170
3190175266
3056535074
3060598050
3060269090
3198689318
3198693478
3165389039
2494304392
3568050312
3300679816
3296494728
1145015192
1411287544
1947637976
1947646024
1947707400
1695918088
1729606664
3859197960
3859197976
3859197992
2785448236
2789659180
2789655140
2799518317
2792948461
2808623855
2758292219
2699694794
2695500426
2695378570
2699570874
2699570090
2691184826
3773308058
3774430346
3774428298
1624847498
1627387082
545176586
544643082
544385034
544450570
540052495
1880129599
1880145965
1947217965
1964384303
4281737519
4273353263
4273342191
4273802942
3669760670
3667667614
3482905230
3439900831
3423450255
1276108943
1276059781
1275470021
1275491309
1275490925
1288048159
1149700623
1199598095
1204070919
1163311623
1148620295
1157399047
1424785975
3567813413
3588915301
3538588788
2456462532
2452271296
2452197568
2452214240
2452583136
2419991268
2419991269
2424177367
2422998727
2431393766
2158770342
3232512166
3232643206
3249420422
3282975878
1118706822
1118295174
1118147991
1122341285
1109438885
35709348
35676580
35676644
35742181
304113637
304097253
308293607
845160439
861949943
862015479
862148598
828629367
836886911
836804927
811708735
811709727
811711771
828479769
937924889
921147417
912717835
908994571
909061131
388971531
359544618
350893610
346760826
346818266
78128890
79443898
79525786
77561230
76971422
93748655
133332397
107208156
107206092
102880524
102888732
102823208
119602472
354483496
337762616
338155804
338164573
338029533
342223775
341273503
357007261
390551453
374756757
376599031
375644535
392294710
98616630
98616622
81845550
98687294
94632222
94533902
128088398
129186254
1169242526
1169242542
1169234351
1206984621
1197545372
1130583948
1126265804
18969076
86045156
86045028
86111604
86242580
73661716
73661748
207747380
207878420
207879444
207879440
140637456
149009680
149140736
216186112
216186113
224565523
255035426
235965538
235967666
235065478
235065478
235106454
239156646
113327022
109058734
109054654
1199578846
1199650506
1167144650
1167079114
1301309434
1301309294
1303442797
1303500076
1307824412
1332187420
254251288
254121272
221117816
221112824
222161304
222292360
354318728
354311048
353329048
387794841
391988127
929550847
912646511
375711023
375696686
375782462
241556542
258333742
258331710
224875838
216429854
213335550
211630526
210582462
1217280702
1216748223
1234569949
1274351436
1264656140
186742540
186705212
186692908
186694956
455130932
456244501
976469271
978434101
977377333
977377332
973183028
973183028
973297700
973223980
973223980
973224236
977410668
1002577548
964828813
947994253
411057807
411074207
461438607
449118109
449097133
440711599
457685471
424073546
407304522
408382298
408255354
416751450
415702875
415571817
415252265
406863656
943734568
943734584
961642300
961640221
465958749
449175391
440721275
440728443
440785722
441310011
449837359
449800509
441351181
441326669
407772365
407780831
407780830
407771614
407640558
416037230
415513390
411319086
411401023
411269919
415324957
415357756
406887228
943758140
943757628
960600381
977377589
977385525
436451349
436452357
436449301
436441148
436375596
436391981
436392046
457334222
406997454
407243726
408112014
418597530
950259418
951309002
949072586
947954665
679518696
675324328
671153576
671210152
671242920
671234744
721631896
709045913
717436569
713504475
713299771
713307450
717497626
1003762970
1003500826
970028314
964781338
964752698
964744506
964744570
964793850
964793563
969135321
960623832
960748792
956521960
939687912
939670136
939727384
956373529
960510491
465644346
448998714
449000522
444674250
444616858
192991658
159437226
163705275
146920889
146922937
138533304
138934712
138897880
156199177
189692169
172947721
442432777
442488089
442340665
442283305
994358569
990164269
990223663
989977663
956390463
956505134
943922222
943855982
952244590
952318974
427899615
465648335
448887503
448887759
448921421
180477277
172070268
440505852
440636924
440505852
440501692
436440508
436379036
436386200
419862985
419862987
956750154
956721434
939862058
944056362
952581434
952507674
411506490
411506218
411121274
411053822
415264510
415301630
432070638
427874815
461502973
461634556
432274268
423877404
419650332
419912477
419904287
419904382
407178110
415566334
411384318
411118078
142682622
159414781
163600892
163666364
155277756
155318780
151124476
151124476
151124444
419674461
453228830
440645918
440645918
448899358
448903198
180459550
180607006
172218398
172128286
188889166
138549582
146938462
146938590
142809822
142613214
142613246
142629614
142658542
146836463
163622271
155299199
423736829
423735805
423736248
423867320
960738968
956545688
956545720
956562360
956529592
956512760
956447099
956448058
960642330
1002648842
998323482
998257978
461387066
461403450
461428058
461412315
432048091
423729081
419534777
419665320
960730536
943961512
943961592
943963608
943831304
944224536
940047160
956787256
722414088
723468041
973543179
977735978
981930346
981545194
998256858
461378954
427824522
159440282
159513022
159644094
159644158
147061054
138672415
138639645
138639628
147011868
146872636
155261228
188947748
167918868
167935239
168000838
167828982
172023206
197196198
159496622
159496638
193051070
1250138526
1254332830
1245943966
3456342238
3460806782
3330779198
3332352318
3267275070
3283795262
3282738222
2175503471
2162788589
2150205612
2167359644
2167343308
2167343581
2167282543
2200840750
2210277950
2193369630
2193373774
2192858078
2197084671
2188757149
2205670540
2172057740
2162583964
3236326332
3228007420
3227851500
3223657068
3223665261
3240389183
3240422175
3274025742
3258301198
3266616078
1117096223
1117227325
1385601068
1387767852
1383376940
1378125884
1915193388
1915131967
1915136014
1898375182
1881565198
1881540622
1882130734
1911490926
3517782638
3517790958
3517786846
3501013647
3500939917
3232569996
3232570012
3232512700
3236708028
1080850348
1076655036
1076814748
1077863068
339604092
339010073
337964555
1009117706
1009248794
942123578
673557050
677751306
677686795
1800712969
1800176409
1800180712
1766634153
1745662633
1745467051
1745616555
1745517226
1762285994
1808423082
1787448554
1787774027
1787654155
1783390475
1779196217
1796171051
1796177195
1766808938
1775197690
1775064474
1775072138
1766650250
1766633866
1749857722
1758305706
1758304747
3905534331
3922438939
3956980233
3931815433
3927678472
3927561784
3927569960
3927512620
1780024620
1780286508
1784613933
1793002557
715070525
715013213
714747085
680144079
680143246
680217486
948488590
952690862
956852398
1527261358
1493776558
1481259502
1485453870
1486490158
1218317887
1220021788
1220029972
3384569364
3411840532
1259638556
1242011932
1241950684
235317436
235907261
235710605
504211597
504359053
504261772
521024652
470422924
336200349
343540477
350945853
350769727
350806575
350790186
350790186
342401594
342681402
342748954
478051082
81664842
75893706
75698062
8458127
12652429
13829516
13763988
15922580
56873364
39948676
40210821
40349841
40218867
48607330
48554082
65037666
6369122
6433314
6437427
14817815
31676949
48357121
316966657
308580625
304390437
304390439
304128806
304124198
305447398
320146862
1359362222
1078339758
1082534062
1082599598
3246860766
3280285134
3281331662
3266594782
3265546221
3265578988
3265580524
3269840364
3261450732
3261463020
1109912060
1109826012
1109821772
1109833996
36022540
40216860
48609308
317167677
308713519
304519230
304527390
287750222
270990542
271469711
271453375
271452077
284099237
296555237
296493677
346825261
346825247
350693135
476452622
476448270
417744410
950507050
950316586
682929723
680831547
696560187
717535819
705142410
705138314
705021594
704905898
1778856874
1778786730
1803948202
1753612458
1820655754
1820601482
1015294090
1011099834
1011300778
1028012443
1054220171
1054214025
1054016393
516957144
510665704
506733032
505701737
522577259
526907226
518502170
1588442906
1588433434
1605153338
1606201914
1576645178
1559991850
1560272426
1425922922
1426061803
1426020793
1423841432
1431706760
1461064072
1444282760
909558008
909349096
640721004
644915256
661699851
1701952282
1701886522
1865464378
1863363098
1846783499
1865856537
1865848361
4012283688
4012348712
3978689576
3978812456
4012264680
3861253288
1717963945
1717963967
1726418110
1860635838
1860647358
1856448894
1856973598
783231758
1051536143
1051224335
1051322639
514500623
535464975
493519903
489259070
942247983
2015993899
2016125035
1747636473
1751828472
686770856
686115512
677468920
674314872
672147992
672147977
672165643
717251626
713159722
713159738
717283338
704733195
704798939
1040609450
1045311918
1019871662
885653894
348850050
273223554
281616050
277552803
278601393
12263044
27866756
44574340
44630660
48824980
48825020
49033964
49030760
44854824
28109352
11332459
11516378
11443610
32473530
53313706
36667562
36606110
305045710
304914646
841523238
841530405
573290548
573225012
573225012
573224981
573225991
573224198
573231622
556406326
539639334
606743078
606800422
619186726
615004455
615263271
630985749
646710277
646714373
646716423
642538614
927856894
390985982
390584766
130537918
1187510718
1183295934
1183164830
3330649502
3599089086
3599220142
3062283757
3079126380
3032976700
2757134860
2755037700
2755041812
2754910756
2754906660
3979528740
3996277540
3929176356
3929086004
1794186261
1792158721
1787964419
1787964418
1871846402
1821772870
1693846598
1962740838
1962753390
4036767342
4036505198
4036568830
3499692766
3499627146
2420638346
2152202906
2168985243
3251125899
3246987913
3247119001
3314236056
3318299272
1296775816
1298021192
1333669640
1261909560
153367096
136323644
137454109
135389759
134275630
138456878
163617262
1254136046
1254144238
1250146550
3397564630
3397564630
3666066615
3666058405
3665993132
4186081708
4173498796
3896740780
3892547308
2819853948
2819786364
3959591532
3959546476
3959448316
3825215164
3825218988
3825343916
3770813612
3766619309
4036101311
4036101278
3501600910
1370956942
1102058638
1140067726
1127484830
36978590
36138906
36107914
52950730
52803402
53262106
19707178
19702826
19702826
57467962
24113166
24006670
7213118
7274862
16516078
14484142
9253566
10452638
60775050
46062281
45083592
49129928
40479048
36287496
36290568
36290616
36364585
36364649
36364795
57308619
23678367
6843821
6876589
7073725
7012255
7068575
6872063
15251951
11053551
279492845
279493101
279681404
275421501
288000061
321488957
304655423
304669743
304640046
304820270
304754734
275395182
350892622
346686991
480972299
481036811
481045019
212085307
149170713
148908555
191921947
189849883
458285339
457224491
457478635
465867177
465940909
457683389
457683359
419803583
423671214
406912426
415595002
415635770
415373627
416430393
426916633
443759368
443758344
441651977
440484619
436257274
436244906
436253610
457225130
163689386
142717370
142864826
411286971
411220473
415414569
416459065
953597705
2029434633
1769181705
1764983305
1765245465
1763030569
688238121
688257576
688331304
721821240
721819496
705040744
717619305
713490537
730140761
730079455
696263886
947922126
947977422
411088078
415348166
415479238
415471046
415471062
952351926
969063606
969063575
1807916437
1799458212
1782685092
1782824340
3926113748
3926114116
3926114100
3926046244
3993151012
3994457700
3994472164
4013281188
3979628452
3982773669
3982577077
3982707893
3990977783
4024532055
4024462359
4024559639
4007847959
4007848213
3957521173
3957578261
3916683797
3916560901
3895585301
3912362557
3912289839
3916451647
3950018366
1800493374
1809008702
1808881694
1775331350
1775495190
1758722071
1758656535
1775429717
1777518709
1811401205
1786104309
1785060341
1785199319
1785199199
1780865662
1780865662
1785821822
1785817854
1785818110
1810975230
1777420510
1777555614
1777559711
1777559996
1777433020
1802587068
1801542332
1801681556
1802730132
1802599124
1766877908
1766877941
1775364989
1754388767
1754396703
1758521359
1750132743
1744939015
1745090615
1745017894
1745079398
1816382694
1817398502
1825787062
1827883446
1685261238
1685277590
1701010070
1742822071
1742855093
1721884597
1721892692
1726082821
3881889541
3877695254
3877694774
3844209718
3844340006
2774718758
2917321254
2917354038
2917355094
2917228118
2917164631
2908776189
2908782588
2917191164
2850081148
2850146324
2842818580
2842814468
3950241812
3950177332
3941792820
3941780532
3941780500
3950172244
3950181205
1802754645
1798557269
1798557205
1785814837
1785752869
1785752621
1783659565
1785944189
1785878877
1786137437
1794591453
1794595535
1811380943
1760788447
1750170959
1750166879
1750297983
1758584173
1757499245
1757443711
1757439583
1749116639
1816227803
1816145307
1811950011
1816144059
1698773163
1740773547
646056378
646122890
578817418
578830218
583020170
583085818
847326810
848506378
850865930
313999114
330775822
27672334
32922383
66472799
47500271
47503855
47513071
39111903
39242958
54426766
1094610318
1082031518
1089362942
1089437694
11300863
11299835
11299833
11364824
15686648
7161832
2900972
19682156
2913060
2371844
2437380
2437392
6756112
6692400
15079953
15079937
15088129
15104515
15060675
31836035
65373587
1134919827
1134940338
1118302386
1118299298
3265750434
3265750434
3265619874
3265622962
3265614771
2192327587
2196558817
2188178405
2188157285
2188157229
3261965629
3270485277
3270491405
3287260189
1106025533
1092914221
1092979773
1093110815
1093057807
1395566350
305047054
305046030
841921038
842629910
842563878
840466726
638161958
642425895
642509925
642378853
659287157
793443421
793431109
776719445
776488167
776488167
776474087
776617335
692726621
684337741
684399117
684202509
751319581
751315517
801648173
784887341
784887661
650657791
642266527
1028142479
1007302030
1011488654
1019872910
1015746202
1015549610
1015810794
478416698
478641930
411463434
411559690
415624971
415542553
423931177
457488445
436582429
436640781
436395021
436392989
436458815
973337903
960755007
943912735
683841053
679583293
679525933
683720301
671137389
671137389
671135359
688109166
671265518
671347694
675369966
675353078
675361238
943862262
952250599
411180135
411244631
142809287
142751942
1216494022
1283590598
1283853702
1200948614
3267167638
3266134422
3266302390
3266286070
3266163171
3266097632
3266097632
3266098656
3270295012
3270286564
3261897956
1110293604
1378860132
1379839092
1377481733
839562245
906679301
638219285
654976053
604710197
604581677
608906799
617224943
613096110
545798846
814230174
814230158
831008398
298335902
294198934
294264470
25837206
10035095
12061591
15272855
15694725
15657925
32423877
1106091861
1135385893
3282877733
3287068461
3287132717
2209331773
2209200701
2209201725
2192424509
2192563757
2196733485
2188189679
2188183726
2188249262
2188249278
2188250270
3262067918
3257688270
3257753679
1110339599
1093562379
1076785419
1156477451
1152283163
1290696218
1290493466
1281903162
406354474
406350394
404236826
421014026
437792522
978915594
978911499
978124891
986468458
985981162
1002758634
969270762
969015291
943840219
943839993
943839864
944208472
944193048
960970520
956773688
956773416
956773432
960984072
961379609
961412479
1003353598
1003484635
1002960345
1003484633
995096057
961412601
944635385
944634233
944634153
944635195
944749834
961459466
961525514
994940762
994940922
994949034
1003337642
1003459002
1003459002
1003475386
1003352507
465860027
465911291
432487707
424032539
425081147
425081146
433405210
466957579
461639947
461652235
461734169
466465064
961324328
420261176
420264984
436843544
436842520
436973576
168439816
168439928
168440936
168442472
181017192
176818776
176822984
176822856
176901705
181109321
173769689
190415291
192524714
159101374
142316974
409570734
476678334
485071038
1021941950
1014607022
1010543790
1010543791
742253741
759033069
792165612
796281708
736512572
736578060
736459532
736439052
996485405
975449373
976498015
976695262
978722534
982929126
1050103542
1050135238
1068817095
1035266119
494200837
489114628
489098292
522652708
505888044
510602796
518987309
514793055
531453646
346904206
1420576398
1156337038
1155860638
1155872958
1152858286
1152461230
1152461486
1085287087
1101014701
1121985181
1122001612
1113629404
1113629304
308388360
308461320
828553224
539138056
539146248
539138056
539203592
606114824
606113848
606240808
740458536
740737064
673628456
694633961
761595839
744830910
744567742
744567486
745607870
751907486
751904410
747712154
747711162
1821457050
1821391498
2091920074
2108697163
1538271753
1541611273
1516308248
1516524856
1512366376
1512431917
1529324333
2067116845
961917565
945075199
676631546
675585530
671136250
1745074523
1762834779
1796388923
1779603515
1779682329
1779516441
1779630107
1779634491
705835307
735195947
1804808811
1804613371
1771054986
2071996298
2076194698
1539391418
1602436794
1602428570
1602443914
1568717450
1469102746
2005973691
2008062457
1726061644
1717669900
1646301212
572567608
589406248
589492264
589443112
589436968
589437736
593627688
564267560
564202008
597694984
597697032
581181960
586473992
844923432
843874600
839418920
302550141
302619902
302693558
302693558
369802422
910863766
919252630
932096646
1015982982
1015986318
1015978126
483375263
1007478957
1057810669
1042082028
1042214252
1046413100
1056951868
788370972
787463692
661569292
607030540
607029261
607094879
540003582
539970734
545201326
542980270
542386606
549727150
549731006
545594014
613882526
882327199
884747935
883435151
883435213
346563277
480780876
501756424
233321992
233336600
191458072
170486552
170621720
170621704
170621704
170490632
237625096
237618456
107725080
107659529
40554761
7000393
6996297
6996313
7061881
5886328
4772200
13170536
13148009
281582443
13147098
13417418
72138698
72138186
72201610
215856538
213890490
213906874
213837242
1285481915
1318478267
1314283963
1312190874
1311232410
1315017210
1323344746
1587586858
1570811691
2095102249
2087761945
741448712
674468872
691122200
707895336
707960937
775090281
1848774767
1846677743
1848774890
1869743082
1839335082
1822625466
2091982474
2108701323
2140154505
1603284616
1586507464
1324693320
1311049560
237257528
237793593
254566713
254633306
225273210
1299152874
1232961530
1241347930
1224561482
1219457882
1219457818
1219457851
1218917160
1235555112
1269109560
1256522520
1248266008
170199352
170137896
187967784
154953992
137980169
138004747
137987402
153715162
170492378
170623482
170570218
171614442
1257873642
1253614826
1253620970
1253685482
1253752058
3468328123
3468303529
3329887416
3257536408
3257536152
3278506632
3286895241
3253406349
3253295775
3253533370
3228363690
3224234394
3224365514
3228563658
3236813051
3236756969
3249339880
3282890216
1135407080
1139600360
1131403708
1127139740
1127106972
1093494972
19753469
19884543
19852159
3078686
1080745486
1089047054
1088990014
1088989486
1088989550
1089140958
1085950094
1086003350
1083713958
1085811109
1090075556
1089080212
1080756868
1080646348
1076427484
1076411004
1093253948
1110031165
1109961022
1114421310
1122801710
3270350894
3266287678
3266222110
3283004446
3232408862
3299521087
3702161981
3634987560
3639116072
3630739496
3626531896
2015967256
2017146920
2014980648
671754792
676014616
700982856
696791753
734532299
726143930
689447850
689447338
695932330
704320938
700128682
699997690
968433626
968572746
966404891
949693243
953707325
424180509
453565391
453763023
437188494
437253022
437055918
458027438
466416046
432927231
416142715
416243001
416250168
417032504
416901913
408517401
425413401
458940173
437966093
973862157
977859869
977859884
977861676
973634668
973700332
436952494
436886958
508239790
248060862
113777054
113793438
110680478
110885310
43777438
26916765
10135452
10205148
7966012
2657592
2989368
271427896
271427897
355313978
372156698
376875290
382175258
1183156250
1317386266
1317514266
1317446682
1585898526
1518789661
1502008604
1489423700
1481067348
1476676468
470026980
470092452
1007032996
1006971556
1006906020
1006922420
910490516
910547380
918853812
381982868
310687900
310753500
310818845
312391711
313428030
308987950
304793646
304797726
304797966
304797966
321538382
292243918
292096399
23660959
23673277
32193197
32193197
32062205
65616605
65616589
65616607
31996639
32008927
23686094
7031758
15289310
32070014
32057662
32057663
65616191
48830781
48839469
48773677
48966205
48904717
65686029
65784397
32099229
23710109
23697823
23697567
6920383
7051455
7059647
6924479
6924735
6941119
6941181
7203196
7137572
32303396
65824804
44836964
44906996
45029845
61541303
15338150
6953654
2759302
2759302
2693766
2636470
2911206
275540967
275573735
820837351
837590903
871143287
334278975
292139325
275362077
275494175
342605087
350992415
351009087
480999742
212478238
145370894
195700494
178922014
174789182
171463486
170448702
187234110
157874042
167294938
163428315
165524939
164601289
155688409
155684217
164093224
164095273
164094265
407367961
407359769
403690297
403690297
403699307
403701499
407747227
416136075
433036170
458161546
441376138
440910987
440747195
440754411
441802859
441934139
469201723
468808505
430994217
431026985
416314665
408182073
407197977
407329099
407837131
424623579
424622043
453972826
441389915
441389835
449778459
449081641
449078569
449111337
457571641
457695035
457563963
453369434
419821146
424015578
423995386
432387054
952611326
952612351
952350077
952341884
943824764
939630388
939769364
939785732
939982356
956710452
956710452
990852916
726480180
709702964
717829236
982201429
982070357
982006869
982006869
986201175
986201175
986217847
986307967
1003085183
1003085311
1003093503
961150463
961150847
961281919
961281887
961281911
969670007
969506167
969506167
1003060565
994786645
994785621
978008437
978008437
986282341
986274165
987257205
989419869
1006230877
997850461
997850493
964296173
964296175
964286975
964295678
962198526
962329566
961248222
961247702
969636310
969637334
969637335
969502197
969506292
1003216308
994835860
990640533
990501269
994695607
995744183
964286910
972683774
972814814
972810590
435944735
434765119
426376503
963213623
963344663
971733269
972773684
1006180660
1006319924
981154068
981154068
976960788
976969012
980965668
728267109
728254821
627964279
627964279
627964279
627964279
627964279
