1864743152
1865873504
1846736992
1859284256
4270982912
4275439168
4158064192
4118218320
4101310320
4109704928
4105666289
4122438593
3619123139
3600154002
3604282530
3595883682
3596604562
3598646402
3598642578
2000551347
2000444833
1999467937
2003531153
2011854224
1978348944
1978217616
1952984240
1416113633
1424698337
1961589491
1957382771
1957224051
1961420307
2087249683
2104026387
2137646387
2120875063
2129263671
2129258550
2121825318
2121890854
2117827638
2122218878
2122210782
2147442654
2147442574
2111692686
2106973854
2090335934
2107095799
2144705301
2136251148
2117376276
2117385268
2116348980
1982325780
909041717
909004853
925779444
896485268
812599984
820857520
820861584
820902784
888011648
888143184
905833489
930931761
909960225
909501491
907469874
907474226
911658546
2113391154
2092403318
1823836886
1823849158
2090707398
2090712262
4240299221
4236103844
4248625312
4281102496
4012724640
4012791456
3975044784
3970857616
4240407232
3166530128
3168561680
3176934160
3210489360
2673815088
2648577584
2648114720
2633238048
2633238048
2629111585
2629246835
2645909331
2679438802
2398420434
2390547954
2319308626
2319341123
2306762307
2289970771
2298296929
2297961191
2297961191
2298036183
2314943942
2314933718
2348291574
2347245030
2347253095
2347243565
2313762877
2313758749
2313759757
2313698333
2313690157
2296912941
2296908909
2313768317
2313770333
2305390045
2305422845
2305545727
2305422847
2305613307
2314001914
2297256442
2289006939
2289986911
2289495903
2356668239
2364925791
2365445503
2365572607
2365490646
2289997254
2290003330
2290072978
2284690866
2284293522
3441859970
3475158402
3459425666
3459426178
3325274002
1175562162
1175498162
1174449586
1174514834
100852930
369292482
370298962
370294835
387384355
389354803
359740723
357775123
533930499
533803539
529596945
528553493
528492085
494954093
499183596
364969896
364941192
297831048
331451016
323066553
306293433
306245307
307353275
307417770
846459834
309453242
1383133610
1399173358
1399169070
1365550127
1365567549
1407580188
1407612940
1122383884
1114519564
3261990940
3278769436
3249418524
3232637724
3232440876
3299353132
3299353196
2225608299
2225655530
2364051434
2372439418
2372517146
2406196506
3479937290
3463160074
3463029050
3458839594
3391849530
3392838666
3392841738
3390760970
1243507722
1260270606
1259733262
1259737866
1262883339
1271267865
1267009048
1266687544
1237352028
1229121484
1208154061
1208206287
1208337294
1212515262
1221048238
1221046190
1283960766
1288027551
1304726941
1196723612
1175753916
1175844028
370667700
387342500
353775860
353767540
341643301
341651749
343222055
351747607
368131591
533732887
533728790
512822806
176234015
192966399
461432751
427861935
432047039
432046527
465666495
440444335
440446127
436250797
503560381
503511260
503458012
370289812
387069332
890377141
810680997
814940837
814749367
277884599
277884599
277883575
298871526
326156262
325171062
291615510
291607318
291606806
292000022
291867966
862226494
845449262
304453695
304523277
304539661
304490573
304491740
304485884
325518844
291899389
283580413
279262975
279262847
279199263
279191071
283385391
283432495
283424559
283947838
284988222
276599102
830312766
861779262
844994622
843417663
839223357
839289868
839299148
839311372
839278600
856055832
805703800
541459817
541396329
549723515
549731675
546649418
617877834
888406346
878969674
878973530
887501418
883357290
884467322
901031627
1068803787
1054119883
1045795273
1041740120
974577976
974528808
974528808
974267688
995243320
944912184
416485176
412094264
411043352
411054936
142615384
142615416
142664552
159425384
192983912
192983400
176271720
176272744
176405611
176265322
180459626
172071018
168155226
453954634
453690698
453690186
990569290
991453530
991453546
974676330
976843114
976908650
981104490
989527930
989462362
980991867
980991995
981057529
712687513
721076108
1794817932
1811651468
1769577116
3896228500
3896162948
2822412996
2822412852
2821365284
2821447204
2888355364
2892516900
2808892964
2817281844
2800504612
2800486772
2800486772
2800556404
2800695796
2800564724
2800564724
2800687316
2800629972
2817407188
2779658452
2779723860
3031201908
3169606005
3169705301
3169777111
3169841654
2901205990
2943144894
2926367678
2854801854
2855001274
2854975674
3928914074
3946719386
3910543562
1750476874
1749429258
1757832202
675373066
675291146
675291194
675492906
675419438
700585838
734332782
734295502
734293454
692874702
693104126
734702318
730503854
714050494
718051726
718056582
709143750
709344469
709268592
721585184
721585184
771933216
773047328
772916320
771880432
772013552
776141808
777505457
785894067
785861330
803199682
802553543
794160839
794161111
1868033493
1868037460
1878510932
1878494580
1878376292
1819651940
1819651348
1819786500
1820171541
1820167463
1815993703
1815936999
1815932903
1815963559
1815958967
1820131775
1819607487
1828000190
1828008894
1828009982
3841277534
3836029534
3852806686
3886361374
3888086814
3887944974
3889972494
4158444303
4158644799
4160676477
4160681565
3086992989
3078473309
3178581628
3174399868
3157605724
3155508348
3159702652
3168081276
3184923932
3180798748
2643796532
2643747620
2643784484
3029652772
3029636453
3049561446
3083182070
3059189726
3059189726
3054936030
3057114590
3056990718
3057482222
3057613039
3061217407
3069578335
3064349711
4142882830
4134363166
4129808414
4129746958
4265006342
4269184822
4283799078
4258643750
3965037895
3967265861
3963063364
3963063380
3826763236
3826636516
3830736613
3973408486
3973523094
3973521046
4233367458
4250148322
4283710690
4283902018
4292226306
3600166146
3619561218
3619624706
3351197442
1170027794
1174152498
1172122930
1171922179
1171918593
1205538560
1205405264
1205367408
1205461584
1197208528
1333494736
1333495248
1332317392
1265212496
1273731152
199997520
191871025
460171313
455981107
993900582
975027238
973906982
705470510
705470574
722395247
688836863
671498493
671567341
675760877
700926701
734349935
713423478
713353814
717548998
717611150
726069390
688308366
738705567
739624367
739576491
741542569
745605801
753994409
748690091
748695211
1822451451
1822483019
1826677515
1843437883
1877062955
1860222265
3865098505
3866147080
3862165784
3799153448
3799128616
3797032492
3797026348
3797026396
3805480540
3822392957
3788785429
3785149717
2694614036
2693564692
2697763332
2706151940
2735512068
2735529716
2718957284
2723083937
2749330851
2751283362
2747220150
2750312598
2716754142
2986304542
2977922078
2961127438
4030671110
4030605574
3565038850
1417553170
1560215602
1556021266
1488912578
1488852162
435567810
183974978
183834691
183842819
181681171
173026613
171992421
440459749
448848301
448848301
985702829
977314237
977318313
960606633
939635625
939898537
939900649
944224889
945142297
945142281
408287753
410476299
427181386
1534476634
1525825786
1521635550
1538408670
1234387446
1217459686
1220568422
1220570470
1220570998
1221736263
1238505287
1330775301
1313998097
240125216
508572704
508568612
508568628
374351124
376517940
376702244
310117732
309071213
845680109
862461437
862656989
862665183
870914559
870914559
870848991
862805983
862937055
862937055
862813695
863796719
863796719
863894007
829397494
829397462
862820822
862820854
595442166
594913782
603302102
603306134
603437206
602380438
593934486
1663482034
1663483042
1663483106
1664527586
1664527714
1668737379
1635187155
1635219923
1634105843
1634089121
1634080945
1634090385
1634155923
1675968419
1675972323
1671782129
1940220609
1944349377
1936026561
1936161216
1931942352
1902583792
1902589680
1910716144
1910584032
1910518368
1910518320
1902125584
1398809348
1398809349
299971343
1357068047
1357003551
1356995357
1424165661
1419987741
1421331213
1425310989
1425310029
1475379661
1449296077
1449300189
1450357997
1446227429
1980870567
1980805031
1980886687
1980978846
1913849774
1913657262
1913664942
1918047662
1928474766
1924538566
1924604118
1386705142
330155478
300801478
284024262
275634518
275634487
292510007
321861927
304950567
308882471
308882551
317406679
334175639
283844495
283709069
283844253
279648925
279661213
279464701
279505517
283700079
334014767
308853870
845913342
845847806
862625274
862625274
829066715
325766617
326106441
309095704
304885048
321666856
292437560
284048953
279852635
279590618
279525082
279459802
283670490
292085243
325897721
325895673
321779017
321839433
288285769
321844235
321903674
325966122
309164394
317545851
317676891
334452555
334419787
326095707
292418425
292418345
292549433
292549432
284152120
283758904
283770168
15333688
15595832
16767865
16702411
33488330
66908618
41730379
39682937
41923368
293577256
276669992
276806184
1350482488
1366797144
1408600441
1383439626
1377141002
1379238666
1379308346
1379328814
1396105518
1400370214
1476185126
3619540021
3602828288
3602836928
3602835328
3606963120
3615286192
3564458928
3572974225
3568764594
3568634530
3505404578
3495963298
1344285666
1344286658
1361192258
1398939650
333578243
317718547
317775891
309370935
326148119
24154391
1217799
5409031
1079150855
1087817991
1154939207
1157003735
1174305671
1593640583
1591476919
1587286711
1587352503
1591685606
1314660390
1245454374
1245455398
3409731870
3378045198
3386417930
3382285066
3381170649
3448290776
3448281240
3482896616
3487291880
3346975336
3610676776
3577127433
4113801739
4078024473
4061436985
4060387385
1912907805
1912908237
1913124748
1929773709
1896219279
1892549294
1889407662
1620841966
1620849774
1906062350
1935417358
1931239435
1897914377
806277401
806278713
1884219961
1892674299
831322811
852282011
843368842
839208074
839262346
839258266
302383290
273023422
276956158
278020662
1351676706
1353753890
1358212386
1358212386
1356115250
1356832562
3521023603
3554318273
3598362560
3593135552
3593149920
4264106400
2121079264
2122062309
2144615781
2111059327
2089885983
2096177982
485569342
475026190
475058958
473998094
474004750
138647646
230856782
1304598734
1606605006
1585859742
1452163471
1453212044
1608147928
1608245992
1566106408
1545135916
1545137964
1561897261
1595648318
1595586830
1578814734
1583023374
1591411662
1603928726
1553601207
1553605281
1289233057
1280844705
1276928929
1280106913
1573302721
394690884
394444036
377727252
373405988
302037028
303405108
840338628
840336516
840352900
840352925
857099709
829882021
821489381
1890973217
1890906641
1911873809
1886691377
4030505265
4030653217
4034848289
4110339585
4104014401
4122938051
3556575923
3538688930
1383868838
1383868582
1929129126
1927095462
1381306558
290717838
273940878
276173199
279323470
10757950
10496810
10545962
10550058
10869050
1134991626
1135518986
1136570634
3284041998
3282015038
3248010094
3248007150
3246979054
2173227950
2173354958
2156840718
2162085655
2164054823
2163010343
2154621735
2171464471
2188279559
2188263687
2196635911
2196570165
2197557348
3260822628
3277593700
3238992212
1074780484
1074642884
1343209364
1359853460
1896658868
588027572
571252380
570728077
570728335
570530974
637777070
1711469742
1728210094
1677880490
1824714234
3969051354
3969100490
3968903886
3968903886
3985685071
4023425548
3994062364
3996161596
3929257516
3928159788
2871195172
2837632548
2821932837
2825965414
2823871846
2832268646
2849045814
2878405910
2878383375
2849089308
2849240892
2824011580
2836651900
2905852284
2905725420
2939279596
2935474413
2931281023
2947990559
2918633487
3982909455
3979747535
3979813279
3963036605
3963028141
3832742569
3841131193
3837067928
3837017672
4105447944
3031705864
2493786120
2493786120
2242242568
2242348040
2511306761
2545779051
2545717738
3065811434
3067970730
2786954410
2786958574
2786573422
2786500622
2920718350
4013351198
3979764334
3962647279
3962573551
3966767787
3964666537
3838844857
3834722809
4103158040
3031636232
2494773512
2511677704
2259954952
2260001032
2260042504
2190967800
2191360937
2526839727
2531037614
3059519918
3072112046
2803217838
2803348990
2805380366
2771823882
2905779482
4012027179
4011977769
4011973673
4012956985
4012954937
4017213289
4016295785
3982741483
4024553467
4024500219
4016104827
4016301439
4016227679
4017275999
1836307551
1836117111
1836117223
1869740263
1852033527
1860422015
1860553087
1717893503
1717692799
1717824351
1700977503
1684261663
1685311263
1685192031
1685122431
1685122559
1692654079
1709689343
1743244285
1735773149
1735781085
1735518941
3883137789
4017213309
3982544249
3982554235
3982550271
3982713343
3965874679
3974251351
1818444375
1818313525
1818260789
1826647357
3974195516
3991034140
4007807240
4008069385
3999791433
3999591241
3999595497
4007971563
3873820395
3873818330
3865367498
3865375690
4016431466
3882279274
3849769322
3833060478
3832933503
3832867071
3832932607
3831974399
3857074687
1701267935
1701174782
1634003839
1633807231
1633938207
3816016671
3816148255
3813987677
3864323421
3864388093
3866556409
3874934457
3891776185
3857828537
3838900953
3830476761
3830474073
3964761177
3964752923
3966856219
3983632491
3983731051
3991337978
3991325403
3974614731
3975530059
3967078987
3967083274
3979731770
3979797290
4013310762
4016522618
3999550554
4016068826
4024531194
3991099898
3992083450
3992091614
3925311438
3958662606
3958662622
3956630015
3948282111
3948282071
4015395991
3981780151
1836328101
1840526501
1706366373
1704398228
1687432644
1682188736
1677994304
1679174432
1616263712
1622542865
1623068161
1639712321
1671173827
1922828019
1921779426
1921865378
1938056866
1942284226
1942284230
1942267222
1673899318
1665511191
1665515285
1665654548
1627913524
1627913588
1627749844
1610948084
537337340
541462013
566626815
562433527
596058102
595935190
600057814
591685574
591685590
591722486
591775734
600100854
600625142
600702327
600829303
835710325
835710229
835706133
827313429
827317557
860880151
1934093663
1934028127
1934016511
1934594031
1741529007
1707917245
1703198685
3854867917
3880031709
3875911165
3875714543
3876763631
4010996462
4010992302
3977503407
3977503657
3983660521
3983594713
3983602889
1836117081
1869737241
1869806875
1836244235
1830931722
1830845786
1830825450
1832066282
1836256490
804457962
804461882
800267546
800136986
800073483
800072456
766518040
766583320
766652936
766718728
635701004
896274228
627964279
627964279
627964279
627964279
627964279
627947895
1030601079
963492342
426621430
460175798
426621366
493730486
493469366
1017495218
1017231027
1017231025
1034007729
1869788323
1846719655
1845667015
2113971271
1845601350
1862466766
1728216542
1695682030
1700137902
4124380074
4120128426
4254345882
4254145482
3717204299
3717205259
3723767101
3749013309
3488604724
3736056368
2661921329
2661855793
2666051361
3123228001
3141176241
3106572929
3089795648
3093989888
3094071808
3156757024
3156748832
3156749860
2754219372
2783579309
2779385019
2712210619
2980580523
3014138011
3014142094
3555207310
3509069966
1361787310
1361972654
1428559054
1965171790
929243151
920745277
916520221
1050721039
1055177487
1055173407
1055243039
1038597407
1013364015
1009168687
2083947519
2084996751
1950400143
1413540511
1430264494
1472273070
1455561134
1456618734
3604100334
3606511630
1471938574
1168900366
1152123691
1152335148
1156000044
1277458732
1277480204
473015564
521314568
521314568
521310473
524518410
524335146
490776618
469825578
469825582
469956046
348320654
1417859726
1434895023
1434747567
1199867575
1195884487
1325838087
1313320726
3738479911
3736511797
4273386516
4272327740
4268591932
4265384508
4181633556
3963530756
3963007492
3962945805
3827581167
3827564718
3827577006
3831890094
3974496390
3835823758
3836811934
4103088894
4103088670
3033803278
2540972558
2523274831
2532188749
2528002765
2527969765
2678899173
2678641125
2649285925
2670259459
2670373123
3727337539
3727338707
3731547379
4268410243
4282302851
3711877783
4229784311
4229177959
4229177903
4099154735
1962357039
4106101039
4106051641
4122801160
4126997512
4145993736
4061825096
4060776840
4064905608
4065120136
3544973960
3512472203
3495821994
3506312106
3568705966
3585351854
3618906182
3336840198
3336856582
3333221653
3333221173
3337202225
3345594929
3429600771
3425340930
3429547522
3697976834
3429482274
3429415970
3723082787
3597327425
3593342144
3593340032
3324641408
3324641696
3333038752
3333169830
3334221550
3350997546
3308792330
3292019214
1144678918
1085990401
1086034496
1085833856
1085833888
3229124256
3292236704
3527314337
3525745025
3525486913
3529680897
3533737984
4074827812
4062191660
4062191917
4079358763
4033218154
1894125166
1353124462
1352940102
301214658
53750722
18098562
478595
4539795
4669843
4637059
4649347
7774595
6726081
6664689
6599025
56930593
48542001
40211761
40230196
39876925
39906105
39906105
48363803
44423451
44354970
45925530
45928634
45666474
49955002
20582554
3809690
3810286
2974502
2908966
7103271
15484695
11299077
15661317
7272903
120510854
1177455494
1177389958
1449428886
1457820670
4137984814
4137984558
4137984555
4137984553
3065291304
3207893544
3173319149
3173449961
3156607147
3160806571
3168934122
3047299274
4138015562
4137949771
4137970377
3601641160
3735856008
1588372360
1563202488
1546633964
1547618092
1546570020
1546017077
1550592278
2095852806
1995055366
1458189062
1453999062
1454917542
1452830639
1452813740
385363084
387570828
320525469
1343918165
1343919127
1344115986
810910994
821529858
817274115
867612928
855021760
909564032
909528192
909247664
1043468449
1041309859
1058022306
1037050534
1032856174
1018176014
1017143823
882959885
346352136
364165688
393521448
374704441
1449048075
1446943755
1463713866
1346273358
1346273630
1415557743
1422697005
1418502701
1422710317
1413761596
1426459141
1461074453
1579035431
1585387814
1593312310
1593311238
1593311430
510271622
506077318
220865975
209338273
486214576
486018976
351799200
351822756
351855588
368030677
367376327
393252163
393321746
374451250
391226418
1465038083
1473417475
1475773185
1475118629
1466494501
1466624565
1466587653
1434077911
1566263959
1415257750
1415250822
1415512455
1417626055
1426047013
1421664292
1557962784
1549575200
1427942448
1460448560
1447986481
1456129287
1456095686
1447707078
1461349846
1562012534
1551555446
1559989106
2025437538
2041097591
2108204359
2146013255
2133754053
2133229713
1864822945
1864577185
1731211429
1695821223
1707354797
1703160557
1736776441
1669676761
1671177929
1654399561
1925722955
852050267
852017499
869056795
869123339
827229451
809938250
1879485786
1342683514
1414383994
1414318586
1431162058
1431235790
1439589598
1435398398
1436512767
3617485308
3617481676
3621675740
3613226740
3613158052
1365011364
1363962276
1347168420
1347224725
1364590725
1364595079
1398174103
1393742335
1379004783
3529550126
3529811982
3538200590
3554981950
3555039546
3618013722
3618537995
3618537993
2512290361
3183321448
3052711976
3040118824
3023341673
3023542491
3174475915
3174493066
3178655374
3176465038
3210019470
3176608478
2639733294
2650612270
2633770790
2561424694
2561162262
2578004022
3685300278
3686348822
3401063445
3396863060
1243366612
1243500740
1510396292
437183124
437052068
990701228
969729773
969727711
407563855
407562063
408605471
408670526
425325950
432930042
1003337882
1003272379
1003272361
1003456920
2102304136
2102310792
2098102920
2098189048
1998353000
926687784
909386537
930558249
1970680107
1962291259
1423389723
278870299
278739210
282855690
31198026
60426954
43650698
45810570
45924779
47689897
319201451
856137899
855941295
587506095
591439343
591439150
575841294
571638815
573961279
1647517758
1932665902
1932669998
1903306094
1894911998
1890720458
1888885450
1352014410
1352407627
1369197080
1385748008
1392026408
1379447096
1377337640
370774120
286954728
806018232
806014105
877381785
877382072
877366184
937012968
1994237548
1994171932
920433933
316462093
307547151
307697774
307632366
1367215599
1367214015
1373504223
1348403791
1350304269
276063757
74837517
16580109
16535087
14437935
13387309
72270845
1431213967
1439606671
1573891471
2144115102
2135730414
2118953070
4010784795
3877542923
3846079497
3778527257
3761652025
3761648233
3761640171
3790935790
3014925934
3014924846
2997107502
2477013022
2444508174
2159295502
2157782030
3230467342
3230648125
3248287532
3265043820
3271330284
3257698796
1110284780
1111488748
1109326332
319744204
319745100
856677709
860736895
332258686
332201470
298696090
290439066
1347394458
1347394458
1367972506
1468776091
1451999133
1451868092
1451799980
1456009388
1443389612
1428037805
1411265773
1410735167
1410730254
1345657102
1349790478
1358227982
1372968510
1402962494
1369408015
1368097295
1367900765
1166583149
1170786412
1162463277
1124689957
1124739127
1125791751
52043015
58328839
66781751
66789943
335226421
333129237
333018901
331896613
315151725
306767213
307021177
856655705
839878648
844074936
860725176
860732856
827178940
818397084
818338460
818371212
818354767
818354990
868695342
861220142
844442670
844440606
844371214
860620046
827081994
827280730
835681642
835419514
835287547
835222009
835312121
835443160
860618201
860468697
826914265
827045881
827037689
810393593
810343417
810417129
835681145
835599225
331758873
323431737
323314991
289727855
272945622
273121734
273056194
273651154
273530098
281655506
332069058
315258947
306845761
306845952
306851120
307896864
307831349
324612631
289935958
273171326
281854958
281597418
298383850
294173162
327727354
310941947
315333065
315266376
307929416
305832280
305901912
303692920
302536936
302516457
319491577
285881801
273294025
282731225
281752313
281548521
281808491
281808747
298613547
332359995
332261663
332200223
323865887
290311487
290442557
290381149
290348381
290413917
290282877
290200877
273435949
273636157
281967453
298805855
298646143
298638331
332188666
323870682
307232218
307232222
307224062
306699646
306572671
306572639
323480927
323480927
289865181
273055193
273054105
273119640
273504696
273500600
273505720
273546745
289734521
298123065
314947385
314947391
314941757
314941501
306556989
38122620
34446588
17668252
968844
416141
4607886
79906494
75584166
1149264614
1149264486
1153458982
1153491750
1153753374
1153946942
1149717791
1151224591
3315526415
3321822046
3320805886
3354164734
1206679007
1114423775
1114554879
1115599229
1392419684
1392419364
1381868324
1377609076
1377613300
1376552101
1913423021
1913441455
1912999342
852376494
848182191
1921925103
1921918765
1944002863
1897668895
1880908043
807396107
811583242
818466682
281594362
298371290
323508314
323640410
306847050
307898186
385492570
385564379
398015161
362289832
345508792
349900680
337257352
337585048
336950200
336909160
342934316
367035693
396405029
383822133
107018549
238106645
219362629
202518785
206705409
215139077
483560997
479234593
1020308256
802269440
777172992
1850903552
1778548992
1778418468
1778426404
3925910052
3926123044
3926028900
3930198503
4022403310
3975938222
3840409770
3840545978
3836360842
3836361610
3836443355
1957227225
1975036621
2012786381
1933288325
1933214087
1899643030
1883181218
1883124898
1882074274
1907244194
1924009346
1924010434
1923883330
1990992722
380379744
380379748
883698220
887884408
875825864
338963400
336865608
387142921
917651723
915587338
378789899
382787625
391159848
336639016
268671272
268606264
272861721
1346472585
1355123339
1372560010
332067466
1390023306
1390023306
1387934394
1387930031
1391993253
1399333093
1898737717
1881975812
1881975812
1898752260
1902484228
1910938164
1944501812
4067862068
4065690164
4064641588
4065763869
4067844382
4067695662
4045674542
2955806830
4029552782
3563989390
3568709518
3566473866
3566518922
3498345163
4035224396
4035224364
4040469036
4028406308
4028402212
4047473172
4080953860
1916678853
1920860806
1929248934
1924399270
1907626158
1888760046
1892955150
1893165070
1893181454
1347725854
1356115470
1398117902
1381401102
1376158286
1376617086
1376556590
4073502252
4070548780
4070482988
4072580140
4135563548
3056529932
3190743564
3727558221
3660384874
2603354218
2615949418
2611492970
2577939562
2561290250
2292854794
2361004811
2361156139
2359091821
2374804197
2412291792
2395778976
2387446176
2383382688
2400880800
2400897232
2367314240
2350525185
2353671683
2357735010
2357733090
2358781862
2375557542
2411201702
2411217078
2415456390
3480002695
3710169293
3711336508
4247948300
3977422860
3977422860
1828956172
1694669084
1694599484
1661046284
1661109836
1645658876
1645617836
3795264173
3799266221
3806598319
3807120575
3786217663
3769579711
3769515471
3770564111
1622939151
1627141646
1618748974
1618751278
1644047406
1639855150
1637680382
1670136974
579708046
583906447
574991759
574993567
574985341
570527805
570544153
570568713
570564617
554839067
538073899
548850219
1622575707
1623034569
1622970057
1622979144
1616679480
1612247672
1628074603
1628054250
3809095402
3814337002
3801663722
3803760874
3801660506
3800605706
1653121035
1653112840
1644920888
1711992876
1711960172
1712992484
1715085476
1735012789
636096903
615121295
616174477
884679304
884549256
347613784
280504872
280504872
280504888
280549896
279742985
300713737
309166345
305103741
841908956
841921220
842969940
1648133408
1645780000
1645787172
3793595492
3776880869
3762217175
3762160014
3828220810
1680671402
1680609962
1617705706
3773577962
3819715322
3802933659
1655466123
1655466123
1659138187
1663304074
1965425546
1948652266
1953899050
1958093614
2092182822
2092181542
4237569086
3699653901
3716431116
3448206892
3448140332
3448197692
3452191276
3452199464
1220829704
1283842587
1284499242
1288681770
3305998378
3592194090
3525150746
3525216330
3527321674
3527324107
3531506377
3555365513
3518689947
3518640811
3503956910
3503825318
2421958886
2422020343
2417891415
2416916549
3490457924
3494653252
3503040324
1082984132
1082857109
1083129527
1082997414
1082928038
1078733222
1074007462
1090998418
1090969730
450626
434178
1548547
3456291
7637026
16091170
16156690
30837763
309758979
305574915
372218899
376421409
913291553
1988081957
1983896885
1983730965
1983652149
926688037
1679237679
1683366447
1691816495
1686393391
1619326509
3766789661
3766789645
4056196685
4081353413
4077224693
4077896445
4081996781
4123932143
4153284847
4136507518
3733878878
3734923295
3730827279
3726500879
3726413903
3726635213
3709792461
3696648381
3701367213
3701469871
3700945583
4237614767
3033844399
3021261503
3021249182
4028414878
4045384590
4083043982
4066247310
4064154318
1916670686
1919750511
1944854573
2007769132
1973694520
2012489736
913631240
911583500
911182140
911051036
2118748172
1577620492
1579122700
1579073612
1595810188
1549410988
1552557733
1418337958
1418399398
1955335846
3499888046
3497790638
1346141342
1346137166
1345285134
1344695566
1344696078
1348669246
1373835070
1374097214
1371495742
1369300254
1351141390
1351190749
1351325852
1351335324
3491343748
3491479428
3491409540
3490360980
1359997604
1393392288
1388777120
1388711568
1389499008
1390551683
1390420450
1390420198
1382080550
1377940542
1361296414
1361229838
1361229838
1361287174
1394915605
4079266085
4062559508
4079977748
4079912468
4051601093
4041130629
4041097863
4038935206
4038882214
4038877350
4043071590
4034671654
3493600310
3493792774
3492690950
3496897798
3505315334
3589196294
3622799878
4159544006
3065879238
2529005239
2996605605
3000824484
2992394932
2990355124
3007193828
4085129956
4059375397
4055106863
4087612462
4091835454
4079345674
4080444426
4044860427
4043672011
4031679163
4040071867
2966338235
2514026139
2549625546
2532049178
2532184106
2549030954
2511085610
2494505002
2494181662
2495230798
2226680566
2159596209
3229124480
3224928640
3224998016
3239813312
1125818564
1176395860
1461595335
1461586118
1431702406
1435835046
1435794094
1434778286
1451266701
4270887560
3734147724
3729961708
3727794732
3744509476
4279298596
4245711364
4245831173
4115805735
4124186086
4119987430
4120118438
4153674902
3619956870
3527698566
1380248782
1380425807
1380417566
1397129498
1398182171
1398186299
1465365819
2002106666
1996863786
1997506874
1997523418
1963805130
1428035530
1411257291
1417544411
1421746921
1421681261
1419519853
1418489709
1435265989
1473183685
1397671317
1397670295
1397146007
1405534615
1371887094
1371856359
1405410663
1398140215
1394011479
1377232199
1376253383
1376253399
323343862
860149678
868534190
851759038
843534238
843479710
843459518
844966830
861875647
291384783
293475535
285148365
283903485
283932141
283961325
820834285
822062813
838710877
301839165
301847341
292409661
275632445
271413533
271545629
271478040
275708184
284609305
282512153
327457611
314882383
306678094
38243342
33920046
302886950
1377738806
1109303302
3256803586
3330167570
3330146866
3447396082
3438876386
3434682018
3434624690
3434624947
3434886561
3434898592
3434407072
3424944288
3442508160
1192399300
1460843332
1459807052
386066380
356704252
356686328
356686248
1967163832
1900054664
1933740232
1926466568
1926271033
1987092521
4129333293
4129464367
4129480991
4112663087
4100325933
3031895597
3031702127
3031726703
3032246991
2491183054
2491174350
2491207118
2499792574
2516506342
3607061222
3598541766
3593228359
3592798295
3592802407
3592842342
3598084166
3612801350
3621247462
3621058022
3587469510
3579072710
1414987974
1414927735
3570822497
3566561632
3700714464
3707004896
3698606785
3716104897
3745411779
3726517954
1444822722
1448808002
1459162850
1454914979
2006461601
1972905124
1959290036
1682482308
1695065476
1695526532
621199028
554143461
587304551
587451942
571682342
573779246
577845294
601955374
598805550
599067694
597099534
864969742
869258510
869256990
869135742
332187007
331989373
298504668
281735628
273310668
273645532
273677244
273410988
273279917
290220989
391007119
373739146
373458826
910276523
1983948267
1715511657
1858117929
4006650169
3998261565
3998261293
3994072109
2920330285
3204707623
3171046759
3025278439
3033663463
3031568359
3031698022
2426739254
2443516438
2209626886
2213817094
2213883142
2209686534
2207577142
2207548455
2275181879
2279376343
2279376279
2673706933
2675810213
2671098541
2603989661
3140991645
3207756445
3174181805
3174181293
3172084143
3176213935
3183492511
3179292047
2642421199
2642421071
2642437389
2239820829
2239814717
2173827373
2173819181
2177977127
2171931431
2172062246
2167802422
2167814710
2165717814
2170498326
2169253142
2177694982
2173472003
2173537601
2173535697
2207028640
2546767264
2521603488
2517606324
2517547924
3054418564
3071191685
3070684069
3037080485
2969971109
2973973933
2983402941
2979214749
2979079613
2979020253
2442140749
2448431119
2448439327
2180065311
2179148062
2174957838
2175999774
2209553982
2175868454
2178158134
2169786134
2169785094
2169359174
2169494471
2177813445
2177883028
2177883060
2169355156
2202909588
2202909620
2210770852
2210902005
2210899863
2210903463
2480256167
2471793830
2467665046
4080385159
4046908605
4046907628
4046908396
3812027004
3795253772
1648123404
1648131596
1916558860
1914625581
1927175716
4070460964
4052577792
4039962368
4041073920
4032811328
4032807760
4041130960
4041130945
4043232147
4060083186
2994503650
2993454066
4062984822
4067244662
4067175214
4067698986
4076083242
4073985082
4057739274
3499962378
3502190666
3502059774
1086136550
1084062950
3230517494
3230501062
3263596742
3263597830
3267804422
3259410179
3272975971
3239341671
2149330533
2153514869
2178811253
2190884965
2190897191
2190991413
2189742133
2189721893
2193930023
2185539391
2202331519
2198616542
2198800798
2198735262
2202930574
2177762702
2156802462
2157191614
2161386943
2152754607
2150694319
2150669823
2184422879
2188551439
2194841863
3270681607
3262485541
3262415909
3261893668
3261766932
3278538052
3240789892
3225060228
3225059716
3222975876
3222924676
3221813733
3221801253
3244083501
3271448879
2192468231
2192533255
3265880647
3265950407
3287958199
3244245679
2169258926
2165077166
2170319974
2170315782
2170381318
2169988102
2153209110
2153171254
2157365782
2157857286
2157861382
2176731654
2180894214
2214381175
2189218423
2189283959
2197721911
2197721447
2197599713
2482810849
2482810596
2482813604
2474412692
2470222516
2470288036
3007151012
3007258021
3006148773
2955813029
2960007333
2964205732
2428371124
3501982916
3505141765
3228329989
3224152071
3241125895
3261507846
3269893894
2191950342
2464645654
2465497638
2197074726
2197070630
2196038454
2187600183
2183602469
2166751525
2151547188
2155741292
2159936620
3233613880
3233560584
3237226504
3222599944
3239500041
3273562890
3256858378
3256660794
3260846378
3533672746
3533607215
4069437741
4069306725
3805058404
2739706340
2735512564
2702023620
2702088900
2702098421
2702110693
2702058981
2703042023
2690387431
2700938726
2696809846
2696812886
2694609238
2694637782
2693589190
2714565767
2739788935
3808842903
4077262007
4043714723
4026938531
4031135139
4040506323
3772082771
3768052273
3770133041
2696395265
2734004737
2725752321
2988945921
3056058899
2787590947
2787447074
2793152994
2734425254
2713454766
2713389242
2713328026
2979600778
2978487242
2445818698
2445815051
3511233803
3544722459
3511430171
3511422221
3511568333
3519989404
3515791036
3515655820
3519856268
3243018908
3238841004
3238906604
3272538660
3238947364
3226365493
3234817809
3231654659
3230597377
3230532881
3230599201
3284928608
1112479840
1112422400
1112422401
1120812034
1112502354
1129247218
1091482102
3222049190
3222050214
3225984422
3230178198
3230243782
3230317399
2156591383
2173331735
2211081527
2194301235
2211082515
2211107123
2177487331
2177406437
2177407413
2210961796
2185923204
2186205844
2181988020
2181899956
2181902980
2203006661
2177776757
2177837093
2177644583
2169264179
2202826754
2202790914
2211116290
2211075346
2211061026
2211069234
2177513730
2177505538
2156529970
2156404003
2157712737
2157762017
2164044197
2164036517
2180813741
2246874028
2221773228
2221257144
2221389240
2217196984
2217131512
3292446488
3290344968
3558796808
3692981773
1545498381
1545498383
1545534766
2043608430
2072495438
2055521230
2055717446
1518785095
1539760759
1497719525
1476665829
1476666597
1476668645
1480931573
415643845
415643845
415635909
415633221
432277061
197407493
189014789
172356375
172405527
440841811
508018419
508346273
508346272
1053601184
1993129888
1993193104
1917761168
1917761248
1913642721
1913392867
1930235618
1930301170
1900944786
1909333138
1905007778
1905032355
1636629745
1636612293
1640999109
3788421447
3813587735
3813653303
3792542518
2718800662
2718808854
2718955814
2719890726
2992520486
3000909094
2998869030
3015443494
3015443766
2980005206
3012419014
3012337030
3012344199
3016538245
2739910788
2802817156
2769197524
2769199060
2768942964
2770002532
2770002540
2805817900
2805753388
2809932588
2793175868
2799663900
2799581469
2732398879
2732334094
3806072846
3806134302
3805937774
4081718134
4048171718
4031394502
4031322871
4039645943
3565689799
3565697223
3565889735
3583730887
3348852935
3350941895
3355165143
3311006695
3305694183
3305693671
3343443303
3335124295
3268138245
3268068621
3259747612
3255552316
3272211244
3339577917
3327093341
3335214671
3336241742
3336242126
3336241390
3335004334
3351781550
3251578030
3235789214
3235863439
3227286157
3222076041
3222142601
3238848459
3276596507
3284952362
3286005038
3254637871
2159973183
2159973151
2426372917
2426177316
2966196004
2966194532
2957806069
2970392949
2735585653
3004152631
3004104502
2987274022
3054382886
3055435046
3067874598
3065514342
3082488182
3082435926
2543463750
2543332679
2274897089
2279374017
2270972097
2233288913
2216646897
2148432369
2152623825
2161045201
2156850832
2156699312
2173472432
2479656624
2472316848
2468187569
3005193713
3005135345
3005134963
2735716371
3775244311
3775245367
3775310903
3842419829
3825644903
2752960231
2752761575
2891013870
2890956526
2890952366
2890952382
2916183806
2916441822
2916404958
2947603803
2947603545
2951805976
2951867448
2951932984
2943544632
2939354408
2905800488
2905800504
2906127673
2889211193
2888158521
2909130043
2909261179
2909227003
2909231099
2942785531
2942662587
2942598555
2942327195
2950748571
2917390843
2917399033
2917400025
2918444376
2909924696
2943446360
2809358840
2809354744
2809334200
2749829048
2716278680
2716278456
2712082108
2712475308
2712411820
2745966527
2745974206
2745970110
2716609982
2708289982
2708412606
2708342974
3782097054
3781650574
3823463630
3823494222
3823608846
3823477775
3815023887
3781469453
3777342733
3777469759
3777400111
3777416495
3781578030
3781561646
3781631278
3781508414
3790028606
3789954878
3770093343
3769966111
3786686031
3784599503
3788797903
3789346767
3813466079
3808812541
3808777717
3808761207
3812962615
4048892214
4040569126
4040581414
4036388134
4053563654
1938606342
1384957958
1389283350
1380875266
1108221954
1109274626
1193148422
1159594006
1157236258
3300596322
3300596338
3434732098
3450378946
3483934402
3332936323
3337138576
3605762192
3530469552
3542986912
3492590752
1345158304
1882070432
1882078624
1882072740
1886201508
816587364
816591360
817637121
884745473
352072977
343672081
339085057
357959425
491918868
1607562804
1603528212
1585626628
1585552900
3732971124
3732973292
3732972204
3732988604
3615642268
3586261675
3519414954
3495166890
3497787562
1349260458
1349270714
1345136858
1345317066
808430794
808299722
539528266
543720714
543788571
1634307643
1647289899
1647224362
1647223322
3794702874
3794698794
3794653739
3794547499
3794534703
3798730023
3815572771
1642991971
1642999923
1623011443
817631315
817762499
280891587
12464323
12465347
12458050
11352146
1106114902
1122826582
1118615894
1118616062
1118617086
1118614010
1119654379
1119654123
1119662313
1392292073
1379709033
1914483820
1896856684
1628354684
554629188
554581076
588135780
588136292
588193524
592256756
563027636
562895541
546052736
546052737
545536641
612383361
616643201
885209729
1036204675
1027747731
499265427
499263379
432088466
415247746
415268226
432077202
432077714
465599474
449919858
449985299
449984771
443694339
175322419
175125539
443563297
458259747
458250739
197253587
197384595
197319043
188930433
188938625
188938689
188869105
155253089
156277091
139573619
139573619
139574579
139574578
139697490
139640130
156417346
223526338
257072578
257072450
521313602
504597842
1582407010
1582346083
1590928993
1582495441
1599233745
1460887265
1460673505
1431648416
1574246577
1557596289
485701825
477179329
477310801
473110051
489756195
493885219
502280482
430989618
464576530
464560178
466662770
466656754
1002543602
2143525299
2143533521
2135079361
2135071168
2131926848
2098372464
4245935904
4231264049
4231198515
3832780579
3841181538
3855730034
3855668546
3889210642
3864110386
3864196386
3864184098
3881028658
3881032759
3847616567
3847608373
3830963285
3831483461
3848262869
3848139237
3856527845
3856617959
3848164695
3847640391
3847716183
3983900151
3992288743
4025819127
4021632981
4023746501
4023480021
4023482069
4023513717
4023513909
4023513909
4023513909
4023513367
3981567255
3981566999
3976227862
3959504118
3959561718
4232449718
4240836279
4236706519
4236575447
4236522183
4236519239
4253377879
4254432343
4288117846
4292336710
4275559494
4267693270
4267037174
4283814887
4283814903
4282770367
4249215903
4114998711
4114939319
4114669479
4114743207
4123459559
4123418615
4116072389
4116141509
4126483925
4126483957
4126226421
4126213877
4115728117
4115732213
4115674741
4149241205
4159726709
4289782901
4289852501
4294048837
4283546695
4145132887
4145255799
4149384551
4157773173
4124218709
4115920149
4115791159
4115791143
4115914023
4149466407
4149433719
4132599623
4132581959
4132574935
4149675767
4115996407
4116004759
3579067783
3562290327
1425282231
1421153463
1421291655
1152590023
1150296135
1154495767
1148247351
1148255543
1147190549
1172552965
3353515265
3354571521
3329405713
3469841171
3468735254
3749820182
3615670054
2546113830
2539030886
2539621622
2535294150
2535257287
2534203573
3071238317
3071173037
3084793516
3080652460
3080459948
3080464045
3084660381
3074178783
2537361407
2503949790
2503945438
3497993422
3506316366
3571331406
3566874895
3585700157
3585634348
3589857324
3589860413
3493640207
3491600399
3491727630
3507390734
3511061774
4089873678
4085682518
4085687287
4153783269
3067392996
3058992100
3054798692
3071803188
3072224085
4112395205
4114492887
4051633639
4053729757
4120838540
4120137868
4153730556
4153714988
3067460396
3067517500
2991897357
2989533967
3073418574
2771829198
2755019166
2767602606
2763915950
2763268775
2763268775
2759074519
3026462215
3043239190
3043240998
2816751654
2816829462
3890669574
3883330566
4149652487
4115109637
4047815293
4047815260
1896182300
1929843245
1967601517
1950821613
1950689517
1959016671
1959008462
885463246
902176143
931533215
377885135
377876943
381718733
381714668
373334252
373334377
893627705
876787981
1950522125
1950518077
1883539751
1884588391
1897172439
1913045447
3590767558
3590734790
3594941394
3604374498
4153796578
4105497570
3031804915
3036126145
3027536337
3075770736
2522132224
2522281728
2518042368
2453538592
2453415201
2507941155
2494379046
2494431270
2495480274
2495367154
2495401650
2541522578
2519506386
2519710786
2519645379
2452028609
3525766337
3543557249
3510527877
3495899813
1893544613
1893470893
1893467629
1893473772
1893476860
1348221404
1360800157
1394424213
1377705349
3524673925
3528901589
3533079157
3535176213
3518398981
3501171203
3500974631
3500974630
3500975910
3496803618
3493596386
3491499170
3491634322
3490589826
1347298435
1355744385
1372456385
1407083265
1390068225
1388085777
1388095025
3535580725
3263015431
3258903047
2185157126
2252262934
2268939878
2516337646
2493272558
2493313518
2510086318
2510069935
2516366767
2501676463
2417266687
2417401551
2954276559
4026969807
4026920671
4047896575
4047887799
4081440151
4081537430
4089889206
3016212991
3011895791
2979325229
2979329837
2983517981
3044338972
3040210204
3074420028
3055515004
3059564892
3059696093
4141498877
4141487615
4141495679
4158612863
4124931390
4108317982
4108316938
4099793163
4115461403
3847025963
3880574315
3880635755
3847146843
3847151067
3830441435
3830310367
3830277631
3829880815
3829810927
3829815039
3854989015
4157028039
4140566487
4140570101
4140578021
4157351141
4158596327
4124976247
4116591639
4116519941
4124906757
3571348757
3566625557
3566658069
4107661877
4099199607
4026828375
4043611766
4043619190
4148541814
4148272215
4148401223
4148409413
4144207069
4144403949
4131837421
3863404031
2789629895
3863435222
3863245422
3871629934
3888407151
3855905375
3846989517
4111232733
4111298045
4115651756
4124034236
4124033164
4124037261
4123979981
4115592655
4110900727
4094123366
4099357990
4107744566
3589748023
3585421589
3587514629
3587531012
3587470644
3587497252
3583892788
3583965973
3617505111
3617492630
3604991638
3594339990
3527227030
3524601782
3541377446
3507823014
1356145063
1887502535
1888546839
1888548135
1890893095
1907666183
1906748935
1945542150
1932955222
1930743526
1912884966
1929715446
4077272551
4090834151
4086574119
4086578183
3518897166
3518905358
3523161366
3250404630
3248297238
3248050486
3248025831
3516707045
3550261420
3531375020
2453439388
3526731404
4061638284
4077300428
4043745996
1611041389
1611057773
3758516829
4032196367
4099304767
4116075567
4124524598
4149493766
4149538822
4149731350
4157002870
4152804438
4152810966
4153929175
4158123351
4149667159
4150097271
4116469111
4116468087
4116533623
4116673015
4116670463
4116150231
4107753415
4103458775
4102344551
4102356775
4106546487
4099210503
4111981831
4111914263
4149667111
4158056231
4153856535
4157981191
4148491863
4144297573
4144822245
4081894628
4090479844
4086232276
4086227396
4056936900
2974675956
2970407533
2970404653
2970472237
2974731581
2983098719
2982903135
2982772222
3033102310
3024708598
3024696278
3041604566
2504668102
3586798038
3621655670
3554612342
3554622471
3554622471
3554639109
3546119477
3545034533
4081909557
4081407253
1900369157
1900364045
1900368189
1900310831
1933848943
1917072750
1917138270
1925514590
1921336686
1938120047
1368227197
1351380428
1346723276
1342627212
1342633372
1342633364
1359345044
1363465620
1396823220
1405345012
331595252
306429940
1447210948
1463986116
1464068052
1430519284
1430453476
3577928804
3578252325
3578022199
3578011446
3613134342
3588101638
2644386342
2644390438
2644260390
2643208038
2643210238
2374774735
2378973069
2244812172
3310292124
3310292140
3343845548
3343595708
3272288460
1108027597
1108027485
1112227133
1113136621
1113144829
1113143709
1124669853
1091390877
1091519903
1074779023
1078965135
1083016143
1352500815
1354533439
1353493039
1890364269
1903143789
1915664997
1915657733
1915650565
1916781061
1916011031
1914970663
4029030693
4033225765
4037437476
4037466116
4038522884
4036270916
3515648756
3532426885
3532575367
3525194390
3527152614
1379668070
1916548134
1933454382
830352398
547236878
546057230
881593615
881592686
365694974
348477438
348607486
348279774
482595674
478392602
495038778
494969131
478194472
1015065384
893500216
889690376
856131592
839354440
839812296
571343304
571343241
571347899
588133035
567161579
596387567
579616639
579616079
848059407
852294735
839875663
839859295
823008479
806232015
818814671
814620381
814251757
814250605
814283373
818477629
290060895
290060894
290061054
290192126
290160574
1372290494
1351613886
1350958583
1350950261
1082514724
1082449700
1078259492
1090840116
1158144532
1460040524
386274252
390988251
399314362
399325610
365767098
365377690
356980954
356849882
356791498
88368202
130311177
126149912
109438248
113632552
38789432
34533640
51302665
1032495
5079342
5083430
4963606
1087084822
1351325975
1351194932
3515521284
3532307200
3528107584
3524956736
3527066308
4063896244
1916478119
1915232942
1932005806
1881671914
1887176938
1939740762
849229834
849111050
848095246
302834697
303894541
303960141
287183181
274600701
278794981
277681891
277626595
277626599
294420199
315416551
307215831
303021527
303037911
302906871
285703671
273055175
281444231
281442694
277182886
281811366
290199974
286014870
286146438
290340743
298729463
298598375
835469293
835481069
836562429
861793757
860741087
860724735
869244799
852335931
315464987
316520730
308144410
840952091
857696539
856578395
827215323
835603899
814710201
818703801
818707897
810376697
827182457
827120939
827125051
827190591
836627231
828243775
810014527
810013247
272716319
272716319
272827167
272834357
272705829
281028901
281049141
281102357
315049989
314985797
315508037
307155271
307089767
307000167
307000167
323768623
827150655
290287931
273506619
273510715
273535353
273520121
273652729
281975769
282041291
835566027
852343243
844077259
840340555
842436619
840347675
303472939
302408495
286138919
269357606
273549154
282003810
277690722
277821762
277821698
277822274
59522627
42743361
46953329
46944608
307025252
307025252
839712100
856488301
827194237
827186041
827186041
860683097
860749657
860749177
860872057
860839289
860847485
860847485
860847451
835681627
835674075
835673050
835550170
835550170
835582938
835058682
835025914
830831483
327244633
327244152
331480424
323087720
855764344
855895388
822594892
826789197
827313629
835706333
827194877
827162495
827161467
860715899
860715387
869136763
869136763
869136859
860749275
860872139
860872155
860872187
827194875
827194747
827193723
827193723
835582331
298817882
298827098
298827226
290307578
290242042
1364041210
1405853178
1401666555
1401666552
1401552888
1401634392
1405828728
1397370728
1359621992
1359620457
822806635
822609994
822873162
822920266
827168074
827306313
827307001
827176959
827178495
1364048126
1359845631
1359322367
1359302911
1342640223
1355157519
1350971917
1350968877
1352035949
1351940847
3547634351
3526658205
3526854797
3526793357
3524706191
1444320911
1964417727
4111917806
4101268014
4109132326
4121714982
4255653926
4255656994
4259846178
4248307714
1561988099
1560939777
1573531392
1468673824
394805024
378285344
374091024
369896772
386674052
286092677
286162319
273632703
281922990
281333182
298175902
297926110
331479358
331479354
331475258
398551354
398682394
365133274
365118906
344408506
344277945
344289752
344047992
348242216
67166504
67169592
68266264
243976
268605705
272795915
323454987
306563082
306697226
302936074
302936075
302936331
307114591
332280431
298594927
298595949
818683757
818700153
835672409
827324763
827193723
860682619
860682746
869136858
860872154
324001242
332398074
332398075
332398587
324009979
324009851
323843449
290411993
22008281
13627871
5222879
5092854
5021110
13474738
13220786
25803666
59489170
59415426
63600514
63579010
60437443
61486064
27865572
31993188
20719916
287058220
319555848
319572232
319094024
860222729
860345673
868664825
869256681
827313641
827325881
827325913
860749787
860749787
860741627
860872571
860880762
860876635
860843867
860716923
869096747
835542313
835538233
835673369
835714329
835710297
860744185
860748281
860735929
860720571
827301819
827307930
835696538
818394010
809870266
809873854
809874366
1883616958
1883619070
1884273405
1884207861
1880025717
1900964725
4083051797
4083037189
4091482119
4091359254
1939677486
1939154734
1908678446
1900284479
1900301151
1933856125
1934490749
1942807677
1942877517
1942999821
1934620173
1896740413
1896676909
1896668461
1628425261
1632029741
1640420413
1892021471
1891947983
1900859287
1900924599
1901043383
1934557078
1934534614
1942922711
1942992343
4056855895
4048463191
4048528711
4048401759
4047879663
3779444207
3813144814
3880245470
3863403726
3863411935
3871794671
3871630063
3871629929
3888476761
3880584792
3842776828
3775672300
3779930348
3788328172
3784262812
3784266892
1640980877
1901028813
1896314839
1879531367
1879510822
1900485942
1909929270
4090848566
4069815614
4069389598
4069317918
4136422750
3083655647
2546522591
2513107421
2496323549
2496287485
2496353021
2496209661
2492293877
2493278181
2493312495
2510088431
2547828973
2541078751
2520173903
3543586063
3541460239
3541442847
4078186798
4110688302
3578209338
1431180314
1439565002
3582856650
3582729626
3582784955
3582236041
3582236041
3586178504
3305148281
3557203577
3557207773
3586565773
3586566028
3587617213
3512517037
2434581925
2434391477
3508427605
3510520327
3509984791
3554946583
3534497543
3534692615
3534618901
3534618663
3531341863
1394352231
1344020503
1074540559
1074528271
4521991
12991767
1082530071
1082612022
1082522430
3230116622
3334908494
3336473230
3338571406
3334112926
3333067711
3334255533
2260513709
2262081964
2534711724
2434048492
2434184484
2467474693
4082347335
4090735942
4090674662
4078095846
4043493350
4043720662
4026951494
4032194310
4040630022
4038410006
4059836183
4059838781
4093578557
4091415581
1927218189
1927099420
1927029820
1942762796
1942754604
860620076
860620092
856425756
856491292
860837149
827323709
835581311
835499487
835493343
827100671
827099615
822975391
554606559
554614783
542097263
558806911
567195471
567190863
1640344959
1665449455
1665437166
1661259262
1661459918
1661402590
1665560062
1673948654
1674014062
1640979759
1640908565
1632531973
1901016581
1896677957
1879835348
1884096485
1891964389
1887731173
1887730149
1888278999
1909316551
1901067014
1934556934
1934546182
1917777182
1926096174
1921836334
1921799983
1925992061
1942425341
1934049261
1900490221
1900356845
1900291293
826610893
1908884685
1908788428
1363532252
3511008252
3511139068
3553081948
3553080844
3549401612
3280974341
3230638645
2156913443
2425222498
2430367842
2421950562
2419722482
3492415938
3509201282
1378757506
1378758274
1916606339
840713649
571265184
583852192
579129508
562401612
558216717
555089421
540338719
540338734
539335470
544573486
549424174
564104247
596542469
579773445
583442436
570795056
587570192
554146832
1627912400
1627842976
1661401760
1673940640
1670841985
1945506433
1886859907
4033287875
3505196579
3500939811
2427201825
2427201568
2481727488
2188258304
2196640768
2192443136
2191394336
2191267360
2208050720
2174500453
2178681709
2204944895
2171460095
2171468287
2171468287
2171468159
2171599199
2171599199
2171583839
2171581791
2171577727
2179839487
2179827199
2238551967
2238685087
2238691999
2272246431
2268068799
2251193309
2252224861
2199791629
2203986973
2212373565
2174689599
2174706462
2174607934
2180814446
2180812526
2171374254
2171374518
2171444150
2172631991
2169944983
2169945735
2202447495
2198192055
2199231927
2203499991
2205592903
2205608709
2166745621
